0.000000000000000000e+00
1.000667111407605066e-02
2.001334222815210132e-02
3.002001334222815371e-02
4.002668445630420263e-02
5.003335557038025155e-02
6.004002668445630742e-02
7.004669779853235634e-02
8.005336891260840526e-02
9.006004002668445418e-02
1.000667111407605031e-01
1.100733822548365520e-01
1.200800533689126148e-01
1.300867244829886638e-01
1.400933955970647127e-01
1.501000667111407616e-01
1.601067378252168105e-01
1.701134089392928594e-01
1.801200800533689084e-01
1.901267511674449573e-01
2.001334222815210062e-01
2.101400933955970551e-01
2.201467645096731041e-01
2.301534356237491530e-01
2.401601067378252297e-01
2.501667778519012786e-01
2.601734489659773275e-01
2.701801200800533764e-01
2.801867911941294254e-01
2.901934623082054743e-01
3.002001334222815232e-01
3.102068045363575721e-01
3.202134756504336210e-01
3.302201467645096700e-01
3.402268178785857189e-01
3.502334889926617678e-01
3.602401601067378167e-01
3.702468312208138657e-01
3.802535023348899146e-01
3.902601734489659635e-01
4.002668445630420124e-01
4.102735156771180614e-01
4.202801867911941103e-01
4.302868579052701592e-01
4.402935290193462081e-01
4.503002001334222570e-01
4.603068712474983060e-01
4.703135423615743549e-01
4.803202134756504593e-01
4.903268845897265082e-01
5.003335557038025572e-01
5.103402268178786061e-01
5.203468979319546550e-01
5.303535690460307039e-01
5.403602401601067529e-01
5.503669112741828018e-01
5.603735823882588507e-01
5.703802535023348996e-01
5.803869246164109486e-01
5.903935957304869975e-01
6.004002668445630464e-01
6.104069379586390953e-01
6.204136090727151442e-01
6.304202801867911932e-01
6.404269513008672421e-01
6.504336224149432910e-01
6.604402935290193399e-01
6.704469646430953889e-01
6.804536357571714378e-01
6.904603068712474867e-01
7.004669779853235356e-01
7.104736490993995845e-01
7.204803202134756335e-01
7.304869913275516824e-01
7.404936624416277313e-01
7.505003335557037802e-01
7.605070046697798292e-01
7.705136757838558781e-01
7.805203468979319270e-01
7.905270180120079759e-01
8.005336891260840249e-01
8.105403602401600738e-01
8.205470313542361227e-01
8.305537024683121716e-01
8.405603735823882205e-01
8.505670446964642695e-01
8.605737158105403184e-01
8.705803869246163673e-01
8.805870580386924162e-01
8.905937291527684652e-01
9.006004002668445141e-01
9.106070713809205630e-01
9.206137424949966119e-01
9.306204136090726609e-01
9.406270847231487098e-01
9.506337558372247587e-01
9.606404269513009186e-01
9.706470980653769676e-01
9.806537691794530165e-01
9.906604402935290654e-01
1.000667111407605114e+00
1.010673782521681163e+00
1.020680453635757212e+00
1.030687124749833261e+00
1.040693795863909310e+00
1.050700466977985359e+00
1.060707138092061408e+00
1.070713809206137457e+00
1.080720480320213506e+00
1.090727151434289555e+00
1.100733822548365604e+00
1.110740493662441652e+00
1.120747164776517701e+00
1.130753835890593750e+00
1.140760507004669799e+00
1.150767178118745848e+00
1.160773849232821897e+00
1.170780520346897946e+00
1.180787191460973995e+00
1.190793862575050044e+00
1.200800533689126093e+00
1.210807204803202142e+00
1.220813875917278191e+00
1.230820547031354240e+00
1.240827218145430288e+00
1.250833889259506337e+00
1.260840560373582386e+00
1.270847231487658435e+00
1.280853902601734484e+00
1.290860573715810533e+00
1.300867244829886582e+00
1.310873915943962631e+00
1.320880587058038680e+00
1.330887258172114729e+00
1.340893929286190778e+00
1.350900600400266827e+00
1.360907271514342876e+00
1.370913942628418924e+00
1.380920613742494973e+00
1.390927284856571022e+00
1.400933955970647071e+00
1.410940627084723120e+00
1.420947298198799169e+00
1.430953969312875218e+00
1.440960640426951267e+00
1.450967311541027316e+00
1.460973982655103365e+00
1.470980653769179414e+00
1.480987324883255463e+00
1.490993995997331512e+00
1.501000667111407560e+00
1.511007338225483609e+00
1.521014009339559658e+00
1.531020680453635707e+00
1.541027351567711756e+00
1.551034022681787805e+00
1.561040693795863854e+00
1.571047364909939903e+00
1.581054036024015952e+00
1.591060707138092001e+00
1.601067378252168050e+00
1.611074049366244099e+00
1.621080720480320148e+00
1.631087391594396196e+00
1.641094062708472245e+00
1.651100733822548294e+00
1.661107404936624343e+00
1.671114076050700392e+00
1.681120747164776441e+00
1.691127418278852490e+00
1.701134089392928539e+00
1.711140760507004588e+00
1.721147431621080637e+00
1.731154102735156686e+00
1.741160773849232735e+00
1.751167444963308784e+00
1.761174116077384832e+00
1.771180787191460881e+00
1.781187458305536930e+00
1.791194129419612979e+00
1.801200800533689028e+00
1.811207471647765077e+00
1.821214142761841126e+00
1.831220813875917175e+00
1.841227484989993224e+00
1.851234156104069273e+00
1.861240827218145322e+00
1.871247498332221371e+00
1.881254169446297420e+00
1.891260840560373468e+00
1.901267511674449517e+00
1.911274182788525566e+00
1.921280853902601837e+00
1.931287525016677886e+00
1.941294196130753935e+00
1.951300867244829984e+00
1.961307538358906033e+00
1.971314209472982082e+00
1.981320880587058131e+00
1.991327551701134180e+00
2.001334222815210229e+00
2.011340893929286278e+00
2.021347565043362327e+00
2.031354236157438375e+00
2.041360907271514424e+00
2.051367578385590473e+00
2.061374249499666522e+00
2.071380920613742571e+00
2.081387591727818620e+00
2.091394262841894669e+00
2.101400933955970718e+00
2.111407605070046767e+00
2.121414276184122816e+00
2.131420947298198865e+00
2.141427618412274914e+00
2.151434289526350963e+00
2.161440960640427011e+00
2.171447631754503060e+00
2.181454302868579109e+00
2.191460973982655158e+00
2.201467645096731207e+00
2.211474316210807256e+00
2.221480987324883305e+00
2.231487658438959354e+00
2.241494329553035403e+00
2.251501000667111452e+00
2.261507671781187501e+00
2.271514342895263550e+00
2.281521014009339599e+00
2.291527685123415647e+00
2.301534356237491696e+00
2.311541027351567745e+00
2.321547698465643794e+00
2.331554369579719843e+00
2.341561040693795892e+00
2.351567711807871941e+00
2.361574382921947990e+00
2.371581054036024039e+00
2.381587725150100088e+00
2.391594396264176137e+00
2.401601067378252186e+00
2.411607738492328235e+00
2.421614409606404283e+00
2.431621080720480332e+00
2.441627751834556381e+00
2.451634422948632430e+00
2.461641094062708479e+00
2.471647765176784528e+00
2.481654436290860577e+00
2.491661107404936626e+00
2.501667778519012675e+00
2.511674449633088724e+00
2.521681120747164773e+00
2.531687791861240822e+00
2.541694462975316871e+00
2.551701134089392919e+00
2.561707805203468968e+00
2.571714476317545017e+00
2.581721147431621066e+00
2.591727818545697115e+00
2.601734489659773164e+00
2.611741160773849213e+00
2.621747831887925262e+00
2.631754503002001311e+00
2.641761174116077360e+00
2.651767845230153409e+00
2.661774516344229458e+00
2.671781187458305507e+00
2.681787858572381555e+00
2.691794529686457604e+00
2.701801200800533653e+00
2.711807871914609702e+00
2.721814543028685751e+00
2.731821214142761800e+00
2.741827885256837849e+00
2.751834556370913898e+00
2.761841227484989947e+00
2.771847898599065996e+00
2.781854569713142045e+00
2.791861240827218094e+00
2.801867911941294143e+00
2.811874583055370191e+00
2.821881254169446240e+00
2.831887925283522289e+00
2.841894596397598338e+00
2.851901267511674387e+00
2.861907938625750436e+00
2.871914609739826485e+00
2.881921280853902534e+00
2.891927951967978583e+00
2.901934623082054632e+00
2.911941294196130681e+00
2.921947965310206730e+00
2.931954636424282779e+00
2.941961307538358827e+00
2.951967978652434876e+00
2.961974649766510925e+00
2.971981320880586974e+00
2.981987991994663023e+00
2.991994663108739072e+00
3.002001334222815121e+00
3.012008005336891170e+00
3.022014676450967219e+00
3.032021347565043268e+00
3.042028018679119317e+00
3.052034689793195366e+00
3.062041360907271415e+00
3.072048032021347463e+00
3.082054703135423512e+00
3.092061374249499561e+00
3.102068045363575610e+00
3.112074716477651659e+00
3.122081387591727708e+00
3.132088058705803757e+00
3.142094729819879806e+00
3.152101400933955855e+00
3.162108072048031904e+00
3.172114743162107953e+00
3.182121414276184002e+00
3.192128085390260051e+00
3.202134756504336099e+00
3.212141427618412148e+00
3.222148098732488197e+00
3.232154769846564246e+00
3.242161440960640295e+00
3.252168112074716344e+00
3.262174783188792393e+00
3.272181454302868442e+00
3.282188125416944491e+00
3.292194796531020540e+00
3.302201467645096589e+00
3.312208138759172638e+00
3.322214809873248687e+00
3.332221480987324735e+00
3.342228152101400784e+00
3.352234823215476833e+00
3.362241494329552882e+00
3.372248165443628931e+00
3.382254836557704980e+00
3.392261507671781029e+00
3.402268178785857078e+00
3.412274849899933127e+00
3.422281521014009176e+00
3.432288192128085225e+00
3.442294863242161274e+00
3.452301534356237322e+00
3.462308205470313371e+00
3.472314876584389420e+00
3.482321547698465469e+00
3.492328218812541518e+00
3.502334889926617567e+00
3.512341561040693616e+00
3.522348232154769665e+00
3.532354903268845714e+00
3.542361574382921763e+00
3.552368245496997812e+00
3.562374916611073861e+00
3.572381587725149910e+00
3.582388258839225958e+00
3.592394929953302007e+00
3.602401601067378056e+00
3.612408272181454105e+00
3.622414943295530154e+00
3.632421614409606203e+00
3.642428285523682252e+00
3.652434956637758301e+00
3.662441627751834350e+00
3.672448298865910399e+00
3.682454969979986448e+00
3.692461641094062497e+00
3.702468312208138546e+00
3.712474983322214594e+00
3.722481654436290643e+00
3.732488325550366692e+00
3.742494996664442741e+00
3.752501667778518790e+00
3.762508338892594839e+00
3.772515010006670888e+00
3.782521681120746937e+00
3.792528352234822986e+00
3.802535023348899035e+00
3.812541694462975084e+00
3.822548365577051133e+00
3.832555036691127182e+00
3.842561707805203675e+00
3.852568378919279724e+00
3.862575050033355772e+00
3.872581721147431821e+00
3.882588392261507870e+00
3.892595063375583919e+00
3.902601734489659968e+00
3.912608405603736017e+00
3.922615076717812066e+00
3.932621747831888115e+00
3.942628418945964164e+00
3.952635090060040213e+00
3.962641761174116262e+00
3.972648432288192311e+00
3.982655103402268360e+00
3.992661774516344408e+00
4.002668445630420457e+00
4.012675116744496506e+00
4.022681787858572555e+00
4.032688458972648604e+00
4.042695130086724653e+00
4.052701801200800702e+00
4.062708472314876751e+00
4.072715143428952800e+00
4.082721814543028849e+00
4.092728485657104898e+00
4.102735156771180947e+00
4.112741827885256996e+00
4.122748498999333044e+00
4.132755170113409093e+00
4.142761841227485142e+00
4.152768512341561191e+00
4.162775183455637240e+00
4.172781854569713289e+00
4.182788525683789338e+00
4.192795196797865387e+00
4.202801867911941436e+00
4.212808539026017485e+00
4.222815210140093534e+00
4.232821881254169583e+00
4.242828552368245631e+00
4.252835223482321680e+00
4.262841894596397729e+00
4.272848565710473778e+00
4.282855236824549827e+00
4.292861907938625876e+00
4.302868579052701925e+00
4.312875250166777974e+00
4.322881921280854023e+00
4.332888592394930072e+00
4.342895263509006121e+00
4.352901934623082170e+00
4.362908605737158219e+00
4.372915276851234267e+00
4.382921947965310316e+00
4.392928619079386365e+00
4.402935290193462414e+00
4.412941961307538463e+00
4.422948632421614512e+00
4.432955303535690561e+00
4.442961974649766610e+00
4.452968645763842659e+00
4.462975316877918708e+00
4.472981987991994757e+00
4.482988659106070806e+00
4.492995330220146855e+00
4.503002001334222903e+00
4.513008672448298952e+00
4.523015343562375001e+00
4.533022014676451050e+00
4.543028685790527099e+00
4.553035356904603148e+00
4.563042028018679197e+00
4.573048699132755246e+00
4.583055370246831295e+00
4.593062041360907344e+00
4.603068712474983393e+00
4.613075383589059442e+00
4.623082054703135491e+00
4.633088725817211539e+00
4.643095396931287588e+00
4.653102068045363637e+00
4.663108739159439686e+00
4.673115410273515735e+00
4.683122081387591784e+00
4.693128752501667833e+00
4.703135423615743882e+00
4.713142094729819931e+00
4.723148765843895980e+00
4.733155436957972029e+00
4.743162108072048078e+00
4.753168779186124127e+00
4.763175450300200175e+00
4.773182121414276224e+00
4.783188792528352273e+00
4.793195463642428322e+00
4.803202134756504371e+00
4.813208805870580420e+00
4.823215476984656469e+00
4.833222148098732518e+00
4.843228819212808567e+00
4.853235490326884616e+00
4.863242161440960665e+00
4.873248832555036714e+00
4.883255503669112763e+00
4.893262174783188811e+00
4.903268845897264860e+00
4.913275517011340909e+00
4.923282188125416958e+00
4.933288859239493007e+00
4.943295530353569056e+00
4.953302201467645105e+00
4.963308872581721154e+00
4.973315543695797203e+00
4.983322214809873252e+00
4.993328885923949301e+00
5.003335557038025350e+00
5.013342228152101399e+00
5.023348899266177447e+00
5.033355570380253496e+00
5.043362241494329545e+00
5.053368912608405594e+00
5.063375583722481643e+00
5.073382254836557692e+00
5.083388925950633741e+00
5.093395597064709790e+00
5.103402268178785839e+00
5.113408939292861888e+00
5.123415610406937937e+00
5.133422281521013986e+00
5.143428952635090035e+00
5.153435623749166083e+00
5.163442294863242132e+00
5.173448965977318181e+00
5.183455637091394230e+00
5.193462308205470279e+00
5.203468979319546328e+00
5.213475650433622377e+00
5.223482321547698426e+00
5.233488992661774475e+00
5.243495663775850524e+00
5.253502334889926573e+00
5.263509006004002622e+00
5.273515677118078671e+00
5.283522348232154719e+00
5.293529019346230768e+00
5.303535690460306817e+00
5.313542361574382866e+00
5.323549032688458915e+00
5.333555703802534964e+00
5.343562374916611013e+00
5.353569046030687062e+00
5.363575717144763111e+00
5.373582388258839160e+00
5.383589059372915209e+00
5.393595730486991258e+00
5.403602401601067307e+00
5.413609072715143355e+00
5.423615743829219404e+00
5.433622414943295453e+00
5.443629086057371502e+00
5.453635757171447551e+00
5.463642428285523600e+00
5.473649099399599649e+00
5.483655770513675698e+00
5.493662441627751747e+00
5.503669112741827796e+00
5.513675783855903845e+00
5.523682454969979894e+00
5.533689126084055943e+00
5.543695797198131991e+00
5.553702468312208040e+00
5.563709139426284089e+00
5.573715810540360138e+00
5.583722481654436187e+00
5.593729152768512236e+00
5.603735823882588285e+00
5.613742494996664334e+00
5.623749166110740383e+00
5.633755837224816432e+00
5.643762508338892481e+00
5.653769179452968530e+00
5.663775850567044579e+00
5.673782521681120627e+00
5.683789192795196676e+00
5.693795863909272725e+00
5.703802535023348774e+00
5.713809206137424823e+00
5.723815877251500872e+00
5.733822548365576921e+00
5.743829219479652970e+00
5.753835890593729019e+00
5.763842561707805068e+00
5.773849232821881117e+00
5.783855903935957166e+00
5.793862575050033215e+00
5.803869246164109263e+00
5.813875917278185312e+00
5.823882588392261361e+00
5.833889259506337410e+00
5.843895930620413459e+00
5.853902601734489508e+00
5.863909272848565557e+00
5.873915943962641606e+00
5.883922615076717655e+00
5.893929286190793704e+00
5.903935957304869753e+00
5.913942628418945802e+00
5.923949299533021851e+00
5.933955970647097899e+00
5.943962641761173948e+00
5.953969312875249997e+00
5.963975983989326046e+00
5.973982655103402095e+00
5.983989326217478144e+00
5.993995997331554193e+00
6.004002668445630242e+00
6.014009339559706291e+00
6.024016010673782340e+00
6.034022681787858389e+00
6.044029352901934438e+00
6.054036024016010487e+00
6.064042695130086535e+00
6.074049366244162584e+00
6.084056037358238633e+00
6.094062708472314682e+00
6.104069379586390731e+00
6.114076050700466780e+00
6.124082721814542829e+00
6.134089392928618878e+00
6.144096064042694927e+00
6.154102735156770976e+00
6.164109406270847025e+00
6.174116077384923074e+00
6.184122748498999123e+00
6.194129419613075171e+00
6.204136090727151220e+00
6.214142761841227269e+00
6.224149432955303318e+00
6.234156104069379367e+00
6.244162775183455416e+00
6.254169446297531465e+00
6.264176117411607514e+00
6.274182788525683563e+00
6.284189459639759612e+00
6.294196130753835661e+00
6.304202801867911710e+00
6.314209472981987759e+00
6.324216144096063807e+00
6.334222815210139856e+00
6.344229486324215905e+00
6.354236157438291954e+00
6.364242828552368003e+00
6.374249499666444052e+00
6.384256170780520101e+00
6.394262841894596150e+00
6.404269513008672199e+00
6.414276184122748248e+00
6.424282855236824297e+00
6.434289526350900346e+00
6.444296197464976395e+00
6.454302868579052443e+00
6.464309539693128492e+00
6.474316210807204541e+00
6.484322881921280590e+00
6.494329553035356639e+00
6.504336224149432688e+00
6.514342895263508737e+00
6.524349566377584786e+00
6.534356237491660835e+00
6.544362908605736884e+00
6.554369579719812933e+00
6.564376250833888982e+00
6.574382921947965031e+00
6.584389593062041079e+00
6.594396264176117128e+00
6.604402935290193177e+00
6.614409606404269226e+00
6.624416277518345275e+00
6.634422948632421324e+00
6.644429619746497373e+00
6.654436290860573422e+00
6.664442961974649471e+00
6.674449633088725520e+00
6.684456304202801569e+00
6.694462975316877618e+00
6.704469646430953667e+00
6.714476317545029715e+00
6.724482988659105764e+00
6.734489659773181813e+00
6.744496330887257862e+00
6.754503002001333911e+00
6.764509673115409960e+00
6.774516344229486009e+00
6.784523015343562058e+00
6.794529686457638107e+00
6.804536357571714156e+00
6.814543028685790205e+00
6.824549699799866254e+00
6.834556370913942303e+00
6.844563042028018351e+00
6.854569713142094400e+00
6.864576384256170449e+00
6.874583055370246498e+00
6.884589726484322547e+00
6.894596397598398596e+00
6.904603068712474645e+00
6.914609739826550694e+00
6.924616410940626743e+00
6.934623082054702792e+00
6.944629753168778841e+00
6.954636424282854890e+00
6.964643095396930939e+00
6.974649766511006987e+00
6.984656437625083036e+00
6.994663108739159085e+00
7.004669779853235134e+00
7.014676450967311183e+00
7.024683122081387232e+00
7.034689793195463281e+00
7.044696464309539330e+00
7.054703135423615379e+00
7.064709806537691428e+00
7.074716477651767477e+00
7.084723148765843526e+00
7.094729819879919575e+00
7.104736490993995623e+00
7.114743162108071672e+00
7.124749833222147721e+00
7.134756504336223770e+00
7.144763175450299819e+00
7.154769846564375868e+00
7.164776517678451917e+00
7.174783188792527966e+00
7.184789859906604015e+00
7.194796531020680064e+00
7.204803202134756113e+00
7.214809873248832162e+00
7.224816544362908211e+00
7.234823215476984259e+00
7.244829886591060308e+00
7.254836557705136357e+00
7.264843228819212406e+00
7.274849899933288455e+00
7.284856571047364504e+00
7.294863242161440553e+00
7.304869913275516602e+00
7.314876584389592651e+00
7.324883255503668700e+00
7.334889926617744749e+00
7.344896597731820798e+00
7.354903268845896847e+00
7.364909939959972895e+00
7.374916611074048944e+00
7.384923282188124993e+00
7.394929953302201042e+00
7.404936624416277091e+00
7.414943295530353140e+00
7.424949966644429189e+00
7.434956637758505238e+00
7.444963308872581287e+00
7.454969979986657336e+00
7.464976651100733385e+00
7.474983322214809434e+00
7.484989993328885483e+00
7.494996664442961531e+00
7.505003335557037580e+00
7.515010006671113629e+00
7.525016677785189678e+00
7.535023348899265727e+00
7.545030020013341776e+00
7.555036691127417825e+00
7.565043362241493874e+00
7.575050033355569923e+00
7.585056704469645972e+00
7.595063375583722021e+00
7.605070046697798070e+00
7.615076717811874119e+00
7.625083388925950167e+00
7.635090060040026216e+00
7.645096731154102265e+00
7.655103402268178314e+00
7.665110073382254363e+00
7.675116744496330412e+00
7.685123415610407349e+00
7.695130086724483398e+00
7.705136757838559447e+00
7.715143428952635496e+00
7.725150100066711545e+00
7.735156771180787594e+00
7.745163442294863643e+00
7.755170113408939692e+00
7.765176784523015741e+00
7.775183455637091789e+00
7.785190126751167838e+00
7.795196797865243887e+00
7.805203468979319936e+00
7.815210140093395985e+00
7.825216811207472034e+00
7.835223482321548083e+00
7.845230153435624132e+00
7.855236824549700181e+00
7.865243495663776230e+00
7.875250166777852279e+00
7.885256837891928328e+00
7.895263509006004377e+00
7.905270180120080425e+00
7.915276851234156474e+00
7.925283522348232523e+00
7.935290193462308572e+00
7.945296864576384621e+00
7.955303535690460670e+00
7.965310206804536719e+00
7.975316877918612768e+00
7.985323549032688817e+00
7.995330220146764866e+00
8.005336891260840915e+00
8.015343562374916075e+00
8.025350233488993013e+00
8.035356904603068173e+00
8.045363575717145110e+00
8.055370246831220271e+00
8.065376917945297208e+00
8.075383589059372369e+00
8.085390260173449306e+00
8.095396931287524467e+00
8.105403602401601404e+00
8.115410273515676565e+00
8.125416944629753502e+00
8.135423615743828663e+00
8.145430286857905600e+00
8.155436957971980760e+00
8.165443629086057697e+00
8.175450300200132858e+00
8.185456971314209795e+00
8.195463642428284956e+00
8.205470313542361893e+00
8.215476984656437054e+00
8.225483655770513991e+00
8.235490326884589152e+00
8.245496997998666089e+00
8.255503669112741250e+00
8.265510340226818187e+00
8.275517011340893347e+00
8.285523682454970285e+00
8.295530353569045445e+00
8.305537024683122382e+00
8.315543695797197543e+00
8.325550366911274480e+00
8.335557038025349641e+00
8.345563709139426578e+00
8.355570380253501739e+00
8.365577051367578676e+00
8.375583722481653837e+00
8.385590393595730774e+00
8.395597064709805935e+00
8.405603735823882872e+00
8.415610406937958032e+00
8.425617078052034969e+00
8.435623749166110130e+00
8.445630420280187067e+00
8.455637091394262228e+00
8.465643762508339165e+00
8.475650433622414326e+00
8.485657104736491263e+00
8.495663775850566424e+00
8.505670446964643361e+00
8.515677118078718522e+00
8.525683789192795459e+00
8.535690460306870619e+00
8.545697131420947557e+00
8.555703802535022717e+00
8.565710473649099654e+00
8.575717144763174815e+00
8.585723815877251752e+00
8.595730486991326913e+00
8.605737158105403850e+00
8.615743829219479011e+00
8.625750500333555948e+00
8.635757171447631109e+00
8.645763842561708046e+00
8.655770513675783207e+00
8.665777184789860144e+00
8.675783855903935304e+00
8.685790527018012241e+00
8.695797198132087402e+00
8.705803869246164339e+00
8.715810540360239500e+00
8.725817211474316437e+00
8.735823882588391598e+00
8.745830553702468535e+00
8.755837224816543696e+00
8.765843895930620633e+00
8.775850567044695794e+00
8.785857238158772731e+00
8.795863909272847891e+00
8.805870580386924829e+00
8.815877251500999989e+00
8.825883922615076926e+00
8.835890593729152087e+00
8.845897264843229024e+00
8.855903935957304185e+00
8.865910607071381122e+00
8.875917278185456283e+00
8.885923949299533220e+00
8.895930620413608381e+00
8.905937291527685318e+00
8.915943962641760479e+00
8.925950633755837416e+00
8.935957304869912576e+00
8.945963975983989513e+00
8.955970647098064674e+00
8.965977318212141611e+00
8.975983989326216772e+00
8.985990660440293709e+00
8.995997331554368870e+00
9.006004002668445807e+00
9.016010673782520968e+00
9.026017344896597905e+00
9.036024016010673066e+00
9.046030687124750003e+00
9.056037358238825163e+00
9.066044029352902101e+00
9.076050700466977261e+00
9.086057371581054198e+00
9.096064042695129359e+00
9.106070713809206296e+00
9.116077384923281457e+00
9.126084056037358394e+00
9.136090727151433555e+00
9.146097398265510492e+00
9.156104069379585653e+00
9.166110740493662590e+00
9.176117411607737751e+00
9.186124082721814688e+00
9.196130753835889848e+00
9.206137424949966785e+00
9.216144096064041946e+00
9.226150767178118883e+00
9.236157438292194044e+00
9.246164109406270981e+00
9.256170780520346142e+00
9.266177451634423079e+00
9.276184122748498240e+00
9.286190793862575177e+00
9.296197464976650338e+00
9.306204136090727275e+00
9.316210807204802435e+00
9.326217478318879373e+00
9.336224149432954533e+00
9.346230820547031470e+00
9.356237491661106631e+00
9.366244162775183568e+00
9.376250833889258729e+00
9.386257505003335666e+00
9.396264176117410827e+00
9.406270847231487764e+00
9.416277518345562925e+00
9.426284189459639862e+00
9.436290860573715022e+00
9.446297531687791960e+00
9.456304202801867120e+00
9.466310873915944057e+00
9.476317545030019218e+00
9.486324216144096155e+00
9.496330887258171316e+00
9.506337558372248253e+00
9.516344229486323414e+00
9.526350900600400351e+00
9.536357571714475512e+00
9.546364242828552449e+00
9.556370913942627610e+00
9.566377585056704547e+00
9.576384256170779707e+00
9.586390927284856645e+00
9.596397598398931805e+00
9.606404269513008742e+00
9.616410940627083903e+00
9.626417611741160840e+00
9.636424282855236001e+00
9.646430953969312938e+00
9.656437625083388099e+00
9.666444296197465036e+00
9.676450967311540197e+00
9.686457638425617134e+00
9.696464309539692294e+00
9.706470980653769232e+00
9.716477651767844392e+00
9.726484322881921329e+00
9.736490993995996490e+00
9.746497665110073427e+00
9.756504336224148588e+00
9.766511007338225525e+00
9.776517678452300686e+00
9.786524349566377623e+00
9.796531020680452784e+00
9.806537691794529721e+00
9.816544362908604882e+00
9.826551034022681819e+00
9.836557705136756979e+00
9.846564376250833917e+00
9.856571047364909077e+00
9.866577718478986014e+00
9.876584389593061175e+00
9.886591060707138112e+00
9.896597731821213273e+00
9.906604402935290210e+00
9.916611074049365371e+00
9.926617745163442308e+00
9.936624416277517469e+00
9.946631087391594406e+00
9.956637758505669566e+00
9.966644429619746504e+00
9.976651100733821664e+00
9.986657771847898601e+00
9.996664442961973762e+00
1.000667111407605070e+01
1.001667778519012586e+01
1.002668445630420280e+01
1.003669112741827796e+01
1.004669779853235489e+01
1.005670446964643006e+01
1.006671114076050699e+01
1.007671781187458215e+01
1.008672448298865909e+01
1.009673115410273425e+01
1.010673782521681119e+01
1.011674449633088635e+01
1.012675116744496329e+01
1.013675783855903845e+01
1.014676450967311538e+01
1.015677118078719054e+01
1.016677785190126748e+01
1.017678452301534264e+01
1.018679119412941958e+01
1.019679786524349474e+01
1.020680453635757168e+01
1.021681120747164684e+01
1.022681787858572378e+01
1.023682454969979894e+01
1.024683122081387587e+01
1.025683789192795281e+01
1.026684456304202797e+01
1.027685123415610491e+01
1.028685790527018007e+01
1.029686457638425701e+01
1.030687124749833217e+01
1.031687791861240910e+01
1.032688458972648426e+01
1.033689126084056120e+01
1.034689793195463636e+01
1.035690460306871330e+01
1.036691127418278846e+01
1.037691794529686540e+01
1.038692461641094056e+01
1.039693128752501750e+01
1.040693795863909266e+01
1.041694462975316959e+01
1.042695130086724475e+01
1.043695797198132169e+01
1.044696464309539685e+01
1.045697131420947379e+01
1.046697798532354895e+01
1.047698465643762589e+01
1.048699132755170105e+01
1.049699799866577798e+01
1.050700466977985315e+01
1.051701134089393008e+01
1.052701801200800524e+01
1.053702468312208218e+01
1.054703135423615734e+01
1.055703802535023428e+01
1.056704469646430944e+01
1.057705136757838638e+01
1.058705803869246154e+01
1.059706470980653847e+01
1.060707138092061363e+01
1.061707805203469057e+01
1.062708472314876573e+01
1.063709139426284267e+01
1.064709806537691783e+01
1.065710473649099477e+01
1.066711140760506993e+01
1.067711807871914687e+01
1.068712474983322203e+01
1.069713142094729896e+01
1.070713809206137412e+01
1.071714476317545106e+01
1.072715143428952622e+01
1.073715810540360316e+01
1.074716477651767832e+01
1.075717144763175526e+01
1.076717811874583042e+01
1.077718478985990735e+01
1.078719146097398252e+01
1.079719813208805945e+01
1.080720480320213461e+01
1.081721147431621155e+01
1.082721814543028671e+01
1.083722481654436365e+01
1.084723148765843881e+01
1.085723815877251575e+01
1.086724482988659091e+01
1.087725150100066784e+01
1.088725817211474300e+01
1.089726484322881994e+01
1.090727151434289510e+01
1.091727818545697204e+01
1.092728485657104720e+01
1.093729152768512414e+01
1.094729819879919930e+01
1.095730486991327624e+01
1.096731154102735140e+01
1.097731821214142833e+01
1.098732488325550349e+01
1.099733155436958043e+01
1.100733822548365559e+01
1.101734489659773253e+01
1.102735156771180769e+01
1.103735823882588463e+01
1.104736490993995979e+01
1.105737158105403672e+01
1.106737825216811189e+01
1.107738492328218882e+01
1.108739159439626398e+01
1.109739826551034092e+01
1.110740493662441608e+01
1.111741160773849302e+01
1.112741827885256818e+01
1.113742494996664512e+01
1.114743162108072028e+01
1.115743829219479721e+01
1.116744496330887237e+01
1.117745163442294931e+01
1.118745830553702447e+01
1.119746497665110141e+01
1.120747164776517657e+01
1.121747831887925351e+01
1.122748498999332867e+01
1.123749166110740560e+01
1.124749833222148077e+01
1.125750500333555770e+01
1.126751167444963286e+01
1.127751834556370980e+01
1.128752501667778496e+01
1.129753168779186190e+01
1.130753835890593706e+01
1.131754503002001400e+01
1.132755170113408916e+01
1.133755837224816609e+01
1.134756504336224125e+01
1.135757171447631819e+01
1.136757838559039335e+01
1.137758505670447029e+01
1.138759172781854545e+01
1.139759839893262239e+01
1.140760507004669755e+01
1.141761174116077449e+01
1.142761841227484965e+01
1.143762508338892658e+01
1.144763175450300174e+01
1.145763842561707868e+01
1.146764509673115384e+01
1.147765176784523078e+01
1.148765843895930594e+01
1.149766511007338288e+01
1.150767178118745804e+01
1.151767845230153497e+01
1.152768512341561014e+01
1.153769179452968707e+01
1.154769846564376223e+01
1.155770513675783917e+01
1.156771180787191433e+01
1.157771847898599127e+01
1.158772515010006643e+01
1.159773182121414337e+01
1.160773849232821853e+01
1.161774516344229546e+01
1.162775183455637062e+01
1.163775850567044756e+01
1.164776517678452272e+01
1.165777184789859966e+01
1.166777851901267482e+01
1.167778519012675176e+01
1.168779186124082692e+01
1.169779853235490386e+01
1.170780520346897902e+01
1.171781187458305595e+01
1.172781854569713111e+01
1.173782521681120805e+01
1.174783188792528321e+01
1.175783855903936015e+01
1.176784523015343531e+01
1.177785190126751225e+01
1.178785857238158741e+01
1.179786524349566434e+01
1.180787191460973951e+01
1.181787858572381644e+01
1.182788525683789160e+01
1.183789192795196854e+01
1.184789859906604370e+01
1.185790527018012064e+01
1.186791194129419580e+01
1.187791861240827274e+01
1.188792528352234790e+01
1.189793195463642483e+01
1.190793862575049999e+01
1.191794529686457693e+01
1.192795196797865209e+01
1.193795863909272903e+01
1.194796531020680419e+01
1.195797198132088113e+01
1.196797865243495629e+01
1.197798532354903323e+01
1.198799199466310839e+01
1.199799866577718532e+01
1.200800533689126048e+01
1.201801200800533742e+01
1.202801867911941258e+01
1.203802535023348952e+01
1.204803202134756468e+01
1.205803869246164162e+01
1.206804536357571678e+01
1.207805203468979371e+01
1.208805870580386888e+01
1.209806537691794581e+01
1.210807204803202097e+01
1.211807871914609791e+01
1.212808539026017307e+01
1.213809206137425001e+01
1.214809873248832517e+01
1.215810540360240211e+01
1.216811207471647727e+01
1.217811874583055420e+01
1.218812541694462936e+01
1.219813208805870630e+01
1.220813875917278146e+01
1.221814543028685840e+01
1.222815210140093356e+01
1.223815877251501050e+01
1.224816544362908566e+01
1.225817211474316260e+01
1.226817878585723776e+01
1.227818545697131469e+01
1.228819212808538985e+01
1.229819879919946679e+01
1.230820547031354195e+01
1.231821214142761889e+01
1.232821881254169405e+01
1.233822548365577099e+01
1.234823215476984615e+01
1.235823882588392308e+01
1.236824549699799825e+01
1.237825216811207518e+01
1.238825883922615034e+01
1.239826551034022728e+01
1.240827218145430244e+01
1.241827885256837938e+01
1.242828552368245454e+01
1.243829219479653148e+01
1.244829886591060664e+01
1.245830553702468357e+01
1.246831220813875873e+01
1.247831887925283567e+01
1.248832555036691083e+01
1.249833222148098777e+01
1.250833889259506293e+01
1.251834556370913987e+01
1.252835223482321503e+01
1.253835890593729196e+01
1.254836557705136713e+01
1.255837224816544406e+01
1.256837891927951922e+01
1.257838559039359616e+01
1.258839226150767132e+01
1.259839893262174826e+01
1.260840560373582342e+01
1.261841227484990036e+01
1.262841894596397552e+01
1.263842561707805245e+01
1.264843228819212761e+01
1.265843895930620455e+01
1.266844563042027971e+01
1.267845230153435665e+01
1.268845897264843181e+01
1.269846564376250875e+01
1.270847231487658391e+01
1.271847898599066085e+01
1.272848565710473601e+01
1.273849232821881294e+01
1.274849899933288810e+01
1.275850567044696504e+01
1.276851234156104020e+01
1.277851901267511714e+01
1.278852568378919230e+01
1.279853235490326924e+01
1.280853902601734440e+01
1.281854569713142133e+01
1.282855236824549650e+01
1.283855903935957343e+01
1.284856571047364859e+01
1.285857238158772553e+01
1.286857905270180069e+01
1.287858572381587763e+01
1.288859239492995279e+01
1.289859906604402973e+01
1.290860573715810489e+01
1.291861240827218182e+01
1.292861907938625698e+01
1.293862575050033392e+01
1.294863242161440908e+01
1.295863909272848602e+01
1.296864576384256118e+01
1.297865243495663812e+01
1.298865910607071328e+01
1.299866577718479022e+01
1.300867244829886538e+01
1.301867911941294231e+01
1.302868579052701747e+01
1.303869246164109441e+01
1.304869913275516957e+01
1.305870580386924651e+01
1.306871247498332167e+01
1.307871914609739861e+01
1.308872581721147377e+01
1.309873248832555070e+01
1.310873915943962587e+01
1.311874583055370280e+01
1.312875250166777796e+01
1.313875917278185490e+01
1.314876584389593006e+01
1.315877251501000700e+01
1.316877918612408216e+01
1.317878585723815910e+01
1.318879252835223426e+01
1.319879919946631119e+01
1.320880587058038635e+01
1.321881254169446329e+01
1.322881921280853845e+01
1.323882588392261539e+01
1.324883255503669055e+01
1.325883922615076749e+01
1.326884589726484265e+01
1.327885256837891959e+01
1.328885923949299475e+01
1.329886591060707168e+01
1.330887258172114684e+01
1.331887925283522378e+01
1.332888592394929894e+01
1.333889259506337588e+01
1.334889926617745104e+01
1.335890593729152798e+01
1.336891260840560314e+01
1.337891927951968007e+01
1.338892595063375524e+01
1.339893262174783217e+01
1.340893929286190733e+01
1.341894596397598427e+01
1.342895263509005943e+01
1.343895930620413637e+01
1.344896597731821153e+01
1.345897264843228847e+01
1.346897931954636363e+01
1.347898599066044056e+01
1.348899266177451572e+01
1.349899933288859266e+01
1.350900600400266782e+01
1.351901267511674476e+01
1.352901934623081992e+01
1.353902601734489686e+01
1.354903268845897202e+01
1.355903935957304896e+01
1.356904603068712412e+01
1.357905270180120105e+01
1.358905937291527621e+01
1.359906604402935315e+01
1.360907271514342831e+01
1.361907938625750525e+01
1.362908605737158041e+01
1.363909272848565735e+01
1.364909939959973251e+01
1.365910607071380944e+01
1.366911274182788461e+01
1.367911941294196154e+01
1.368912608405603670e+01
1.369913275517011364e+01
1.370913942628418880e+01
1.371914609739826574e+01
1.372915276851234090e+01
1.373915943962641784e+01
1.374916611074049300e+01
1.375917278185456993e+01
1.376917945296864509e+01
1.377918612408272203e+01
1.378919279519679719e+01
1.379919946631087413e+01
1.380920613742494929e+01
1.381921280853902623e+01
1.382921947965310139e+01
1.383922615076717832e+01
1.384923282188125349e+01
1.385923949299533042e+01
1.386924616410940558e+01
1.387925283522348252e+01
1.388925950633755768e+01
1.389926617745163462e+01
1.390927284856570978e+01
1.391927951967978672e+01
1.392928619079386188e+01
1.393929286190793881e+01
1.394929953302201397e+01
1.395930620413609091e+01
1.396931287525016607e+01
1.397931954636424301e+01
1.398932621747831817e+01
1.399933288859239511e+01
1.400933955970647027e+01
1.401934623082054721e+01
1.402935290193462237e+01
1.403935957304869930e+01
1.404936624416277446e+01
1.405937291527685140e+01
1.406937958639092656e+01
1.407938625750500350e+01
1.408939292861907866e+01
1.409939959973315560e+01
1.410940627084723076e+01
1.411941294196130769e+01
1.412941961307538286e+01
1.413942628418945979e+01
1.414943295530353495e+01
1.415943962641761189e+01
1.416944629753168705e+01
1.417945296864576399e+01
1.418945963975983915e+01
1.419946631087391609e+01
1.420947298198799125e+01
1.421947965310206818e+01
1.422948632421614334e+01
1.423949299533022028e+01
1.424949966644429544e+01
1.425950633755837238e+01
1.426951300867244754e+01
1.427951967978652448e+01
1.428952635090059964e+01
1.429953302201467658e+01
1.430953969312875174e+01
1.431954636424282867e+01
1.432955303535690383e+01
1.433955970647098077e+01
1.434956637758505593e+01
1.435957304869913287e+01
1.436957971981320803e+01
1.437958639092728497e+01
1.438959306204136013e+01
1.439959973315543706e+01
1.440960640426951223e+01
1.441961307538358916e+01
1.442961974649766432e+01
1.443962641761174126e+01
1.444963308872581642e+01
1.445963975983989336e+01
1.446964643095396852e+01
1.447965310206804546e+01
1.448965977318212062e+01
1.449966644429619755e+01
1.450967311541027271e+01
1.451967978652434965e+01
1.452968645763842481e+01
1.453969312875250175e+01
1.454969979986657691e+01
1.455970647098065385e+01
1.456971314209472901e+01
1.457971981320880595e+01
1.458972648432288111e+01
1.459973315543695804e+01
1.460973982655103320e+01
1.461974649766511014e+01
1.462975316877918530e+01
1.463975983989326224e+01
1.464976651100733740e+01
1.465977318212141434e+01
1.466977985323548950e+01
1.467978652434956643e+01
1.468979319546364160e+01
1.469979986657771853e+01
1.470980653769179369e+01
1.471981320880587063e+01
1.472981987991994579e+01
1.473982655103402273e+01
1.474983322214809789e+01
1.475983989326217483e+01
1.476984656437624999e+01
1.477985323549032692e+01
1.478985990660440208e+01
1.479986657771847902e+01
1.480987324883255418e+01
1.481987991994663112e+01
1.482988659106070628e+01
1.483989326217478322e+01
1.484989993328885838e+01
1.485990660440293532e+01
1.486991327551701048e+01
1.487991994663108741e+01
1.488992661774516257e+01
1.489993328885923951e+01
1.490993995997331467e+01
1.491994663108739161e+01
1.492995330220146677e+01
1.493995997331554371e+01
1.494996664442961887e+01
1.495997331554369580e+01
1.496997998665777097e+01
1.497998665777184790e+01
1.498999332888592306e+01
1.500000000000000000e+01
