0.000000000000000000e+00
1.000400160064025649e-02
2.000800320128051299e-02
3.001200480192076775e-02
4.001600640256102598e-02
5.002000800320128421e-02
6.002400960384153550e-02
7.002801120448179373e-02
8.003201280512205196e-02
9.003601440576231019e-02
1.000400160064025684e-01
1.100440176070428266e-01
1.200480192076830710e-01
1.300520208083233431e-01
1.400560224089635875e-01
1.500600240096038596e-01
1.600640256102441039e-01
1.700680272108843483e-01
1.800720288115246204e-01
1.900760304121648647e-01
2.000800320128051368e-01
2.100840336134453812e-01
2.200880352140856533e-01
2.300920368147258976e-01
2.400960384153661420e-01
2.501000400160063863e-01
2.601040416166466862e-01
2.701080432172869306e-01
2.801120448179271749e-01
2.901160464185674193e-01
3.001200480192077191e-01
3.101240496198479635e-01
3.201280512204882078e-01
3.301320528211284522e-01
3.401360544217686965e-01
3.501400560224089964e-01
3.601440576230492407e-01
3.701480592236894851e-01
3.801520608243297294e-01
3.901560624249700293e-01
4.001600640256102737e-01
4.101640656262505180e-01
4.201680672268907624e-01
4.301720688275310067e-01
4.401760704281713066e-01
4.501800720288115509e-01
4.601840736294517953e-01
4.701880752300920396e-01
4.801920768307322840e-01
4.901960784313725839e-01
5.002000800320127727e-01
5.102040816326530726e-01
5.202080832332933724e-01
5.302120848339335613e-01
5.402160864345738611e-01
5.502200880352141610e-01
5.602240896358543498e-01
5.702280912364946497e-01
5.802320928371348385e-01
5.902360944377751384e-01
6.002400960384154383e-01
6.102440976390556271e-01
6.202480992396959270e-01
6.302521008403361158e-01
6.402561024409764157e-01
6.502601040416167155e-01
6.602641056422569044e-01
6.702681072428972042e-01
6.802721088435373931e-01
6.902761104441776929e-01
7.002801120448179928e-01
7.102841136454581816e-01
7.202881152460984815e-01
7.302921168467386703e-01
7.402961184473789702e-01
7.503001200480192701e-01
7.603041216486594589e-01
7.703081232492997588e-01
7.803121248499400586e-01
7.903161264505802475e-01
8.003201280512205473e-01
8.103241296518607362e-01
8.203281312525010360e-01
8.303321328531413359e-01
8.403361344537815247e-01
8.503401360544218246e-01
8.603441376550620134e-01
8.703481392557023133e-01
8.803521408563426132e-01
8.903561424569828020e-01
9.003601440576231019e-01
9.103641456582632907e-01
9.203681472589035906e-01
9.303721488595438904e-01
9.403761504601840793e-01
9.503801520608243791e-01
9.603841536614645680e-01
9.703881552621048678e-01
9.803921568627451677e-01
9.903961584633853565e-01
1.000400160064025545e+00
1.010404161664665956e+00
1.020408163265306145e+00
1.030412164865946334e+00
1.040416166466586745e+00
1.050420168067226934e+00
1.060424169667867123e+00
1.070428171268507533e+00
1.080432172869147722e+00
1.090436174469787911e+00
1.100440176070428322e+00
1.110444177671068511e+00
1.120448179271708700e+00
1.130452180872348888e+00
1.140456182472989299e+00
1.150460184073629488e+00
1.160464185674269677e+00
1.170468187274910088e+00
1.180472188875550277e+00
1.190476190476190466e+00
1.200480192076830877e+00
1.210484193677471065e+00
1.220488195278111254e+00
1.230492196878751443e+00
1.240496198479391854e+00
1.250500200080032043e+00
1.260504201680672232e+00
1.270508203281312642e+00
1.280512204881952831e+00
1.290516206482593020e+00
1.300520208083233431e+00
1.310524209683873620e+00
1.320528211284513809e+00
1.330532212885154220e+00
1.340536214485794408e+00
1.350540216086434597e+00
1.360544217687074786e+00
1.370548219287715197e+00
1.380552220888355386e+00
1.390556222488995575e+00
1.400560224089635986e+00
1.410564225690276174e+00
1.420568227290916363e+00
1.430572228891556774e+00
1.440576230492196963e+00
1.450580232092837152e+00
1.460584233693477341e+00
1.470588235294117752e+00
1.480592236894757940e+00
1.490596238495398129e+00
1.500600240096038540e+00
1.510604241696678729e+00
1.520608243297318918e+00
1.530612244897959329e+00
1.540616246498599518e+00
1.550620248099239706e+00
1.560624249699880117e+00
1.570628251300520306e+00
1.580632252901160495e+00
1.590636254501800684e+00
1.600640256102441095e+00
1.610644257703081283e+00
1.620648259303721472e+00
1.630652260904361883e+00
1.640656262505002072e+00
1.650660264105642261e+00
1.660664265706282672e+00
1.670668267306922861e+00
1.680672268907563049e+00
1.690676270508203238e+00
1.700680272108843649e+00
1.710684273709483838e+00
1.720688275310124027e+00
1.730692276910764438e+00
1.740696278511404627e+00
1.750700280112044815e+00
1.760704281712685226e+00
1.770708283313325415e+00
1.780712284913965604e+00
1.790716286514606015e+00
1.800720288115246204e+00
1.810724289715886393e+00
1.820728291316526581e+00
1.830732292917166992e+00
1.840736294517807181e+00
1.850740296118447370e+00
1.860744297719087781e+00
1.870748299319727970e+00
1.880752300920368159e+00
1.890756302521008569e+00
1.900760304121648758e+00
1.910764305722288947e+00
1.920768307322929136e+00
1.930772308923569547e+00
1.940776310524209736e+00
1.950780312124849925e+00
1.960784313725490335e+00
1.970788315326130524e+00
1.980792316926770713e+00
1.990796318527411124e+00
2.000800320128051091e+00
2.010804321728691502e+00
2.020808323329331913e+00
2.030812324929971879e+00
2.040816326530612290e+00
2.050820328131252701e+00
2.060824329731892668e+00
2.070828331332533079e+00
2.080832332933173490e+00
2.090836334533813456e+00
2.100840336134453867e+00
2.110844337735094278e+00
2.120848339335734245e+00
2.130852340936374656e+00
2.140856342537015067e+00
2.150860344137655034e+00
2.160864345738295444e+00
2.170868347338935855e+00
2.180872348939575822e+00
2.190876350540216233e+00
2.200880352140856644e+00
2.210884353741496611e+00
2.220888355342137022e+00
2.230892356942776988e+00
2.240896358543417399e+00
2.250900360144057810e+00
2.260904361744697777e+00
2.270908363345338188e+00
2.280912364945978599e+00
2.290916366546618566e+00
2.300920368147258976e+00
2.310924369747899387e+00
2.320928371348539354e+00
2.330932372949179765e+00
2.340936374549820176e+00
2.350940376150460143e+00
2.360944377751100554e+00
2.370948379351740964e+00
2.380952380952380931e+00
2.390956382553021342e+00
2.400960384153661753e+00
2.410964385754301720e+00
2.420968387354942131e+00
2.430972388955582542e+00
2.440976390556222508e+00
2.450980392156862919e+00
2.460984393757502886e+00
2.470988395358143297e+00
2.480992396958783708e+00
2.490996398559423675e+00
2.501000400160064085e+00
2.511004401760704496e+00
2.521008403361344463e+00
2.531012404961984874e+00
2.541016406562625285e+00
2.551020408163265252e+00
2.561024409763905663e+00
2.571028411364546074e+00
2.581032412965186040e+00
2.591036414565826451e+00
2.601040416166466862e+00
2.611044417767106829e+00
2.621048419367747240e+00
2.631052420968387651e+00
2.641056422569027617e+00
2.651060424169668028e+00
2.661064425770308439e+00
2.671068427370948406e+00
2.681072428971588817e+00
2.691076430572228784e+00
2.701080432172869195e+00
2.711084433773509605e+00
2.721088435374149572e+00
2.731092436974789983e+00
2.741096438575430394e+00
2.751100440176070361e+00
2.761104441776710772e+00
2.771108443377351183e+00
2.781112444977991149e+00
2.791116446578631560e+00
2.801120448179271971e+00
2.811124449779911938e+00
2.821128451380552349e+00
2.831132452981192760e+00
2.841136454581832727e+00
2.851140456182473137e+00
2.861144457783113548e+00
2.871148459383753515e+00
2.881152460984393926e+00
2.891156462585034337e+00
2.901160464185674304e+00
2.911164465786314715e+00
2.921168467386954681e+00
2.931172468987595092e+00
2.941176470588235503e+00
2.951180472188875470e+00
2.961184473789515881e+00
2.971188475390156292e+00
2.981192476990796258e+00
2.991196478591436669e+00
3.001200480192077080e+00
3.011204481792717047e+00
3.021208483393357458e+00
3.031212484993997869e+00
3.041216486594637836e+00
3.051220488195278246e+00
3.061224489795918657e+00
3.071228491396558624e+00
3.081232492997199035e+00
3.091236494597839446e+00
3.101240496198479413e+00
3.111244497799119824e+00
3.121248499399760234e+00
3.131252501000400201e+00
3.141256502601040612e+00
3.151260504201680579e+00
3.161264505802320990e+00
3.171268507402961401e+00
3.181272509003601368e+00
3.191276510604241778e+00
3.201280512204882189e+00
3.211284513805522156e+00
3.221288515406162567e+00
3.231292517006802978e+00
3.241296518607442945e+00
3.251300520208083356e+00
3.261304521808723766e+00
3.271308523409363733e+00
3.281312525010004144e+00
3.291316526610644555e+00
3.301320528211284522e+00
3.311324529811924933e+00
3.321328531412565344e+00
3.331332533013205310e+00
3.341336534613845721e+00
3.351340536214486132e+00
3.361344537815126099e+00
3.371348539415766510e+00
3.381352541016406477e+00
3.391356542617046888e+00
3.401360544217687298e+00
3.411364545818327265e+00
3.421368547418967676e+00
3.431372549019608087e+00
3.441376550620248054e+00
3.451380552220888465e+00
3.461384553821528876e+00
3.471388555422168842e+00
3.481392557022809253e+00
3.491396558623449664e+00
3.501400560224089631e+00
3.511404561824730042e+00
3.521408563425370453e+00
3.531412565026010419e+00
3.541416566626650830e+00
3.551420568227291241e+00
3.561424569827931208e+00
3.571428571428571619e+00
3.581432573029212030e+00
3.591436574629851997e+00
3.601440576230492407e+00
3.611444577831132374e+00
3.621448579431772785e+00
3.631452581032413196e+00
3.641456582633053163e+00
3.651460584233693574e+00
3.661464585834333985e+00
3.671468587434973951e+00
3.681472589035614362e+00
3.691476590636254773e+00
3.701480592236894740e+00
3.711484593837535151e+00
3.721488595438175562e+00
3.731492597038815529e+00
3.741496598639455939e+00
3.751500600240096350e+00
3.761504601840736317e+00
3.771508603441376728e+00
3.781512605042017139e+00
3.791516606642657106e+00
3.801520608243297517e+00
3.811524609843937927e+00
3.821528611444577894e+00
3.831532613045218305e+00
3.841536614645858272e+00
3.851540616246498683e+00
3.861544617847139094e+00
3.871548619447779060e+00
3.881552621048419471e+00
3.891556622649059882e+00
3.901560624249699849e+00
3.911564625850340260e+00
3.921568627450980671e+00
3.931572629051620638e+00
3.941576630652261048e+00
3.951580632252901459e+00
3.961584633853541426e+00
3.971588635454181837e+00
3.981592637054822248e+00
3.991596638655462215e+00
4.001600640256102182e+00
4.011604641856743036e+00
4.021608643457383003e+00
4.031612645058022970e+00
4.041616646658663825e+00
4.051620648259303792e+00
4.061624649859943759e+00
4.071628651460584614e+00
4.081632653061224580e+00
4.091636654661864547e+00
4.101640656262505402e+00
4.111644657863145369e+00
4.121648659463785336e+00
4.131652661064426191e+00
4.141656662665066158e+00
4.151660664265706124e+00
4.161664665866346979e+00
4.171668667466986946e+00
4.181672669067626913e+00
4.191676670668267768e+00
4.201680672268907735e+00
4.211684673869547701e+00
4.221688675470188556e+00
4.231692677070828523e+00
4.241696678671468490e+00
4.251700680272109345e+00
4.261704681872749312e+00
4.271708683473389279e+00
4.281712685074030134e+00
4.291716686674670100e+00
4.301720688275310067e+00
4.311724689875950922e+00
4.321728691476590889e+00
4.331732693077230856e+00
4.341736694677871711e+00
4.351740696278511678e+00
4.361744697879151644e+00
4.371748699479792499e+00
4.381752701080432466e+00
4.391756702681072433e+00
4.401760704281713288e+00
4.411764705882353255e+00
4.421768707482993221e+00
4.431772709083633188e+00
4.441776710684274043e+00
4.451780712284914010e+00
4.461784713885553977e+00
4.471788715486194832e+00
4.481792717086834799e+00
4.491796718687474765e+00
4.501800720288115620e+00
4.511804721888755587e+00
4.521808723489395554e+00
4.531812725090036409e+00
4.541816726690676376e+00
4.551820728291316343e+00
4.561824729891957197e+00
4.571828731492597164e+00
4.581832733093237131e+00
4.591836734693877986e+00
4.601840736294517953e+00
4.611844737895157920e+00
4.621848739495798775e+00
4.631852741096438741e+00
4.641856742697078708e+00
4.651860744297719563e+00
4.661864745898359530e+00
4.671868747498999497e+00
4.681872749099640352e+00
4.691876750700280319e+00
4.701880752300920285e+00
4.711884753901561140e+00
4.721888755502201107e+00
4.731892757102841074e+00
4.741896758703481929e+00
4.751900760304121896e+00
4.761904761904761862e+00
4.771908763505402717e+00
4.781912765106042684e+00
4.791916766706682651e+00
4.801920768307323506e+00
4.811924769907963473e+00
4.821928771508603440e+00
4.831932773109244295e+00
4.841936774709884261e+00
4.851940776310524228e+00
4.861944777911165083e+00
4.871948779511805050e+00
4.881952781112445017e+00
4.891956782713084984e+00
4.901960784313725839e+00
4.911964785914365805e+00
4.921968787515005772e+00
4.931972789115646627e+00
4.941976790716286594e+00
4.951980792316926561e+00
4.961984793917567416e+00
4.971988795518207382e+00
4.981992797118847349e+00
4.991996798719488204e+00
5.002000800320128171e+00
5.012004801920768138e+00
5.022008803521408993e+00
5.032012805122048960e+00
5.042016806722688926e+00
5.052020808323329781e+00
5.062024809923969748e+00
5.072028811524609715e+00
5.082032813125250570e+00
5.092036814725890537e+00
5.102040816326530503e+00
5.112044817927171358e+00
5.122048819527811325e+00
5.132052821128451292e+00
5.142056822729092147e+00
5.152060824329732114e+00
5.162064825930372081e+00
5.172068827531012936e+00
5.182072829131652902e+00
5.192076830732292869e+00
5.202080832332933724e+00
5.212084833933573691e+00
5.222088835534213658e+00
5.232092837134854513e+00
5.242096838735494480e+00
5.252100840336134446e+00
5.262104841936775301e+00
5.272108843537415268e+00
5.282112845138055235e+00
5.292116846738696090e+00
5.302120848339336057e+00
5.312124849939976023e+00
5.322128851540616878e+00
5.332132853141256845e+00
5.342136854741896812e+00
5.352140856342537667e+00
5.362144857943177634e+00
5.372148859543817601e+00
5.382152861144457567e+00
5.392156862745098422e+00
5.402160864345738389e+00
5.412164865946378356e+00
5.422168867547019211e+00
5.432172869147659178e+00
5.442176870748299145e+00
5.452180872348939999e+00
5.462184873949579966e+00
5.472188875550219933e+00
5.482192877150860788e+00
5.492196878751500755e+00
5.502200880352140722e+00
5.512204881952781577e+00
5.522208883553421543e+00
5.532212885154061510e+00
5.542216886754702365e+00
5.552220888355342332e+00
5.562224889955982299e+00
5.572228891556623154e+00
5.582232893157263121e+00
5.592236894757903087e+00
5.602240896358543942e+00
5.612244897959183909e+00
5.622248899559823876e+00
5.632252901160464731e+00
5.642256902761104698e+00
5.652260904361744664e+00
5.662264905962385519e+00
5.672268907563025486e+00
5.682272909163665453e+00
5.692276910764306308e+00
5.702280912364946275e+00
5.712284913965586242e+00
5.722288915566227097e+00
5.732292917166867063e+00
5.742296918767507030e+00
5.752300920368147885e+00
5.762304921968787852e+00
5.772308923569427819e+00
5.782312925170068674e+00
5.792316926770708641e+00
5.802320928371348607e+00
5.812324929971989462e+00
5.822328931572629429e+00
5.832332933173269396e+00
5.842336934773909363e+00
5.852340936374550218e+00
5.862344937975190184e+00
5.872348939575830151e+00
5.882352941176471006e+00
5.892356942777110973e+00
5.902360944377750940e+00
5.912364945978391795e+00
5.922368947579031762e+00
5.932372949179671728e+00
5.942376950780312583e+00
5.952380952380952550e+00
5.962384953981592517e+00
5.972388955582233372e+00
5.982392957182873339e+00
5.992396958783513305e+00
6.002400960384154160e+00
6.012404961984794127e+00
6.022408963585434094e+00
6.032412965186074949e+00
6.042416966786714916e+00
6.052420968387354883e+00
6.062424969987995738e+00
6.072428971588635704e+00
6.082432973189275671e+00
6.092436974789916526e+00
6.102440976390556493e+00
6.112444977991196460e+00
6.122448979591837315e+00
6.132452981192477282e+00
6.142456982793117248e+00
6.152460984393758103e+00
6.162464985994398070e+00
6.172468987595038037e+00
6.182472989195678892e+00
6.192476990796318859e+00
6.202480992396958825e+00
6.212484993997599680e+00
6.222488995598239647e+00
6.232492997198879614e+00
6.242496998799520469e+00
6.252501000400160436e+00
6.262505002000800403e+00
6.272509003601441258e+00
6.282513005202081224e+00
6.292517006802721191e+00
6.302521008403361158e+00
6.312525010004002013e+00
6.322529011604641980e+00
6.332533013205281947e+00
6.342537014805922801e+00
6.352541016406562768e+00
6.362545018007202735e+00
6.372549019607843590e+00
6.382553021208483557e+00
6.392557022809123524e+00
6.402561024409764379e+00
6.412565026010404345e+00
6.422569027611044312e+00
6.432573029211685167e+00
6.442577030812325134e+00
6.452581032412965101e+00
6.462585034013605956e+00
6.472589035614245923e+00
6.482593037214885889e+00
6.492597038815526744e+00
6.502601040416166711e+00
6.512605042016806678e+00
6.522609043617447533e+00
6.532613045218087500e+00
6.542617046818727466e+00
6.552621048419368321e+00
6.562625050020008288e+00
6.572629051620648255e+00
6.582633053221289110e+00
6.592637054821929077e+00
6.602641056422569044e+00
6.612645058023209899e+00
6.622649059623849865e+00
6.632653061224489832e+00
6.642657062825130687e+00
6.652661064425770654e+00
6.662665066026410621e+00
6.672669067627051476e+00
6.682673069227691443e+00
6.692677070828331409e+00
6.702681072428972264e+00
6.712685074029612231e+00
6.722689075630252198e+00
6.732693077230893053e+00
6.742697078831533020e+00
6.752701080432172986e+00
6.762705082032812953e+00
6.772709083633453808e+00
6.782713085234093775e+00
6.792717086834733742e+00
6.802721088435374597e+00
6.812725090036014564e+00
6.822729091636654530e+00
6.832733093237295385e+00
6.842737094837935352e+00
6.852741096438575319e+00
6.862745098039216174e+00
6.872749099639856141e+00
6.882753101240496107e+00
6.892757102841136962e+00
6.902761104441776929e+00
6.912765106042416896e+00
6.922769107643057751e+00
6.932773109243697718e+00
6.942777110844337685e+00
6.952781112444978540e+00
6.962785114045618506e+00
6.972789115646258473e+00
6.982793117246899328e+00
6.992797118847539295e+00
7.002801120448179262e+00
7.012805122048820117e+00
7.022809123649460084e+00
7.032813125250100050e+00
7.042817126850740905e+00
7.052821128451380872e+00
7.062825130052020839e+00
7.072829131652661694e+00
7.082833133253301661e+00
7.092837134853941627e+00
7.102841136454582482e+00
7.112845138055222449e+00
7.122849139655862416e+00
7.132853141256503271e+00
7.142857142857143238e+00
7.152861144457783205e+00
7.162865146058424060e+00
7.172869147659064026e+00
7.182873149259703993e+00
7.192877150860344848e+00
7.202881152460984815e+00
7.212885154061624782e+00
7.222889155662264749e+00
7.232893157262905603e+00
7.242897158863545570e+00
7.252901160464185537e+00
7.262905162064826392e+00
7.272909163665466359e+00
7.282913165266106326e+00
7.292917166866747181e+00
7.302921168467387147e+00
7.312925170068027114e+00
7.322929171668667969e+00
7.332933173269307936e+00
7.342937174869947903e+00
7.352941176470588758e+00
7.362945178071228725e+00
7.372949179671868691e+00
7.382953181272509546e+00
7.392957182873149513e+00
7.402961184473789480e+00
7.412965186074430335e+00
7.422969187675070302e+00
7.432973189275710268e+00
7.442977190876351123e+00
7.452981192476991090e+00
7.462985194077631057e+00
7.472989195678271912e+00
7.482993197278911879e+00
7.492997198879551846e+00
7.503001200480192701e+00
7.513005202080832667e+00
7.523009203681472634e+00
7.533013205282113489e+00
7.543017206882753456e+00
7.553021208483393423e+00
7.563025210084034278e+00
7.573029211684674245e+00
7.583033213285314211e+00
7.593037214885955066e+00
7.603041216486595033e+00
7.613045218087235000e+00
7.623049219687875855e+00
7.633053221288515822e+00
7.643057222889155788e+00
7.653061224489796643e+00
7.663065226090436610e+00
7.673069227691076577e+00
7.683073229291716544e+00
7.693077230892357399e+00
7.703081232492997366e+00
7.713085234093637332e+00
7.723089235694278187e+00
7.733093237294918154e+00
7.743097238895558121e+00
7.753101240496198976e+00
7.763105242096838943e+00
7.773109243697478909e+00
7.783113245298119764e+00
7.793117246898759731e+00
7.803121248499399698e+00
7.813125250100040553e+00
7.823129251700680520e+00
7.833133253301320487e+00
7.843137254901961342e+00
7.853141256502601308e+00
7.863145258103241275e+00
7.873149259703882130e+00
7.883153261304522097e+00
7.893157262905162064e+00
7.903161264505802919e+00
7.913165266106442886e+00
7.923169267707082852e+00
7.933173269307723707e+00
7.943177270908363674e+00
7.953181272509003641e+00
7.963185274109644496e+00
7.973189275710284463e+00
7.983193277310924429e+00
7.993197278911565284e+00
8.003201280512204363e+00
8.013205282112846106e+00
8.023209283713486073e+00
8.033213285314126040e+00
8.043217286914766007e+00
8.053221288515405973e+00
8.063225290116045940e+00
8.073229291716687683e+00
8.083233293317327650e+00
8.093237294917967617e+00
8.103241296518607584e+00
8.113245298119247551e+00
8.123249299719887517e+00
8.133253301320529260e+00
8.143257302921169227e+00
8.153261304521809194e+00
8.163265306122449161e+00
8.173269307723089128e+00
8.183273309323729094e+00
8.193277310924370838e+00
8.203281312525010804e+00
8.213285314125650771e+00
8.223289315726290738e+00
8.233293317326930705e+00
8.243297318927570672e+00
8.253301320528212415e+00
8.263305322128852382e+00
8.273309323729492348e+00
8.283313325330132315e+00
8.293317326930772282e+00
8.303321328531412249e+00
8.313325330132053992e+00
8.323329331732693959e+00
8.333333333333333925e+00
8.343337334933973892e+00
8.353341336534613859e+00
8.363345338135253826e+00
8.373349339735895569e+00
8.383353341336535536e+00
8.393357342937175503e+00
8.403361344537815469e+00
8.413365346138455436e+00
8.423369347739095403e+00
8.433373349339735370e+00
8.443377350940377113e+00
8.453381352541017080e+00
8.463385354141657047e+00
8.473389355742297013e+00
8.483393357342936980e+00
8.493397358943576947e+00
8.503401360544218690e+00
8.513405362144858657e+00
8.523409363745498624e+00
8.533413365346138590e+00
8.543417366946778557e+00
8.553421368547418524e+00
8.563425370148060267e+00
8.573429371748700234e+00
8.583433373349340201e+00
8.593437374949980168e+00
8.603441376550620134e+00
8.613445378151260101e+00
8.623449379751901844e+00
8.633453381352541811e+00
8.643457382953181778e+00
8.653461384553821745e+00
8.663465386154461711e+00
8.673469387755101678e+00
8.683473389355743421e+00
8.693477390956383388e+00
8.703481392557023355e+00
8.713485394157663322e+00
8.723489395758303289e+00
8.733493397358943255e+00
8.743497398959584999e+00
8.753501400560224965e+00
8.763505402160864932e+00
8.773509403761504899e+00
8.783513405362144866e+00
8.793517406962784833e+00
8.803521408563426576e+00
8.813525410164066543e+00
8.823529411764706509e+00
8.833533413365346476e+00
8.843537414965986443e+00
8.853541416566626410e+00
8.863545418167266376e+00
8.873549419767908120e+00
8.883553421368548086e+00
8.893557422969188053e+00
8.903561424569828020e+00
8.913565426170467987e+00
8.923569427771107954e+00
8.933573429371749697e+00
8.943577430972389664e+00
8.953581432573029630e+00
8.963585434173669597e+00
8.973589435774309564e+00
8.983593437374949531e+00
8.993597438975591274e+00
9.003601440576231241e+00
9.013605442176871207e+00
9.023609443777511174e+00
9.033613445378151141e+00
9.043617446978791108e+00
9.053621448579432851e+00
9.063625450180072818e+00
9.073629451780712785e+00
9.083633453381352751e+00
9.093637454981992718e+00
9.103641456582632685e+00
9.113645458183274428e+00
9.123649459783914395e+00
9.133653461384554362e+00
9.143657462985194329e+00
9.153661464585834295e+00
9.163665466186474262e+00
9.173669467787116005e+00
9.183673469387755972e+00
9.193677470988395939e+00
9.203681472589035906e+00
9.213685474189675872e+00
9.223689475790315839e+00
9.233693477390957582e+00
9.243697478991597549e+00
9.253701480592237516e+00
9.263705482192877483e+00
9.273709483793517450e+00
9.283713485394157416e+00
9.293717486994799160e+00
9.303721488595439126e+00
9.313725490196079093e+00
9.323729491796719060e+00
9.333733493397359027e+00
9.343737494997998994e+00
9.353741496598638960e+00
9.363745498199280703e+00
9.373749499799920670e+00
9.383753501400560637e+00
9.393757503001200604e+00
9.403761504601840571e+00
9.413765506202480537e+00
9.423769507803122281e+00
9.433773509403762247e+00
9.443777511004402214e+00
9.453781512605042181e+00
9.463785514205682148e+00
9.473789515806322115e+00
9.483793517406963858e+00
9.493797519007603825e+00
9.503801520608243791e+00
9.513805522208883758e+00
9.523809523809523725e+00
9.533813525410163692e+00
9.543817527010805435e+00
9.553821528611445402e+00
9.563825530212085368e+00
9.573829531812725335e+00
9.583833533413365302e+00
9.593837535014005269e+00
9.603841536614647012e+00
9.613845538215286979e+00
9.623849539815926946e+00
9.633853541416566912e+00
9.643857543017206879e+00
9.653861544617846846e+00
9.663865546218488589e+00
9.673869547819128556e+00
9.683873549419768523e+00
9.693877551020408490e+00
9.703881552621048456e+00
9.713885554221688423e+00
9.723889555822330166e+00
9.733893557422970133e+00
9.743897559023610100e+00
9.753901560624250067e+00
9.763905562224890033e+00
9.773909563825530000e+00
9.783913565426169967e+00
9.793917567026811710e+00
9.803921568627451677e+00
9.813925570228091644e+00
9.823929571828731611e+00
9.833933573429371577e+00
9.843937575030011544e+00
9.853941576630653287e+00
9.863945578231293254e+00
9.873949579831933221e+00
9.883953581432573188e+00
9.893957583033213155e+00
9.903961584633853121e+00
9.913965586234494864e+00
9.923969587835134831e+00
9.933973589435774798e+00
9.943977591036414765e+00
9.953981592637054732e+00
9.963985594237694698e+00
9.973989595838336442e+00
9.983993597438976408e+00
9.993997599039616375e+00
1.000400160064025634e+01
1.001400560224089631e+01
1.002400960384153628e+01
1.003401360544217802e+01
1.004401760704281799e+01
1.005402160864345795e+01
1.006402561024409792e+01
1.007402961184473789e+01
1.008403361344537785e+01
1.009403761504601960e+01
1.010404161664665956e+01
1.011404561824729953e+01
1.012404961984793950e+01
1.013405362144857946e+01
1.014405762304921943e+01
1.015406162464986117e+01
1.016406562625050114e+01
1.017406962785114111e+01
1.018407362945178107e+01
1.019407763105242104e+01
1.020408163265306101e+01
1.021408563425370275e+01
1.022408963585434272e+01
1.023409363745498268e+01
1.024409763905562265e+01
1.025410164065626262e+01
1.026410564225690258e+01
1.027410964385754255e+01
1.028411364545818429e+01
1.029411764705882426e+01
1.030412164865946423e+01
1.031412565026010419e+01
1.032412965186074416e+01
1.033413365346138413e+01
1.034413765506202587e+01
1.035414165666266584e+01
1.036414565826330580e+01
1.037414965986394577e+01
1.038415366146458574e+01
1.039415766306522571e+01
1.040416166466586745e+01
1.041416566626650742e+01
1.042416966786714738e+01
1.043417366946778735e+01
1.044417767106842732e+01
1.045418167266906728e+01
1.046418567426970903e+01
1.047418967587034899e+01
1.048419367747098896e+01
1.049419767907162893e+01
1.050420168067226889e+01
1.051420568227290886e+01
1.052420968387355060e+01
1.053421368547419057e+01
1.054421768707483054e+01
1.055422168867547050e+01
1.056422569027611047e+01
1.057422969187675044e+01
1.058423369347739218e+01
1.059423769507803215e+01
1.060424169667867211e+01
1.061424569827931208e+01
1.062424969987995205e+01
1.063425370148059201e+01
1.064425770308123376e+01
1.065426170468187372e+01
1.066426570628251369e+01
1.067426970788315366e+01
1.068427370948379362e+01
1.069427771108443359e+01
1.070428171268507533e+01
1.071428571428571530e+01
1.072428971588635527e+01
1.073429371748699523e+01
1.074429771908763520e+01
1.075430172068827517e+01
1.076430572228891513e+01
1.077430972388955688e+01
1.078431372549019684e+01
1.079431772709083681e+01
1.080432172869147678e+01
1.081432573029211675e+01
1.082432973189275671e+01
1.083433373349339846e+01
1.084433773509403842e+01
1.085434173669467839e+01
1.086434573829531836e+01
1.087434973989595832e+01
1.088435374149659829e+01
1.089435774309724003e+01
1.090436174469788000e+01
1.091436574629851997e+01
1.092436974789915993e+01
1.093437374949979990e+01
1.094437775110043987e+01
1.095438175270108161e+01
1.096438575430172158e+01
1.097438975590236154e+01
1.098439375750300151e+01
1.099439775910364148e+01
1.100440176070428144e+01
1.101440576230492319e+01
1.102440976390556315e+01
1.103441376550620312e+01
1.104441776710684309e+01
1.105442176870748305e+01
1.106442577030812302e+01
1.107442977190876476e+01
1.108443377350940473e+01
1.109443777511004470e+01
1.110444177671068466e+01
1.111444577831132463e+01
1.112444977991196460e+01
1.113445378151260634e+01
1.114445778311324631e+01
1.115446178471388627e+01
1.116446578631452624e+01
1.117446978791516621e+01
1.118447378951580617e+01
1.119447779111644614e+01
1.120448179271708788e+01
1.121448579431772785e+01
1.122448979591836782e+01
1.123449379751900779e+01
1.124449779911964775e+01
1.125450180072028772e+01
1.126450580232092946e+01
1.127450980392156943e+01
1.128451380552220940e+01
1.129451780712284936e+01
1.130452180872348933e+01
1.131452581032412930e+01
1.132452981192477104e+01
1.133453381352541101e+01
1.134453781512605097e+01
1.135454181672669094e+01
1.136454581832733091e+01
1.137454981992797087e+01
1.138455382152861262e+01
1.139455782312925258e+01
1.140456182472989255e+01
1.141456582633053252e+01
1.142456982793117248e+01
1.143457382953181245e+01
1.144457783113245419e+01
1.145458183273309416e+01
1.146458583433373413e+01
1.147458983593437409e+01
1.148459383753501406e+01
1.149459783913565403e+01
1.150460184073629577e+01
1.151460584233693574e+01
1.152460984393757570e+01
1.153461384553821567e+01
1.154461784713885564e+01
1.155462184873949560e+01
1.156462585034013735e+01
1.157462985194077731e+01
1.158463385354141728e+01
1.159463785514205725e+01
1.160464185674269721e+01
1.161464585834333718e+01
1.162464985994397892e+01
1.163465386154461889e+01
1.164465786314525886e+01
1.165466186474589882e+01
1.166466586634653879e+01
1.167466986794717876e+01
1.168467386954781873e+01
1.169467787114846047e+01
1.170468187274910044e+01
1.171468587434974040e+01
1.172468987595038037e+01
1.173469387755102034e+01
1.174469787915166030e+01
1.175470188075230205e+01
1.176470588235294201e+01
1.177470988395358198e+01
1.178471388555422195e+01
1.179471788715486191e+01
1.180472188875550188e+01
1.181472589035614362e+01
1.182472989195678359e+01
1.183473389355742356e+01
1.184473789515806352e+01
1.185474189675870349e+01
1.186474589835934346e+01
1.187474989995998520e+01
1.188475390156062517e+01
1.189475790316126513e+01
1.190476190476190510e+01
1.191476590636254507e+01
1.192476990796318503e+01
1.193477390956382678e+01
1.194477791116446674e+01
1.195478191276510671e+01
1.196478591436574668e+01
1.197478991596638664e+01
1.198479391756702661e+01
1.199479791916766835e+01
1.200480192076830832e+01
1.201480592236894829e+01
1.202480992396958825e+01
1.203481392557022822e+01
1.204481792717086819e+01
1.205482192877150993e+01
1.206482593037214990e+01
1.207482993197278986e+01
1.208483393357342983e+01
1.209483793517406980e+01
1.210484193677470977e+01
1.211484593837534973e+01
1.212484993997599148e+01
1.213485394157663144e+01
1.214485794317727141e+01
1.215486194477791138e+01
1.216486594637855134e+01
1.217486994797919131e+01
1.218487394957983305e+01
1.219487795118047302e+01
1.220488195278111299e+01
1.221488595438175295e+01
1.222488995598239292e+01
1.223489395758303289e+01
1.224489795918367463e+01
1.225490196078431460e+01
1.226490596238495456e+01
1.227490996398559453e+01
1.228491396558623450e+01
1.229491796718687446e+01
1.230492196878751621e+01
1.231492597038815617e+01
1.232492997198879614e+01
1.233493397358943611e+01
1.234493797519007607e+01
1.235494197679071604e+01
1.236494597839135778e+01
1.237494997999199775e+01
1.238495398159263772e+01
1.239495798319327768e+01
1.240496198479391765e+01
1.241496598639455762e+01
1.242496998799519936e+01
1.243497398959583933e+01
1.244497799119647929e+01
1.245498199279711926e+01
1.246498599439775923e+01
1.247498999599839919e+01
1.248499399759904094e+01
1.249499799919968090e+01
1.250500200080032087e+01
1.251500600240096084e+01
1.252501000400160081e+01
1.253501400560224077e+01
1.254501800720288252e+01
1.255502200880352248e+01
1.256502601040416245e+01
1.257503001200480242e+01
1.258503401360544238e+01
1.259503801520608235e+01
1.260504201680672232e+01
1.261504601840736406e+01
1.262505002000800403e+01
1.263505402160864399e+01
1.264505802320928396e+01
1.265506202480992393e+01
1.266506602641056389e+01
1.267507002801120564e+01
1.268507402961184560e+01
1.269507803121248557e+01
1.270508203281312554e+01
1.271508603441376550e+01
1.272509003601440547e+01
1.273509403761504721e+01
1.274509803921568718e+01
1.275510204081632715e+01
1.276510604241696711e+01
1.277511004401760708e+01
1.278511404561824705e+01
1.279511804721888879e+01
1.280512204881952876e+01
1.281512605042016872e+01
1.282513005202080869e+01
1.283513405362144866e+01
1.284513805522208862e+01
1.285514205682273037e+01
1.286514605842337033e+01
1.287515006002401030e+01
1.288515406162465027e+01
1.289515806322529023e+01
1.290516206482593020e+01
1.291516606642657194e+01
1.292517006802721191e+01
1.293517406962785188e+01
1.294517807122849185e+01
1.295518207282913181e+01
1.296518607442977178e+01
1.297519007603041352e+01
1.298519407763105349e+01
1.299519807923169346e+01
1.300520208083233342e+01
1.301520608243297339e+01
1.302521008403361336e+01
1.303521408563425510e+01
1.304521808723489507e+01
1.305522208883553503e+01
1.306522609043617500e+01
1.307523009203681497e+01
1.308523409363745493e+01
1.309523809523809490e+01
1.310524209683873664e+01
1.311524609843937661e+01
1.312525010004001658e+01
1.313525410164065654e+01
1.314525810324129651e+01
1.315526210484193648e+01
1.316526610644257822e+01
1.317527010804321819e+01
1.318527410964385815e+01
1.319527811124449812e+01
1.320528211284513809e+01
1.321528611444577805e+01
1.322529011604641980e+01
1.323529411764705976e+01
1.324529811924769973e+01
1.325530212084833970e+01
1.326530612244897966e+01
1.327531012404961963e+01
1.328531412565026137e+01
1.329531812725090134e+01
1.330532212885154131e+01
1.331532613045218127e+01
1.332533013205282124e+01
1.333533413365346121e+01
1.334533813525410295e+01
1.335534213685474292e+01
1.336534613845538289e+01
1.337535014005602285e+01
1.338535414165666282e+01
1.339535814325730279e+01
1.340536214485794453e+01
1.341536614645858450e+01
1.342537014805922446e+01
1.343537414965986443e+01
1.344537815126050440e+01
1.345538215286114436e+01
1.346538615446178611e+01
1.347539015606242607e+01
1.348539415766306604e+01
1.349539815926370601e+01
1.350540216086434597e+01
1.351540616246498594e+01
1.352541016406562591e+01
1.353541416566626765e+01
1.354541816726690762e+01
1.355542216886754758e+01
1.356542617046818755e+01
1.357543017206882752e+01
1.358543417366946748e+01
1.359543817527010923e+01
1.360544217687074919e+01
1.361544617847138916e+01
1.362545018007202913e+01
1.363545418167266909e+01
1.364545818327330906e+01
1.365546218487395080e+01
1.366546618647459077e+01
1.367547018807523074e+01
1.368547418967587070e+01
1.369547819127651067e+01
1.370548219287715064e+01
1.371548619447779238e+01
1.372549019607843235e+01
1.373549419767907231e+01
1.374549819927971228e+01
1.375550220088035225e+01
1.376550620248099221e+01
1.377551020408163396e+01
1.378551420568227392e+01
1.379551820728291389e+01
1.380552220888355386e+01
1.381552621048419383e+01
1.382553021208483379e+01
1.383553421368547554e+01
1.384553821528611550e+01
1.385554221688675547e+01
1.386554621848739544e+01
1.387555022008803540e+01
1.388555422168867537e+01
1.389555822328931711e+01
1.390556222488995708e+01
1.391556622649059705e+01
1.392557022809123701e+01
1.393557422969187698e+01
1.394557823129251695e+01
1.395558223289315869e+01
1.396558623449379866e+01
1.397559023609443862e+01
1.398559423769507859e+01
1.399559823929571856e+01
1.400560224089635852e+01
1.401560624249699849e+01
1.402561024409764023e+01
1.403561424569828020e+01
1.404561824729892017e+01
1.405562224889956013e+01
1.406562625050020010e+01
1.407563025210084007e+01
1.408563425370148181e+01
1.409563825530212178e+01
1.410564225690276174e+01
1.411564625850340171e+01
1.412565026010404168e+01
1.413565426170468164e+01
1.414565826330532339e+01
1.415566226490596335e+01
1.416566626650660332e+01
1.417567026810724329e+01
1.418567426970788325e+01
1.419567827130852322e+01
1.420568227290916496e+01
1.421568627450980493e+01
1.422569027611044490e+01
1.423569427771108487e+01
1.424569827931172483e+01
1.425570228091236480e+01
1.426570628251300654e+01
1.427571028411364651e+01
1.428571428571428648e+01
1.429571828731492644e+01
1.430572228891556641e+01
1.431572629051620638e+01
1.432573029211684812e+01
1.433573429371748809e+01
1.434573829531812805e+01
1.435574229691876802e+01
1.436574629851940799e+01
1.437575030012004795e+01
1.438575430172068970e+01
1.439575830332132966e+01
1.440576230492196963e+01
1.441576630652260960e+01
1.442577030812324956e+01
1.443577430972388953e+01
1.444577831132452950e+01
1.445578231292517124e+01
1.446578631452581121e+01
1.447579031612645117e+01
1.448579431772709114e+01
1.449579831932773111e+01
1.450580232092837107e+01
1.451580632252901282e+01
1.452581032412965278e+01
1.453581432573029275e+01
1.454581832733093272e+01
1.455582232893157268e+01
1.456582633053221265e+01
1.457583033213285439e+01
1.458583433373349436e+01
1.459583833533413433e+01
1.460584233693477429e+01
1.461584633853541426e+01
1.462585034013605423e+01
1.463585434173669597e+01
1.464585834333733594e+01
1.465586234493797591e+01
1.466586634653861587e+01
1.467587034813925584e+01
1.468587434973989581e+01
1.469587835134053755e+01
1.470588235294117752e+01
1.471588635454181748e+01
1.472589035614245745e+01
1.473589435774309742e+01
1.474589835934373738e+01
1.475590236094437913e+01
1.476590636254501909e+01
1.477591036414565906e+01
1.478591436574629903e+01
1.479591836734693899e+01
1.480592236894757896e+01
1.481592637054822070e+01
1.482593037214886067e+01
1.483593437374950064e+01
1.484593837535014060e+01
1.485594237695078057e+01
1.486594637855142054e+01
1.487595038015206228e+01
1.488595438175270225e+01
1.489595838335334221e+01
1.490596238495398218e+01
1.491596638655462215e+01
1.492597038815526211e+01
1.493597438975590208e+01
1.494597839135654382e+01
1.495598239295718379e+01
1.496598639455782376e+01
1.497599039615846372e+01
1.498599439775910369e+01
1.499599839935974366e+01
1.500600240096038540e+01
1.501600640256102537e+01
1.502601040416166533e+01
1.503601440576230530e+01
1.504601840736294527e+01
1.505602240896358524e+01
1.506602641056422698e+01
1.507603041216486695e+01
1.508603441376550691e+01
1.509603841536614688e+01
1.510604241696678685e+01
1.511604641856742681e+01
1.512605042016806856e+01
1.513605442176870852e+01
1.514605842336934849e+01
1.515606242496998846e+01
1.516606642657062842e+01
1.517607042817126839e+01
1.518607442977191013e+01
1.519607843137255010e+01
1.520608243297319007e+01
1.521608643457383003e+01
1.522609043617447000e+01
1.523609443777510997e+01
1.524609843937575171e+01
1.525610244097639168e+01
1.526610644257703164e+01
1.527611044417767161e+01
1.528611444577831158e+01
1.529611844737895154e+01
1.530612244897959329e+01
1.531612645058023325e+01
1.532613045218087322e+01
1.533613445378151319e+01
1.534613845538215315e+01
1.535614245698279312e+01
1.536614645858343309e+01
1.537615046018407483e+01
1.538615446178471480e+01
1.539615846338535476e+01
1.540616246498599473e+01
1.541616646658663470e+01
1.542617046818727466e+01
1.543617446978791641e+01
1.544617847138855637e+01
1.545618247298919634e+01
1.546618647458983631e+01
1.547619047619047628e+01
1.548619447779111624e+01
1.549619847939175799e+01
1.550620248099239795e+01
1.551620648259303792e+01
1.552621048419367789e+01
1.553621448579431785e+01
1.554621848739495782e+01
1.555622248899559956e+01
1.556622649059623953e+01
1.557623049219687950e+01
1.558623449379751946e+01
1.559623849539815943e+01
1.560624249699879940e+01
1.561624649859944114e+01
1.562625050020008111e+01
1.563625450180072107e+01
1.564625850340136104e+01
1.565626250500200101e+01
1.566626650660264097e+01
1.567627050820328272e+01
1.568627450980392268e+01
1.569627851140456265e+01
1.570628251300520262e+01
1.571628651460584258e+01
1.572629051620648255e+01
1.573629451780712429e+01
1.574629851940776426e+01
1.575630252100840423e+01
1.576630652260904419e+01
1.577631052420968416e+01
1.578631452581032413e+01
1.579631852741096587e+01
1.580632252901160584e+01
1.581632653061224580e+01
1.582633053221288577e+01
1.583633453381352574e+01
1.584633853541416570e+01
1.585634253701480567e+01
1.586634653861544741e+01
1.587635054021608738e+01
1.588635454181672735e+01
1.589635854341736731e+01
1.590636254501800728e+01
1.591636654661864725e+01
1.592637054821928899e+01
1.593637454981992896e+01
1.594637855142056893e+01
1.595638255302120889e+01
1.596638655462184886e+01
1.597639055622248883e+01
1.598639455782313057e+01
1.599639855942377054e+01
1.600640256102440873e+01
1.601640656262505047e+01
1.602641056422569221e+01
1.603641456582633040e+01
1.604641856742697215e+01
1.605642256902761034e+01
1.606642657062825208e+01
1.607643057222889382e+01
1.608643457382953201e+01
1.609643857543017376e+01
1.610644257703081195e+01
1.611644657863145369e+01
1.612645058023209188e+01
1.613645458183273362e+01
1.614645858343337537e+01
1.615646258503401356e+01
1.616646658663465530e+01
1.617647058823529349e+01
1.618647458983593523e+01
1.619647859143657698e+01
1.620648259303721517e+01
1.621648659463785691e+01
1.622649059623849510e+01
1.623649459783913684e+01
1.624649859943977503e+01
1.625650260104041678e+01
1.626650660264105852e+01
1.627651060424169671e+01
1.628651460584233845e+01
1.629651860744297664e+01
1.630652260904361839e+01
1.631652661064425658e+01
1.632653061224489832e+01
1.633653461384554006e+01
1.634653861544617826e+01
1.635654261704682000e+01
1.636654661864745819e+01
1.637655062024809993e+01
1.638655462184874168e+01
1.639655862344937987e+01
1.640656262505002161e+01
1.641656662665065980e+01
1.642657062825130154e+01
1.643657462985193973e+01
1.644657863145258148e+01
1.645658263305322322e+01
1.646658663465386141e+01
1.647659063625450315e+01
1.648659463785514134e+01
1.649659863945578309e+01
1.650660264105642483e+01
1.651660664265706302e+01
1.652661064425770476e+01
1.653661464585834295e+01
1.654661864745898470e+01
1.655662264905962289e+01
1.656662665066026463e+01
1.657663065226090637e+01
1.658663465386154456e+01
1.659663865546218631e+01
1.660664265706282450e+01
1.661664665866346624e+01
1.662665066026410798e+01
1.663665466186474617e+01
1.664665866346538792e+01
1.665666266506602611e+01
1.666666666666666785e+01
1.667667066826730604e+01
1.668667466986794778e+01
1.669667867146858953e+01
1.670668267306922772e+01
1.671668667466986946e+01
1.672669067627050765e+01
1.673669467787114939e+01
1.674669867947179114e+01
1.675670268107242933e+01
1.676670668267307107e+01
1.677671068427370926e+01
1.678671468587435101e+01
1.679671868747498920e+01
1.680672268907563094e+01
1.681672669067627268e+01
1.682673069227691087e+01
1.683673469387755262e+01
1.684673869547819081e+01
1.685674269707883255e+01
1.686674669867947074e+01
1.687675070028011248e+01
1.688675470188075423e+01
1.689675870348139242e+01
1.690676270508203416e+01
1.691676670668267235e+01
1.692677070828331409e+01
1.693677470988395584e+01
1.694677871148459403e+01
1.695678271308523577e+01
1.696678671468587396e+01
1.697679071628651570e+01
1.698679471788715389e+01
1.699679871948779564e+01
1.700680272108843738e+01
1.701680672268907557e+01
1.702681072428971731e+01
1.703681472589035550e+01
1.704681872749099725e+01
1.705682272909163899e+01
1.706682673069227718e+01
1.707683073229291892e+01
1.708683473389355711e+01
1.709683873549419886e+01
1.710684273709483705e+01
1.711684673869547879e+01
1.712685074029612053e+01
1.713685474189675872e+01
1.714685874349740047e+01
1.715686274509803866e+01
1.716686674669868040e+01
1.717687074829932214e+01
1.718687474989996034e+01
1.719687875150060208e+01
1.720688275310124027e+01
1.721688675470188201e+01
1.722689075630252020e+01
1.723689475790316195e+01
1.724689875950380369e+01
1.725690276110444188e+01
1.726690676270508362e+01
1.727691076430572181e+01
1.728691476590636356e+01
1.729691876750700175e+01
1.730692276910764349e+01
1.731692677070828523e+01
1.732693077230892342e+01
1.733693477390956517e+01
1.734693877551020336e+01
1.735694277711084510e+01
1.736694677871148684e+01
1.737695078031212503e+01
1.738695478191276678e+01
1.739695878351340497e+01
1.740696278511404671e+01
1.741696678671468490e+01
1.742697078831532664e+01
1.743697478991596839e+01
1.744697879151660658e+01
1.745698279311724832e+01
1.746698679471788651e+01
1.747699079631852825e+01
1.748699479791917000e+01
1.749699879951980819e+01
1.750700280112044993e+01
1.751700680272108812e+01
1.752701080432172986e+01
1.753701480592236805e+01
1.754701880752300980e+01
1.755702280912365154e+01
1.756702681072428973e+01
1.757703081232493147e+01
1.758703481392556967e+01
1.759703881552621141e+01
1.760704281712685315e+01
1.761704681872749134e+01
1.762705082032813309e+01
1.763705482192877128e+01
1.764705882352941302e+01
1.765706282513005121e+01
1.766706682673069295e+01
1.767707082833133470e+01
1.768707482993197289e+01
1.769707883153261463e+01
1.770708283313325282e+01
1.771708683473389456e+01
1.772709083633453275e+01
1.773709483793517450e+01
1.774709883953581624e+01
1.775710284113645443e+01
1.776710684273709617e+01
1.777711084433773436e+01
1.778711484593837611e+01
1.779711884753901785e+01
1.780712284913965604e+01
1.781712685074029778e+01
1.782713085234093597e+01
1.783713485394157772e+01
1.784713885554221591e+01
1.785714285714285765e+01
1.786714685874349939e+01
1.787715086034413758e+01
1.788715486194477933e+01
1.789715886354541752e+01
1.790716286514605926e+01
1.791716686674670100e+01
1.792717086834733919e+01
1.793717486994798094e+01
1.794717887154861913e+01
1.795718287314926087e+01
1.796718687474989906e+01
1.797719087635054080e+01
1.798719487795118255e+01
1.799719887955182074e+01
1.800720288115246248e+01
1.801720688275310067e+01
1.802721088435374241e+01
1.803721488595438416e+01
1.804721888755502235e+01
1.805722288915566409e+01
1.806722689075630228e+01
1.807723089235694403e+01
1.808723489395758222e+01
1.809723889555822396e+01
1.810724289715886570e+01
1.811724689875950389e+01
1.812725090036014564e+01
1.813725490196078383e+01
1.814725890356142557e+01
1.815726290516206731e+01
1.816726690676270550e+01
1.817727090836334725e+01
1.818727490996398544e+01
1.819727891156462718e+01
1.820728291316526537e+01
1.821728691476590711e+01
1.822729091636654886e+01
1.823729491796718705e+01
1.824729891956782879e+01
1.825730292116846698e+01
1.826730692276910872e+01
1.827731092436974691e+01
1.828731492597038866e+01
1.829731892757103040e+01
1.830732292917166859e+01
1.831732693077231033e+01
1.832733093237294852e+01
1.833733493397359027e+01
1.834733893557423201e+01
1.835734293717487020e+01
1.836734693877551194e+01
1.837735094037615013e+01
1.838735494197679188e+01
1.839735894357743007e+01
1.840736294517807181e+01
1.841736694677871355e+01
1.842737094837935174e+01
1.843737494997999349e+01
1.844737895158063168e+01
1.845738295318127342e+01
1.846738695478191516e+01
1.847739095638255336e+01
1.848739495798319510e+01
1.849739895958383329e+01
1.850740296118447503e+01
1.851740696278511322e+01
1.852741096438575497e+01
1.853741496598639671e+01
1.854741896758703490e+01
1.855742296918767664e+01
1.856742697078831483e+01
1.857743097238895658e+01
1.858743497398959832e+01
1.859743897559023651e+01
1.860744297719087825e+01
1.861744697879151644e+01
1.862745098039215819e+01
1.863745498199279638e+01
1.864745898359343812e+01
1.865746298519407986e+01
1.866746698679471805e+01
1.867747098839535980e+01
1.868747498999599799e+01
1.869747899159663973e+01
1.870748299319727792e+01
1.871748699479791966e+01
1.872749099639856141e+01
1.873749499799919960e+01
1.874749899959984134e+01
1.875750300120047953e+01
1.876750700280112127e+01
1.877751100440176302e+01
1.878751500600240121e+01
1.879751900760304295e+01
1.880752300920368114e+01
1.881752701080432288e+01
1.882753101240496107e+01
1.883753501400560282e+01
1.884753901560624456e+01
1.885754301720688275e+01
1.886754701880752449e+01
1.887755102040816269e+01
1.888755502200880443e+01
1.889755902360944617e+01
1.890756302521008436e+01
1.891756702681072611e+01
1.892757102841136430e+01
1.893757503001200604e+01
1.894757903161264423e+01
1.895758303321328597e+01
1.896758703481392772e+01
1.897759103641456591e+01
1.898759503801520765e+01
1.899759903961584584e+01
1.900760304121648758e+01
1.901760704281712933e+01
1.902761104441776752e+01
1.903761504601840926e+01
1.904761904761904745e+01
1.905762304921968919e+01
1.906762705082032738e+01
1.907763105242096913e+01
1.908763505402161087e+01
1.909763905562224906e+01
1.910764305722289080e+01
1.911764705882352899e+01
1.912765106042417074e+01
1.913765506202480893e+01
1.914765906362545067e+01
1.915766306522609241e+01
1.916766706682673060e+01
1.917767106842737235e+01
1.918767507002801054e+01
1.919767907162865228e+01
1.920768307322929402e+01
1.921768707482993221e+01
1.922769107643057396e+01
1.923769507803121215e+01
1.924769907963185389e+01
1.925770308123249208e+01
1.926770708283313382e+01
1.927771108443377557e+01
1.928771508603441376e+01
1.929771908763505550e+01
1.930772308923569369e+01
1.931772709083633544e+01
1.932773109243697718e+01
1.933773509403761537e+01
1.934773909563825711e+01
1.935774309723889530e+01
1.936774709883953705e+01
1.937775110044017524e+01
1.938775510204081698e+01
1.939775910364145872e+01
1.940776310524209691e+01
1.941776710684273866e+01
1.942777110844337685e+01
1.943777511004401859e+01
1.944777911164466033e+01
1.945778311324529852e+01
1.946778711484594027e+01
1.947779111644657846e+01
1.948779511804722020e+01
1.949779911964785839e+01
1.950780312124850013e+01
1.951780712284914188e+01
1.952781112444978007e+01
1.953781512605042181e+01
1.954781912765106000e+01
1.955782312925170174e+01
1.956782713085233993e+01
1.957783113245298168e+01
1.958783513405362342e+01
1.959783913565426161e+01
1.960784313725490335e+01
1.961784713885554154e+01
1.962785114045618329e+01
1.963785514205682503e+01
1.964785914365746322e+01
1.965786314525810496e+01
1.966786714685874315e+01
1.967787114845938490e+01
1.968787515006002309e+01
1.969787915166066483e+01
1.970788315326130657e+01
1.971788715486194477e+01
1.972789115646258651e+01
1.973789515806322470e+01
1.974789915966386644e+01
1.975790316126450819e+01
1.976790716286514638e+01
1.977791116446578812e+01
1.978791516606642631e+01
1.979791916766706805e+01
1.980792316926770624e+01
1.981792717086834799e+01
1.982793117246898973e+01
1.983793517406962792e+01
1.984793917567026966e+01
1.985794317727090785e+01
1.986794717887154960e+01
1.987795118047219134e+01
1.988795518207282953e+01
1.989795918367347127e+01
1.990796318527410946e+01
1.991796718687475121e+01
1.992797118847538940e+01
1.993797519007603114e+01
1.994797919167667288e+01
1.995798319327731107e+01
1.996798719487795282e+01
1.997799119647859101e+01
1.998799519807923275e+01
1.999799919967987449e+01
2.000800320128051268e+01
2.001800720288115443e+01
2.002801120448179262e+01
2.003801520608243436e+01
2.004801920768307255e+01
2.005802320928371429e+01
2.006802721088435604e+01
2.007803121248499423e+01
2.008803521408563597e+01
2.009803921568627416e+01
2.010804321728691590e+01
2.011804721888755410e+01
2.012805122048819584e+01
2.013805522208883758e+01
2.014805922368947577e+01
2.015806322529011751e+01
2.016806722689075571e+01
2.017807122849139745e+01
2.018807523009203919e+01
2.019807923169267738e+01
2.020808323329331913e+01
2.021808723489395732e+01
2.022809123649459906e+01
2.023809523809523725e+01
2.024809923969587899e+01
2.025810324129652074e+01
2.026810724289715893e+01
2.027811124449780067e+01
2.028811524609843886e+01
2.029811924769908060e+01
2.030812324929972235e+01
2.031812725090036054e+01
2.032813125250100228e+01
2.033813525410164047e+01
2.034813925570228221e+01
2.035814325730292040e+01
2.036814725890356215e+01
2.037815126050420389e+01
2.038815526210484208e+01
2.039815926370548382e+01
2.040816326530612201e+01
2.041816726690676376e+01
2.042817126850740550e+01
2.043817527010804369e+01
2.044817927170868543e+01
2.045818327330932362e+01
2.046818727490996537e+01
2.047819127651060356e+01
2.048819527811124530e+01
2.049819927971188704e+01
2.050820328131252523e+01
2.051820728291316698e+01
2.052821128451380517e+01
2.053821528611444691e+01
2.054821928771508510e+01
2.055822328931572684e+01
2.056822729091636859e+01
2.057823129251700678e+01
2.058823529411764852e+01
2.059823929571828671e+01
2.060824329731892846e+01
2.061824729891957020e+01
2.062825130052020839e+01
2.063825530212085013e+01
2.064825930372148832e+01
2.065826330532213007e+01
2.066826730692276826e+01
2.067827130852341000e+01
2.068827531012405174e+01
2.069827931172468993e+01
2.070828331332533168e+01
2.071828731492596987e+01
2.072829131652661161e+01
2.073829531812725335e+01
2.074829931972789154e+01
2.075830332132853329e+01
2.076830732292917148e+01
2.077831132452981322e+01
2.078831532613045141e+01
2.079831932773109315e+01
2.080832332933173490e+01
2.081832733093237309e+01
2.082833133253301483e+01
2.083833533413365302e+01
2.084833933573429476e+01
2.085834333733493651e+01
2.086834733893557470e+01
2.087835134053621644e+01
2.088835534213685463e+01
2.089835934373749637e+01
2.090836334533813456e+01
2.091836734693877631e+01
2.092837134853941805e+01
2.093837535014005624e+01
2.094837935174069798e+01
2.095838335334133617e+01
2.096838735494197792e+01
2.097839135654261611e+01
2.098839535814325785e+01
2.099839935974389959e+01
2.100840336134453779e+01
2.101840736294517953e+01
2.102841136454581772e+01
2.103841536614645946e+01
2.104841936774710121e+01
2.105842336934773940e+01
2.106842737094838114e+01
2.107843137254901933e+01
2.108843537414966107e+01
2.109843937575029926e+01
2.110844337735094101e+01
2.111844737895158275e+01
2.112845138055222094e+01
2.113845538215286268e+01
2.114845938375350087e+01
2.115846338535414262e+01
2.116846738695478436e+01
2.117847138855542255e+01
2.118847539015606429e+01
2.119847939175670248e+01
2.120848339335734423e+01
2.121848739495798242e+01
2.122849139655862416e+01
2.123849539815926590e+01
2.124849939975990409e+01
2.125850340136054584e+01
2.126850740296118403e+01
2.127851140456182577e+01
2.128851540616246751e+01
2.129851940776310570e+01
2.130852340936374745e+01
2.131852741096438564e+01
2.132853141256502738e+01
2.133853541416566557e+01
2.134853941576630731e+01
2.135854341736694906e+01
2.136854741896758725e+01
2.137855142056822899e+01
2.138855542216886718e+01
2.139855942376950892e+01
2.140856342537015067e+01
2.141856742697078886e+01
2.142857142857143060e+01
2.143857543017206879e+01
2.144857943177271054e+01
2.145858343337334873e+01
2.146858743497399047e+01
2.147859143657463221e+01
2.148859543817527040e+01
2.149859943977591215e+01
2.150860344137655034e+01
2.151860744297719208e+01
2.152861144457783027e+01
2.153861544617847201e+01
2.154861944777911376e+01
2.155862344937975195e+01
2.156862745098039369e+01
2.157863145258103188e+01
2.158863545418167362e+01
2.159863945578231537e+01
2.160864345738295356e+01
2.161864745898359530e+01
2.162865146058423349e+01
2.163865546218487523e+01
2.164865946378551342e+01
2.165866346538615517e+01
2.166866746698679691e+01
2.167867146858743510e+01
2.168867547018807684e+01
2.169867947178871503e+01
2.170868347338935678e+01
2.171868747498999852e+01
2.172869147659063671e+01
2.173869547819127845e+01
2.174869947979191664e+01
2.175870348139255839e+01
2.176870748299319658e+01
2.177871148459383832e+01
2.178871548619448006e+01
2.179871948779511825e+01
2.180872348939576000e+01
2.181872749099639819e+01
2.182873149259703993e+01
2.183873549419768167e+01
2.184873949579831987e+01
2.185874349739896161e+01
2.186874749899959980e+01
2.187875150060024154e+01
2.188875550220087973e+01
2.189875950380152148e+01
2.190876350540216322e+01
2.191876750700280141e+01
2.192877150860344315e+01
2.193877551020408134e+01
2.194877951180472309e+01
2.195878351340536128e+01
2.196878751500600302e+01
2.197879151660664476e+01
2.198879551820728295e+01
2.199879951980792470e+01
2.200880352140856289e+01
2.201880752300920463e+01
2.202881152460984637e+01
2.203881552621048456e+01
2.204881952781112631e+01
2.205882352941176450e+01
2.206882753101240624e+01
2.207883153261304443e+01
2.208883553421368617e+01
2.209883953581432792e+01
2.210884353741496611e+01
2.211884753901560785e+01
2.212885154061624604e+01
2.213885554221688778e+01
2.214885954381752953e+01
2.215886354541816772e+01
2.216886754701880946e+01
2.217887154861944765e+01
2.218887555022008939e+01
2.219887955182072758e+01
2.220888355342136933e+01
2.221888755502201107e+01
2.222889155662264926e+01
2.223889555822329100e+01
2.224889955982392920e+01
2.225890356142457094e+01
2.226890756302521268e+01
2.227891156462585087e+01
2.228891556622649261e+01
2.229891956782713081e+01
2.230892356942777255e+01
2.231892757102841074e+01
2.232893157262905248e+01
2.233893557422969423e+01
2.234893957583033242e+01
2.235894357743097416e+01
2.236894757903161235e+01
2.237895158063225409e+01
2.238895558223289228e+01
2.239895958383353403e+01
2.240896358543417577e+01
2.241896758703481396e+01
2.242897158863545570e+01
2.243897559023609389e+01
2.244897959183673564e+01
2.245898359343737738e+01
2.246898759503801557e+01
2.247899159663865731e+01
2.248899559823929550e+01
2.249899959983993725e+01
2.250900360144057544e+01
2.251900760304121718e+01
2.252901160464185892e+01
2.253901560624249711e+01
2.254901960784313886e+01
2.255902360944377705e+01
2.256902761104441879e+01
2.257903161264506053e+01
2.258903561424569872e+01
2.259903961584634047e+01
2.260904361744697866e+01
2.261904761904762040e+01
2.262905162064825859e+01
2.263905562224890033e+01
2.264905962384954208e+01
2.265906362545018027e+01
2.266906762705082201e+01
2.267907162865146020e+01
2.268907563025210194e+01
2.269907963185274369e+01
2.270908363345338188e+01
2.271908763505402362e+01
2.272909163665466181e+01
2.273909563825530356e+01
2.274909963985594175e+01
2.275910364145658349e+01
2.276910764305722523e+01
2.277911164465786342e+01
2.278911564625850517e+01
2.279911964785914336e+01
2.280912364945978510e+01
2.281912765106042329e+01
2.282913165266106503e+01
2.283913565426170678e+01
2.284913965586234497e+01
2.285914365746298671e+01
2.286914765906362490e+01
2.287915166066426664e+01
2.288915566226490839e+01
2.289915966386554658e+01
2.290916366546618832e+01
2.291916766706682651e+01
2.292917166866746825e+01
2.293917567026810644e+01
2.294917967186874819e+01
2.295918367346938993e+01
2.296918767507002812e+01
2.297919167667066986e+01
2.298919567827130805e+01
2.299919967987194980e+01
2.300920368147259154e+01
2.301920768307322973e+01
2.302921168467387147e+01
2.303921568627450966e+01
2.304921968787515141e+01
2.305922368947578960e+01
2.306922769107643134e+01
2.307923169267707308e+01
2.308923569427771127e+01
2.309923969587835302e+01
2.310924369747899121e+01
2.311924769907963295e+01
2.312925170068027469e+01
2.313925570228091289e+01
2.314925970388155463e+01
2.315926370548219282e+01
2.316926770708283456e+01
2.317927170868347275e+01
2.318927571028411450e+01
2.319927971188475624e+01
2.320928371348539443e+01
2.321928771508603617e+01
2.322929171668667436e+01
2.323929571828731611e+01
2.324929971988795785e+01
2.325930372148859604e+01
2.326930772308923778e+01
2.327931172468987597e+01
2.328931572629051772e+01
2.329931972789115591e+01
2.330932372949179765e+01
2.331932773109243939e+01
2.332933173269307758e+01
2.333933573429371933e+01
2.334933973589435752e+01
2.335934373749499926e+01
2.336934773909563745e+01
2.337935174069627919e+01
2.338935574229692094e+01
2.339935974389755913e+01
2.340936374549820087e+01
2.341936774709883906e+01
2.342937174869948080e+01
2.343937575030012255e+01
2.344937975190076074e+01
2.345938375350140248e+01
2.346938775510204067e+01
2.347939175670268241e+01
2.348939575830332060e+01
2.349939975990396235e+01
2.350940376150460409e+01
2.351940776310524228e+01
2.352941176470588402e+01
2.353941576630652222e+01
2.354941976790716396e+01
2.355942376950780570e+01
2.356942777110844389e+01
2.357943177270908564e+01
2.358943577430972383e+01
2.359943977591036557e+01
2.360944377751100376e+01
2.361944777911164550e+01
2.362945178071228725e+01
2.363945578231292544e+01
2.364945978391356718e+01
2.365946378551420537e+01
2.366946778711484711e+01
2.367947178871548886e+01
2.368947579031612705e+01
2.369947979191676879e+01
2.370948379351740698e+01
2.371948779511804872e+01
2.372949179671868691e+01
2.373949579831932866e+01
2.374949979991997040e+01
2.375950380152060859e+01
2.376950780312125033e+01
2.377951180472188852e+01
2.378951580632253027e+01
2.379951980792316846e+01
2.380952380952381020e+01
2.381952781112445194e+01
2.382953181272509013e+01
2.383953581432573188e+01
2.384953981592637007e+01
2.385954381752701181e+01
2.386954781912765355e+01
2.387955182072829174e+01
2.388955582232893349e+01
2.389955982392957168e+01
2.390956382553021342e+01
2.391956782713085161e+01
2.392957182873149335e+01
2.393957583033213510e+01
2.394957983193277329e+01
2.395958383353341503e+01
2.396958783513405322e+01
2.397959183673469497e+01
2.398959583833533671e+01
2.399959983993597490e+01
2.400960384153661664e+01
2.401960784313725483e+01
2.402961184473789658e+01
2.403961584633853477e+01
2.404961984793917651e+01
2.405962384953981825e+01
2.406962785114045644e+01
2.407963185274109819e+01
2.408963585434173638e+01
2.409963985594237812e+01
2.410964385754301986e+01
2.411964785914365805e+01
2.412965186074429980e+01
2.413965586234493799e+01
2.414965986394557973e+01
2.415966386554621792e+01
2.416966786714685966e+01
2.417967186874750141e+01
2.418967587034813960e+01
2.419967987194878134e+01
2.420968387354941953e+01
2.421968787515006127e+01
2.422969187675069946e+01
2.423969587835134121e+01
2.424969987995198295e+01
2.425970388155262114e+01
2.426970788315326288e+01
2.427971188475390107e+01
2.428971588635454282e+01
2.429971988795518456e+01
2.430972388955582275e+01
2.431972789115646449e+01
2.432973189275710268e+01
2.433973589435774443e+01
2.434973989595838262e+01
2.435974389755902436e+01
2.436974789915966610e+01
2.437975190076030430e+01
2.438975590236094604e+01
2.439975990396158423e+01
2.440976390556222597e+01
2.441976790716286771e+01
2.442977190876350591e+01
2.443977591036414765e+01
2.444977991196478584e+01
2.445978391356542758e+01
2.446978791516606577e+01
2.447979191676670752e+01
2.448979591836734926e+01
2.449979991996798745e+01
2.450980392156862919e+01
2.451980792316926738e+01
2.452981192476990913e+01
2.453981592637055087e+01
2.454981992797118906e+01
2.455982392957183080e+01
2.456982793117246899e+01
2.457983193277311074e+01
2.458983593437374893e+01
2.459983993597439067e+01
2.460984393757503241e+01
2.461984793917567060e+01
2.462985194077631235e+01
2.463985594237695054e+01
2.464985994397759228e+01
2.465986394557823402e+01
2.466986794717887221e+01
2.467987194877951396e+01
2.468987595038015215e+01
2.469987995198079389e+01
2.470988395358143208e+01
2.471988795518207382e+01
2.472989195678271557e+01
2.473989595838335376e+01
2.474989995998399550e+01
2.475990396158463369e+01
2.476990796318527543e+01
2.477991196478591363e+01
2.478991596638655537e+01
2.479991996798719711e+01
2.480992396958783530e+01
2.481992797118847704e+01
2.482993197278911524e+01
2.483993597438975698e+01
2.484993997599039872e+01
2.485994397759103691e+01
2.486994797919167866e+01
2.487995198079231685e+01
2.488995598239295859e+01
2.489995998399359678e+01
2.490996398559423852e+01
2.491996798719488027e+01
2.492997198879551846e+01
2.493997599039616020e+01
2.494997999199679839e+01
2.495998399359744013e+01
2.496998799519808188e+01
2.497999199679872007e+01
2.498999599839936181e+01
2.500000000000000000e+01
