7.289686274214116080e-02
7.255609471345618455e-02
7.057514461363972869e-02
6.720890748222038691e-02
6.155360197194223448e-02
5.360014452019028902e-02
4.189650847800750061e-02
2.526921495980417182e-02
1.320124640878615361e-03
-3.124711197177638955e-02
-7.342448216211644452e-02
-1.246201880707485388e-01
-1.813471735705500798e-01
-2.369494062052951711e-01
-2.818088847740276570e-01
-3.089103493437747039e-01
-3.167495256796154512e-01
-3.113971396897341481e-01
-3.005892132670459627e-01
-2.922137089864060844e-01
-2.898219323807579295e-01
-2.941902009902928050e-01
-3.018271218066127526e-01
-3.066998621715381068e-01
-3.016919447402187093e-01
-2.831972691019630783e-01
-2.586768364707719980e-01
-2.517267940382043045e-01
-2.910057904951742214e-01
-3.811523590779475335e-01
-4.980958487404776314e-01
-6.095998940822602297e-01
-6.944990392927494760e-01
-7.428434606772170712e-01
-7.530457576799157726e-01
-7.306878698570706820e-01
-6.844425085020264810e-01
-6.239006157728290702e-01
-5.535560686039806555e-01
-4.731935426607007389e-01
-3.798379481852411366e-01
-2.786988177959095481e-01
-1.896289755831669921e-01
-1.390348554790514779e-01
-1.356398938401700560e-01
-1.635797737371112170e-01
-1.998358978952790299e-01
-2.268987567128253058e-01
-2.373312295619695589e-01
-2.290590844266696402e-01
-2.062699767926738925e-01
-1.765345296507578876e-01
-1.501131792060568237e-01
-1.361934883737043189e-01
-1.417853335481007448e-01
-1.675342031932624542e-01
-2.063758603636277333e-01
-2.446412637839111281e-01
-2.666362282520524651e-01
-2.636609988801323357e-01
-2.385173863480387069e-01
-2.045981818706374689e-01
-1.762569149578653571e-01
-1.639795834703799415e-01
-1.696810794024714020e-01
-1.894505562925714315e-01
-2.149650918387751575e-01
-2.380697020670043962e-01
-2.519895574240971214e-01
-2.536192480962798923e-01
-2.430859070096793306e-01
-2.231713873381320212e-01
-1.999182365854169641e-01
-1.832772324367455130e-01
-1.860509058656434622e-01
-2.162597103047991520e-01
-2.718741862066043624e-01
-3.415460377052534913e-01
-4.152038666908489661e-01
-4.862321275084641736e-01
-5.500217838766793266e-01
-6.011869699221524810e-01
-6.325138749725248699e-01
-6.377753871034377298e-01
-6.132249297231029406e-01
-5.608863128198318115e-01
-4.868618964938656868e-01
-4.016972718191263447e-01
-3.183296045184881851e-01
-2.520467925586101776e-01
-2.132636773873007041e-01
-2.014613050705430786e-01
-2.061233747430264718e-01
-2.149583531922561741e-01
-2.213232738391293641e-01
-2.220752546881471501e-01
-2.168069041141163222e-01
-2.046291818390342521e-01
-1.854022549348651183e-01
-1.589510893587541274e-01
-1.267545128793834130e-01
-9.086194458388864581e-02
-5.481060815764215999e-02
-2.217964116028966690e-02
3.732315901976407564e-03
2.078760230262872294e-02
2.860847639720318081e-02
2.805520045631609838e-02
2.077828596016546847e-02
7.965420068162304759e-03
-9.448832734516276685e-03
-3.203350668227709225e-02
-5.972720188012558412e-02
-9.176489727312710232e-02
-1.233669841241600701e-01
-1.470482624996890531e-01
-1.549914616751999763e-01
-1.448612017015968867e-01
-1.207136152853168498e-01
-9.118270776737534555e-02
-6.538737564362001597e-02
-5.024191683166164685e-02
-4.990896758075635126e-02
-6.451605681967666206e-02
-9.159865181591242411e-02
-1.258483818002704424e-01
-1.615666106565092353e-01
-1.925564600545279503e-01
-2.141372292139854805e-01
-2.224953283307498086e-01
-2.169625014540104424e-01
-1.995865824247246290e-01
-1.777735278238907757e-01
-1.640809369137719298e-01
-1.731802678319146749e-01
-2.127048001592733162e-01
-2.763241997223326307e-01
-3.491021873804086018e-01
-4.174823944281365051e-01
-4.747484714854243171e-01
-5.177946157101954716e-01
-5.449963220042303158e-01
-5.538954495340833173e-01
-5.426807598421987677e-01
-5.105928752804806958e-01
-4.586030808513714141e-01
-3.902648222597938643e-01
-3.127893766757110505e-01
-2.392501560737718969e-01
-1.851561882823052618e-01
-1.604460752100247967e-01
-1.613920387346821084e-01
-1.750027857147927746e-01
-1.879368652959196306e-01
-1.922966478381976929e-01
-1.852287643096672543e-01
-1.667980920071452378e-01
-1.387971981710424685e-01
-1.030168090514650414e-01
-6.167391631499544169e-02
-1.637780719266123883e-02
3.103172867842749275e-02
7.953988296477637610e-02
1.282622723471191495e-01
1.775053447441414245e-01
2.272378442267983800e-01
2.775996075649534434e-01
3.275189376726939106e-01
3.750874102881189276e-01
4.166685726055555650e-01
4.473448420009558668e-01
4.615611112829613449e-01
4.570642133409847929e-01
4.410985771830298607e-01
4.334214030969836817e-01
4.558776530702325913e-01
5.105805649613739394e-01
5.773970800713549290e-01
6.312493752720320650e-01
6.568690027718268043e-01
6.502680712678652331e-01
6.149715354476844587e-01
5.586041987673362463e-01
4.887777454741947247e-01
4.110554648245826614e-01
3.271038411458930262e-01
2.361511309181509588e-01
1.372751772217695176e-01
3.565214089475851611e-02
-5.430428598399354712e-02
-1.136206437530699886e-01
-1.332333826750151107e-01
-1.214736650404571600e-01
-9.571265569675840856e-02
-7.157314026325489742e-02
-5.765727859186818571e-02
-5.695412990975202289e-02
-6.758387916345720559e-02
-8.419346910673590478e-02
-9.816180057549077353e-02
-1.012150506697755831e-01
-9.007777698195297555e-02
-7.460945685525656457e-02
-7.944324259284829548e-02
-1.289124615456331280e-01
-2.259068516231520218e-01
-3.487853749698476835e-01
-4.685386209884915276e-01
-5.623314183351110218e-01
-6.181156955465760827e-01
-6.348139486306422219e-01
-6.211839002826383682e-01
-5.900884795460739074e-01
-5.531667556750982095e-01
-5.157450383092256896e-01
-4.741809559587918388e-01
-4.204462925127498973e-01
-3.527864390624684265e-01
-2.861450888167104689e-01
-2.429972907069032073e-01
-2.330091438561925909e-01
-2.461831280837005476e-01
-2.634353158924991889e-01
-2.680805146904980396e-01
-2.497123665530094905e-01
-2.051971822201005269e-01
-1.385215099824012586e-01
-5.920687522824180649e-02
2.246647309182445151e-02
9.754979446644598817e-02
1.607402993460555762e-01
2.115337849379071433e-01
2.547982204212426161e-01
2.977663560486033534e-01
3.480056566677372509e-01
4.094395642633324450e-01
4.789596649309025844e-01
5.450698585592109735e-01
5.901267397861503783e-01
5.963202232458159058e-01
5.612997912308259618e-01
5.160659375327985021e-01
5.115170157058815947e-01
5.671168214269343144e-01
6.474743707967045570e-01
7.037769225380430260e-01
7.094387187042594523e-01
6.641219138526445187e-01
5.842351679899565609e-01
4.900703009135974897e-01
3.984792901825557898e-01
3.175225816996342654e-01
2.448359703497103301e-01
1.697906064287779127e-01
7.976073676519730704e-02
-3.275578304657263823e-02
-1.600592743902163051e-01
-2.768068706399178791e-01
-3.528575722250239521e-01
-3.740277403017049362e-01
-3.522124492237408977e-01
-3.132720208569910736e-01
-2.797148226133534532e-01
-2.635902091271613013e-01
-2.672654597635710227e-01
-2.833004028600261126e-01
-2.979831958198880248e-01
-2.988545685448994460e-01
-2.901480895060747911e-01
-3.043844585704761352e-01
-3.769529972471207802e-01
-5.068909927892628620e-01
-6.589263718312924345e-01
-7.925755102984886058e-01
-8.752556745851125530e-01
-8.883765243270899115e-01
-8.367683623749039290e-01
-7.449381565379515902e-01
-6.412018449456650115e-01
-5.446591716732244182e-01
-4.580683314651050608e-01
-3.701378785968051921e-01
-2.690088803358433589e-01
-1.624304806525195821e-01
-8.345199917418835711e-02
-5.869107600210478337e-02
-8.457099289769770545e-02
-1.359659416068214055e-01
-1.884788688240752186e-01
-2.272317020388077424e-01
-2.428238916480766896e-01
-2.326309375145574898e-01
-2.041143873942813103e-01
-1.724179328734549987e-01
-1.526104332782304007e-01
-1.530340125211155367e-01
-1.664748155498803339e-01
-1.723168193762565914e-01
-1.494543678867710501e-01
-8.839384544816751565e-02
8.910321656954325702e-04
9.485934342670564179e-02
1.694047888990430073e-01
2.070241558907489621e-01
2.025369325381097818e-01
1.665802349122857962e-01
1.166056707154441846e-01
6.984364287764036061e-02
4.059644275180906287e-02
3.281090899367607172e-02
3.522381504300144128e-02
2.955566881300089252e-02
-2.366311601192761058e-04
-5.526030090488304874e-02
-1.166424154979453370e-01
-1.605651986717624713e-01
-1.706031675669798520e-01
-1.468532023647501905e-01
-1.067864648498906555e-01
-7.304153324417690663e-02
-6.436115161126211570e-02
-9.076364244908405321e-02
-1.468660274754591821e-01
-2.174464641970093315e-01
-2.855719307883923808e-01
-3.337906099674863292e-01
-3.475572438286573806e-01
-3.232865670314024609e-01
-2.727753985317595831e-01
-2.251808063477332700e-01
-2.204879935746335839e-01
-2.796765763707773633e-01
-3.808605245048066190e-01
-4.775818487251841660e-01
-5.396257905084853590e-01
-5.678927879453041783e-01
-5.795523796144378403e-01
-5.913565072983164583e-01
-6.075431420641774771e-01
-6.181209591055196739e-01
-6.065022040531065084e-01
-5.580422161336182629e-01
-4.672965866407648439e-01
-3.428777196216662437e-01
-2.087293379828687179e-01
-1.032407135578799345e-01
-5.917540283294147468e-02
-7.373273884185317650e-02
-1.117083984857557138e-01
-1.385891579094891690e-01
-1.417992383583553395e-01
-1.253879607646228578e-01
-9.949629433998966044e-02
-7.525460011500292867e-02
-6.208808435341360565e-02
-6.487263778761344357e-02
-8.272711861271905831e-02
-1.095180681509186210e-01
-1.374984298092783719e-01
-1.594276111132742202e-01
-1.691657896361511426e-01
-1.636187722164316460e-01
-1.443481147951734544e-01
-1.176082351388019476e-01
-8.959959749791902850e-02
-6.130303120232323544e-02
-3.068007245796659094e-02
2.304913485725514077e-03
3.502771543638245888e-02
6.278975435227798774e-02
8.092368670218375026e-02
8.550298454667763781e-02
7.330201342315897928e-02
4.410269342345397164e-02
1.966619457150136936e-03
-4.703969362156880385e-02
-9.737540515889904491e-02
-1.461641383776694503e-01
-1.941030586472202446e-01
-2.433442299724147273e-01
-2.968694218615785529e-01
-3.573979070157977667e-01
-4.246238414412727979e-01
-4.934120643516748395e-01
-5.553132920717704923e-01
-6.021442732092093797e-01
-6.296692882502368249e-01
-6.362757796878364402e-01
-6.213421908428451435e-01
-5.874113638109034197e-01
-5.459437827366098173e-01
-5.216603332093288081e-01
-5.376519482578895337e-01
-5.897124519465971604e-01
-6.518828681118657986e-01
-7.019847758026050988e-01
-7.310509165729578429e-01
-7.376761983867579087e-01
-7.220131584234752431e-01
-6.845188104848906052e-01
-6.266262210460031845e-01
-5.522576903831151185e-01
-4.687326792289833732e-01
-3.829737558534522246e-01
-2.984797983631056750e-01
-2.144480043671454506e-01
-1.271426274766186415e-01
-3.407561535869470942e-02
6.071694241395167446e-02
1.428957433514466413e-01
1.906516607828689924e-01
1.904457833670568090e-01
1.495233272454699058e-01
8.831945022520071298e-02
2.590563396363992910e-02
-2.779636839743455587e-02
-7.010168956995968537e-02
-1.018862716278597647e-01
-1.265508415876635262e-01
-1.495617930098572801e-01
-1.761761009107747356e-01
-2.073769125223960952e-01
-2.349125971528899237e-01
-2.433880684943513784e-01
-2.216363214538577819e-01
-1.698716591214065597e-01
-9.845614057483180470e-02
-2.167709863689456715e-02
4.737669422388678109e-02
9.904022883580182457e-02
1.287353491070577782e-01
1.388141532816189738e-01
1.372725370432497094e-01
1.344658988792386822e-01
1.402428200561647575e-01
1.623931609322561698e-01
2.046120633642827813e-01
2.639411251474487186e-01
3.316371428430913704e-01
3.967684768528599304e-01
4.504314608135117637e-01
4.893526025633392895e-01
5.165493148954647395e-01
5.378452334276292435e-01
5.592746887444742798e-01
5.839579326511347146e-01
6.077098154999884816e-01
6.172507179077629802e-01
5.964061963049526183e-01
5.453875214476108235e-01
5.003590890979452421e-01
5.072706609607884332e-01
5.690177006137122628e-01
6.473784096404024968e-01
7.037455708595168336e-01
7.172375041130046869e-01
6.837969992442167744e-01
6.144288179297217045e-01
5.284405209225775391e-01
4.439765435349941614e-01
3.725795528465126183e-01
3.165345853542372301e-01
2.692669384506291563e-01
2.179638607346928436e-01
1.474020790996625474e-01
4.691307757841654824e-02
-7.698893353886188118e-02
-1.943338468801396046e-01
-2.648199906217088562e-01
-2.664057237853912352e-01
-2.132871656459381648e-01
-1.403787676461496214e-01
-7.793695757497901000e-02
-4.207269949217431332e-02
-3.416478747582991915e-02
-4.300990183675505729e-02
-5.150778426513221570e-02
-4.300008480923821208e-02
-7.600555359605786279e-03
4.751764471683272290e-02
9.186090183587440616e-02
8.529816671916040649e-02
8.171297013602278267e-03
-1.189388470283550964e-01
-2.543694568102078946e-01
-3.645505136542819824e-01
-4.327942496082680668e-01
-4.600453838259830341e-01
-4.597770068171265767e-01
-4.491932745896644597e-01
-4.439977294836991439e-01
-4.528848768039619999e-01
-4.701868730329130108e-01
-4.770682645362498420e-01
-4.509534633711551610e-01
-3.826704934734733721e-01
-2.957425650185152022e-01
-2.375105886205344241e-01
-2.417975965139084193e-01
-2.992640474464292044e-01
-3.700082614903052458e-01
-4.165059895228734876e-01
-4.187103767073223626e-01
-3.775985296652220602e-01
-3.096341815402922082e-01
-2.343688088515351320e-01
-1.674562298396398696e-01
-1.181202394680866546e-01
-8.514436126574306818e-02
-5.710545732824466592e-02
-1.761927948205523412e-02
4.834504108529235483e-02
1.448680429889958876e-01
2.569996937474269827e-01
3.580866394723435375e-01
4.233643782971805991e-01
4.424466620103030268e-01
4.264465042888976321e-01
3.983766678601960431e-01
3.795165309161283584e-01
3.826292718953422378e-01
4.063065763121320173e-01
4.346484005568017617e-01
4.450787601493246259e-01
4.206153493984227110e-01
3.764896111309707361e-01
3.697733448779847443e-01
4.456914069992872762e-01
5.855065566161564705e-01
7.309322962206447061e-01
8.331793436498882155e-01
8.652011966531717446e-01
8.266751589759998575e-01
7.413531857014831195e-01
6.395964806076133158e-01
5.457746528108198270e-01
4.693134989406653190e-01
4.002828806049488208e-01
3.170794413799634670e-01
2.014020869678369574e-01
6.320790410673164661e-02
-4.889293752182038988e-02
-8.675723720894135127e-02
-4.625029423001364437e-02
3.570541715433811492e-02
1.192669895220805493e-01
1.799892221612781340e-01
2.049115128771698546e-01
1.945597237633932552e-01
1.650765109327220759e-01
1.386053196768183282e-01
1.334651124346346585e-01
1.572511051448602648e-01
1.960398620885002718e-01
2.199116810308013314e-01
2.003535798446758054e-01
1.271688957526222186e-01
2.009854961968433537e-02
-8.690386175185031703e-02
-1.653390972896379707e-01
-1.978519763971888779e-01
-1.858153970462547433e-01
-1.472985500118538793e-01
-1.027501685282385807e-01
-7.123336133664712189e-02
-6.710891917163895604e-02
-8.783209244773515501e-02
-1.147886802931984140e-01
-1.248963602879408497e-01
-9.707012219948006615e-02
-2.559355111156537410e-02
7.090982723998870418e-02
1.601191061850039954e-01
2.070904744580541190e-01
1.949643367941497896e-01
1.418736615005432855e-01
8.357208015247374888e-02
5.145951514358849954e-02
5.900886868353166087e-02
9.742729732217221550e-02
1.489728025270379563e-01
1.954034906829756335e-01
2.191989769007543776e-01
2.099188697234736223e-01
1.699239616366290118e-01
1.128489032612076531e-01
6.100699254945340239e-02
4.098727896470622661e-02
6.910747175373034568e-02
1.375624196955643197e-01
2.183782091353118626e-01
2.849430398711710888e-01
3.319465476761911393e-01
3.723900479975814082e-01
4.217866101605745044e-01
4.842931132157717866e-01
5.492715074400628117e-01
5.980418376247702561e-01
6.123690257872012044e-01
5.817028234208498905e-01
5.083149864235491089e-01
4.085571403257334810e-01
3.116944918841818568e-01
2.513104692857321965e-01
2.421326469830122619e-01
2.650720665657427810e-01
2.871574375130387935e-01
2.907784181259210898e-01
2.776836585899776777e-01
2.579644695839292123e-01
2.416148039524706748e-01
2.336755588933143168e-01
2.321842583952846706e-01
2.292442300450229231e-01
2.152739541599643092e-01
1.841576668569421260e-01
1.351165461460045181e-01
7.178930605778395535e-02
-4.801589775142634013e-05
-7.410154068240057401e-02
-1.437504457592831408e-01
-2.048728852920184973e-01
-2.597021831740401465e-01
-3.148380458504981272e-01
-3.756161445952843625e-01
-4.420424507551244386e-01
-5.080672060954984914e-01
-5.659296862890778046e-01
-6.082389900639980640e-01
-6.275639563276736999e-01
-6.192976489028777509e-01
-5.842576842682463134e-01
-5.308659653017376856e-01
-4.809613627811085701e-01
-4.677291083419949369e-01
-5.107952505636752516e-01
-5.900549726958128627e-01
-6.653607979596740662e-01
-7.157323649106765995e-01
-7.418247633413788122e-01
-7.496215545437963090e-01
-7.403073866678048232e-01
-7.101146297768973215e-01
-6.569413330098781145e-01
-5.839090485960963806e-01
-4.968591581090566200e-01
-4.008383717503918864e-01
-2.988320769308028813e-01
-1.932146518471964114e-01
-8.801181320089587756e-02
9.444695343824348679e-03
8.559491938540539357e-02
1.229568192027964690e-01
1.138689334961853761e-01
6.988282655345139094e-02
1.155938339890583491e-02
-4.726855591089296205e-02
-1.024190141096093243e-01
-1.537272281560156939e-01
-2.011140791080131551e-01
-2.441607209284554214e-01
-2.831710905995842853e-01
-3.192360566873272965e-01
-3.504195954108292876e-01
-3.700916231093497877e-01
-3.722261267129607920e-01
-3.564395892029870172e-01
-3.267966978328505356e-01
-2.878354191777112714e-01
-2.436416700404348268e-01
-1.991303281598410246e-01
-1.586370094817378118e-01
-1.233492885992290011e-01
-9.138052190326574620e-02
-5.989170085988806264e-02
-2.946216071894280572e-02
-7.741231410313721695e-03
-7.317014227617750326e-03
-3.931237023322360635e-02
-1.061807605101920543e-01
-1.987563480872213684e-01
-3.012428811964013575e-01
-3.982735156610547333e-01
-4.786728989094050646e-01
-5.355876170934625868e-01
-5.655684229133397523e-01
-5.697473695648208603e-01
-5.545885126236639318e-01
-5.295120793690991645e-01
-5.023981641064053649e-01
-4.747283807051108084e-01
-4.415024048765087139e-01
-3.992521727846667923e-01
-3.554204305289027088e-01
-3.277313481333449796e-01
-3.294428559368160481e-01
-3.576735872202320698e-01
-3.969641378943710719e-01
-4.289770649864517171e-01
-4.398362258713117701e-01
-4.233316730809817408e-01
-3.813495712880157762e-01
-3.218312432084551311e-01
-2.544785818793384169e-01
-1.877437001946375694e-01
-1.277623963053241551e-01
-7.590167063315850227e-02
-2.665493446527911550e-02
2.939950257179079277e-02
9.915214578749641239e-02
1.793651254970432818e-01
2.541643825242286270e-01
3.046661447595288008e-01
3.207098463272806677e-01
3.054726064737781632e-01
2.731623103996810298e-01
2.406822085515547271e-01
2.207641831332602944e-01
2.193387863487989697e-01
2.336598078101300158e-01
2.534106787173557862e-01
2.651666618332672032e-01
2.585467412915563590e-01
2.384843112811141086e-01
2.357874566572097930e-01
2.876443356919597405e-01
3.998688398864024829e-01
5.401316628764216698e-01
6.674811626185566116e-01
7.524969378255600416e-01
7.806359691610290641e-01
7.555392965034934960e-01
6.950715758002584677e-01
6.215698881197226910e-01
5.526829416005970552e-01
4.919409877720193336e-01
4.280301211350098778e-01
3.463247573621468511e-01
2.480613046697585644e-01
1.612411591818106171e-01
1.174428166801180229e-01
1.235961027133582191e-01
1.609402778195276884e-01
2.029090526203943812e-01
2.296151253954559213e-01
2.294450035205878313e-01
1.999724392150676044e-01
1.500956369661997358e-01
9.538551600630472416e-02
5.196369899959624172e-02
3.437508522141860534e-02
5.060043944808411548e-02
9.426833988121677277e-02
1.447920092306030360e-01
1.742538348171094875e-01
1.612111312989412959e-01
1.075406412100612108e-01
3.624116707417594785e-02
-2.536612478432144144e-02
-5.876487588019296826e-02
-6.165752346232850761e-02
-4.495731272156279490e-02
-2.408564584032851785e-02
-1.246385711827067110e-02
-1.526967985793823389e-02
-2.678952557704366091e-02
-3.487160098155524246e-02
-2.650836529286428392e-02
8.696097422465390650e-03
7.397524844199558636e-02
1.623547035379136194e-01
2.590823691444790744e-01
3.462043163045075422e-01
4.092040938534393657e-01
4.453105286169593002e-01
4.639154687853469516e-01
4.787539482130738211e-01
5.010392931490464941e-01
5.342192381660002543e-01
5.710813640647671718e-01
5.948389220807944744e-01
5.834167845588289492e-01
5.248372453819419858e-01
4.467156955892687131e-01
4.205320123541555488e-01
4.928480496701684865e-01
6.248281494343678188e-01
7.452889119815871988e-01
8.116134073506438007e-01
8.143340815078246031e-01
7.668564461603170068e-01
6.925061881337826186e-01
6.133385430910772707e-01
5.423249804137265651e-01
4.794623760211591534e-01
4.152217292351815248e-01
3.350458165782059239e-01
2.243716588035276072e-01
8.050858960278718668e-02
-7.284574900879295378e-02
-1.855351418936899144e-01
-2.130463234121122429e-01
-1.599197094962112597e-01
-7.122095588755363027e-02
1.099242227425230138e-02
6.581138051839934000e-02
9.076337583700923306e-02
9.610189385131079343e-02
9.859313839065834972e-02
1.149167149159562862e-01
1.538806562290128133e-01
2.066181662524528007e-01
2.450907250717953567e-01
2.385830556685976933e-01
1.745033184665611137e-01
6.762115171986442241e-02
-5.122624908539140376e-02
-1.538517030717286016e-01
-2.226860661782595341e-01
-2.537319770884103320e-01
-2.570633894737460734e-01
-2.490331511400257214e-01
-2.447171421228270805e-01
-2.563956344962058931e-01
-2.894121412449408015e-01
-3.368915159346675403e-01
-3.825048191719768731e-01
-4.057088322310450357e-01
-3.884570041450207123e-01
-3.276951791733407893e-01
-2.432416365151816029e-01
-1.757175206529351941e-01
-1.697049572716745336e-01
-2.344990226425265056e-01
-3.315577675329465790e-01
-4.109704403508873671e-01
-4.470359887778219132e-01
-4.449231767080312205e-01
-4.235346258428748234e-01
-4.007627927918628874e-01
-3.878219332963101507e-01
-3.855389719908695612e-01
-3.849276565833096297e-01
-3.706438341656818625e-01
-3.260475434201146605e-01
-2.434455912830989777e-01
-1.337576729856302382e-01
-2.698458169384971433e-02
3.891746435950679123e-02
4.250895630274106884e-02
-3.090095121288256082e-03
-6.259542623536709649e-02
-1.041839833964643275e-01
-1.146970663985230759e-01
-9.893143961406609954e-02
-7.023143315913094042e-02
-4.245689136512512118e-02
-2.600064348398992836e-02
-2.658353525594828876e-02
-4.456381898400500752e-02
-7.503519433020508500e-02
-1.099084600142002377e-01
-1.402726733095446543e-01
-1.600477374651042561e-01
-1.696115339726737004e-01
-1.737401289700665208e-01
-1.772485463474160472e-01
-1.825459847746673248e-01
-1.875744161952803968e-01
-1.872727300216570356e-01
-1.768627745532885265e-01
-1.550706534740430020e-01
-1.269983859421063566e-01
-1.016652562651862990e-01
-8.727031408391372480e-02
-8.909330621871834610e-02
-1.078801102862483458e-01
-1.390281783823237305e-01
-1.736307510270894139e-01
-1.993142320841106985e-01
-2.027913151850539442e-01
-1.765947844153316348e-01
-1.277023635685449188e-01
-8.198734385985699535e-02
-7.485857615687996347e-02
-1.260502098711905328e-01
-2.214347816644113287e-01
-3.251719713999126071e-01
-4.057565163942467024e-01
-4.501871523078799231e-01
-4.629055979098375961e-01
-4.572905134337470479e-01
-4.465213111647020616e-01
-4.378346559166770291e-01
-4.307037368278547884e-01
-4.171216576079661564e-01
-3.847406729425611460e-01
-3.242671891456834210e-01
-2.408206725828398176e-01
-1.605537723327468413e-01
-1.167840380880135337e-01
-1.229179637983624923e-01
-1.627982242697803839e-01
-2.072418981628961210e-01
-2.329756592141930815e-01
-2.290911940774681410e-01
-1.964193242009343310e-01
-1.444676873924651550e-01
-8.578455559503635197e-02
-3.075905657527197926e-02
1.487033349108939952e-02
5.133696706430814632e-02
8.412551933534644089e-02
1.211657191776782105e-01
1.709813173363745331e-01
2.399719477732488726e-01
3.279434034900268746e-01
4.271961794789772560e-01
5.255224403864190430e-01
6.096654904533079788e-01
6.689656511955880402e-01
6.979047740682507994e-01
6.971512058322099081e-01
6.749621436303747668e-01
6.477537108677798861e-01
6.341095316800691162e-01
6.400939064356350183e-01
6.540062859860353850e-01
6.623564338106719962e-01
6.596702017744099367e-01
6.457043255446180963e-01
6.212495477878445804e-01
5.853929593380088336e-01
5.359807486347488714e-01
4.715718005661341805e-01
3.941545235563766458e-01
3.101558848275628444e-01
2.272455061528079190e-01
1.513259682393879313e-01
8.591093793108277310e-02
3.148470590038699585e-02
-1.487671193202689743e-02
-5.934501755052389027e-02
-1.103360728072818875e-01
-1.751456637291531893e-01
-2.563863966508865833e-01
-3.508536029070034035e-01
-4.503213570667141119e-01
-5.438883299970040941e-01
-6.207439267734786714e-01
-6.734843817525215659e-01
-7.016386368560763032e-01
-7.103722262950604716e-01
-7.048314203045124016e-01
-6.863196256590762268e-01
-6.532781590200696931e-01
-6.100800003920596737e-01
-5.766898561979691973e-01
-5.768404749682711774e-01
-6.114334587397851628e-01
-6.586350090681035718e-01
-6.956749449956313169e-01
-7.089084376258154574e-01
-6.918067925997055667e-01
-6.444309746256775551e-01
-5.740468388804168542e-01
-4.925075196270042310e-01
-4.123204547264647246e-01
-3.431700732843095403e-01
-2.894057523698190248e-01
-2.489470114072111773e-01
-2.142253523226084755e-01
-1.754791867830056695e-01
-1.242487826208677204e-01
-5.567928066123868647e-02
3.001631143232380908e-02
1.270102815338054469e-01
2.227925582571163021e-01
2.983069244599886316e-01
3.361820800538933285e-01
3.333608704906602660e-01
3.036442585899863933e-01
2.667869428839915180e-01
2.359182365458623587e-01
2.142593798367444791e-01
1.981224568390609064e-01
1.797173310193974083e-01
1.502012105860036639e-01
1.044027377420494312e-01
4.801576147957124091e-02
4.875190110411454884e-03
9.859725420852328420e-03
8.037604051886587664e-02
1.984168351803820562e-01
3.287323254712941067e-01
4.448813365799352826e-01
5.357794326968228216e-01
6.004280075188989096e-01
6.428223120371946431e-01
6.679558958792807255e-01
6.790542514112337669e-01
6.766675959118580996e-01
6.578798807663504000e-01
6.165208969231539271e-01
5.472039296197083180e-01
4.556566596603071062e-01
3.692784458726925401e-01
3.244550093460184526e-01
3.318037221728357689e-01
3.677312459434537439e-01
4.013618085698990035e-01
4.146743982308029874e-01
4.027855003539195788e-01
3.691418280992133094e-01
3.223287502363962331e-01
2.727656389794572145e-01
2.294448605963466115e-01
1.978810626642954484e-01
1.792648326396590885e-01
1.711213462032138699e-01
1.686557567056901630e-01
1.658175995626231525e-01
1.571196982559023014e-01
1.401139930237608466e-01
1.163946536079597111e-01
9.026085488263999035e-02
6.621247182608504256e-02
4.707859042351140305e-02
3.326509462387388510e-02
2.215146478171480665e-02
7.900908326215344557e-03
-1.717498873087540401e-02
-5.933803623291759172e-02
-1.183690575591368754e-01
-1.839232381929689908e-01
-2.383781425554726829e-01
-2.655739763821126642e-01
-2.601004970857690446e-01
-2.306041473892570803e-01
-1.938726465787549424e-01
-1.658428011107458688e-01
-1.557597970094816986e-01
-1.642509571640316801e-01
-1.850892706361350337e-01
-2.085638309285970382e-01
-2.237816798125875084e-01
-2.204492351315729404e-01
-1.927922898734431845e-01
-1.472284219216210555e-01
-1.093458165793466386e-01
-1.159587232535973372e-01
-1.852367536576821627e-01
-2.970801635680433983e-01
-4.132049701637018346e-01
-5.055854312041253573e-01
-5.643059819676332634e-01
-5.927342908141540745e-01
-6.005882958051043108e-01
-5.977013645947002463e-01
-5.890514633887614648e-01
-5.723133145491267060e-01
-5.394422330132906396e-01
-4.815139970992866059e-01
-3.964925230103047982e-01
-2.992298938092989857e-01
-2.222474676204107824e-01
-1.943126046941780760e-01
-2.139886016694713122e-01
-2.532215695535822153e-01
-2.833833513989180153e-01
-2.895315849956630605e-01
-2.693862574662383436e-01
-2.286473962926363346e-01
-1.767949941352519594e-01
-1.240090811993462550e-01
-7.885419769339202523e-02
-4.587696591389823358e-02
-2.432484937739603018e-02
-9.492526136804343290e-03
4.708928362029955739e-03
2.383654039651898759e-02
5.138631388684673090e-02
8.711145504666371886e-02
1.261703115023054267e-01
1.601433348029550618e-01
1.794525204245945582e-01
1.765119370713924274e-01
1.492783773655378121e-01
1.041636497749211521e-01
5.735457397080070269e-02
3.204830660077763460e-02
4.639231067592760466e-02
9.834965621629769561e-02
1.665397936993716355e-01
2.273570311941993383e-01
2.687943304843787296e-01
2.911062180067999217e-01
3.004807282060561469e-01
3.036429451466045037e-01
3.046787460201798581e-01
3.032021186851541761e-01
2.942915934157399049e-01
2.705710497899952993e-01
2.261492996474913919e-01
1.614017160060243206e-01
8.648269358256460704e-02
2.059482983905966402e-02
-1.596125799157609507e-02
-1.494403503669640594e-02
1.328366969714114658e-02
4.795864421008565887e-02
7.140927405610369982e-02
7.573209724045515401e-02
6.169425939477049536e-02
3.464432281507021788e-02
1.059017144796465170e-03
-3.334408397323811168e-02
-6.471188769720932765e-02
-9.195106848925106713e-02
-1.166867846919964619e-01
-1.418721619016271862e-01
-1.699196444441972431e-01
-2.011766608964275505e-01
-2.331363304456599839e-01
-2.605169181313720661e-01
-2.761418771879524670e-01
-2.737635426707903386e-01
-2.545757470456616600e-01
-2.343014609297552620e-01
-2.394400877929319937e-01
-2.870673023391187573e-01
-3.682645963929730426e-01
-4.565454553630196588e-01
-5.269690541121929694e-01
-5.655349107121119268e-01
-5.699379265020665386e-01
-5.467831519152340780e-01
-5.067796064355130081e-01
-4.594817788909777989e-01
-4.094111455493435470e-01
-3.552841225130869973e-01
-2.928009391498877512e-01
-2.204130783655848247e-01
-1.459327758138478925e-01
-8.664686924529009515e-02
-5.784730584708407813e-02
-6.029428148874454302e-02
-8.034845359917519581e-02
-1.004345539031075568e-01
-1.073450693776843157e-01
-9.421812527983897123e-02
-6.011789325299642800e-02
-9.246404662828493215e-03
5.053100295965119032e-02
1.098095482703230485e-01
1.597280124511351040e-01
1.937787237960474085e-01
2.093614616542195661e-01
2.081952853600651798e-01
1.959401333596620942e-01
1.825113593211557805e-01
1.809438915803593950e-01
2.017623077103522233e-01
2.458771096615911256e-01
3.037215471003704148e-01
3.638854834068535049e-01
4.207145306571878907e-01
4.730171538266279563e-01
5.196434136491998590e-01
5.564712081135673172e-01
5.762546114488902305e-01
5.711995336882851326e-01
5.364306123603305165e-01
4.729942890137326938e-01
3.887885820226806288e-01
2.976751790450221646e-01
2.176998788894616843e-01
1.649108271673867809e-01
1.435100950469606895e-01
1.429924796695093980e-01
1.472863473462343309e-01
1.458800923170778252e-01
1.361331191025638709e-01
1.193937253235954482e-01
9.768605134375424326e-02
7.219129738655137574e-02
4.300459942546708964e-02
9.665763815082455482e-03
-2.835949274700527364e-02
-7.085207983820981936e-02
-1.158795223738345176e-01
-1.597766900948453528e-01
-1.976714666440889945e-01
-2.242568072279579328e-01
-2.351529349995943319e-01
-2.288487062273058259e-01
-2.100007397789805663e-01
-1.926710073765732500e-01
-1.971336259867391694e-01
-2.368100460453118339e-01
-3.060287098275089601e-01
-3.845098598687762825e-01
-4.527495183094079056e-01
-5.003478862141539363e-01
-5.252899558677416314e-01
-5.303151789003657246e-01
-5.193464538593077773e-01
-4.951918951019916304e-01
-4.583687976762561567e-01
-4.074779347261330287e-01
-3.417102995186331316e-01
-2.644841841307077890e-01
-1.868212789464544221e-01
-1.259453442141431900e-01
-9.530906728198317024e-02
-9.428042845452302978e-02
-1.091157110167573219e-01
-1.232668835400262813e-01
-1.255597105457524343e-01
-1.114434369493164795e-01
-8.126333784380779246e-02
-3.845382014255935982e-02
1.207420744774525059e-02
6.503023682645443782e-02
1.157745427579981029e-01
1.612999185196713758e-01
2.003280575012202636e-01
2.328131778419460507e-01
2.592588042782404956e-01
2.799286752789985622e-01
2.946350808937715504e-01
3.032662145027129053e-01
3.075185234928824451e-01
3.140294194701162556e-01
3.345403839201254725e-01
3.784083078108633758e-01
4.433571131808516363e-01
5.158089805524940230e-01
5.793276595903650295e-01
6.207409689944416442e-01
6.320362004267562339e-01
6.113683035263929311e-01
5.629053902557445976e-01
4.946552510009133985e-01
4.151935140421756376e-01
3.312753843311381785e-01
2.480390626350894301e-01
1.708956776924779319e-01
1.068501889092764306e-01
6.286328137824490070e-02
4.121926138279451146e-02
3.740701901019470588e-02
4.282096693485679118e-02
4.861695682247557659e-02
4.816601391899485995e-02
3.750666394453181646e-02
1.511144008452536790e-02
-1.790538161278312779e-02
-5.762045287312578257e-02
-9.747429729017730027e-02
-1.290907874962809454e-01
-1.442506952574710843e-01
-1.383445440429360018e-01
-1.156517098979760044e-01
-9.351712929901492832e-02
-9.784209382605582594e-02
-1.463220048506423399e-01
-2.324571522677373603e-01
-3.304263128746530165e-01
-4.143427747042855991e-01
-4.702528444864962909e-01
-4.969306982335880418e-01
-5.011734878525330172e-01
-4.919544001425629198e-01
-4.760534681478913455e-01
-4.552364587071262014e-01
-4.255965697880726428e-01
-3.805413529986425569e-01
-3.171856309763390058e-01
-2.439959873793867973e-01
-1.815187929036900794e-01
-1.493773240611530051e-01
-1.507991785844446098e-01
-1.713252470097662850e-01
-1.907424199204806325e-01
-1.938481674144660050e-01
-1.736443302848382775e-01
-1.307375688800968272e-01
-7.113210800043133497e-02
-2.872836151008365240e-03
6.668218113008082815e-02
1.325659839799283313e-01
1.934344300508299419e-01
2.516022029426692730e-01
3.116653402842806120e-01
3.784269253129201593e-01
4.543111623351288042e-01
5.368517481087832222e-01
6.175521916774264763e-01
6.824552112495859690e-01
7.146170438944915437e-01
7.014384811417061494e-01
6.501472464723686562e-01
6.004257665632304342e-01
6.003321885113582779e-01
6.509890015369305116e-01
7.060365488244164656e-01
7.249851558923131600e-01
6.972361980275291193e-01
6.327017638680859646e-01
5.481440853168604299e-01
4.590661556289462042e-01
3.758512581763039928e-01
3.021297605800264963e-01
2.353788737233112049e-01
1.692498903915590769e-01
9.606507745961383182e-02
8.959924083810905451e-03
-9.574681440334588400e-02
-2.161193702491630841e-01
-3.432958378266836030e-01
-4.622983692372417130e-01
-5.565019644024962187e-01
-6.157088102605013935e-01
-6.416888021045568102e-01
-6.453754341311616072e-01
-6.384506561080168785e-01
-6.256872104654923605e-01
-6.023683523264092843e-01
-5.594467845969369746e-01
-4.999549747161665114e-01
-4.591704406225792234e-01
-4.848184599801495520e-01
-5.772705942829062797e-01
-6.912885231097897210e-01
-7.864368163938885159e-01
-8.419436495094810846e-01
-8.481884209168379929e-01
-8.053469441235497905e-01
-7.252422945422726253e-01
-6.268458065848538929e-01
-5.272777366302692226e-01
-4.348760317838260558e-01
-3.479240321039175909e-01
-2.570767384680956447e-01
-1.500838354701951594e-01
-2.100708817156292027e-02
1.154506034025170186e-01
2.180782583854288248e-01
2.453701536041361375e-01
1.955179052258916861e-01
1.045635099909284910e-01
1.021847715502727585e-02
-6.716524481785439427e-02
-1.215201763087658954e-01
-1.558028595933550753e-01
-1.795906582947817132e-01
-2.044591838260602090e-01
-2.365418716177791481e-01
-2.701751127070641800e-01
-2.876738807175081014e-01
-2.714372601258869810e-01
-2.160286694975842026e-01
-1.294328832011077957e-01
-2.878106558781309832e-02
6.766174491088321197e-02
1.461725605195716982e-01
1.988375293595894822e-01
2.262729108415971191e-01
2.384438919014151836e-01
2.489921965105150181e-01
2.709078465684423564e-01
3.147523040138481276e-01
3.825401134863903319e-01
4.640775927080030283e-01
5.420042685727005649e-01
5.984689058826679897e-01
6.228937597482123723e-01
6.167122794300367028e-01
5.891087783944713996e-01
5.523714733544717870e-01
5.215405662768977102e-01
5.096897504430490944e-01
5.178065147430360726e-01
5.329468026739955233e-01
5.470834220522035052e-01
5.672312488343191905e-01
5.983702551362500843e-01
6.356189000111501786e-01
6.673961318415008170e-01
6.801651111804635219e-01
6.620358002480380977e-01
6.081957913498227120e-01
5.265757526038643555e-01
4.335764878770759778e-01
3.441889346160120766e-01
2.675225799146109251e-01
2.050824073177051066e-01
1.500701780633897642e-01
9.099117806408069109e-02
1.807355349605573036e-02
-6.530242248865231192e-02
-1.337400994780555130e-01
-1.572536700454520153e-01
-1.274628936602170415e-01
-6.122103459432914896e-02
1.549656745303029659e-02
8.278346292555448238e-02
1.282398210052984044e-01
1.456937008074513651e-01
1.392749415607424657e-01
1.232898475462320953e-01
1.149959280868999012e-01
1.287844588901391474e-01
1.705417625026908190e-01
2.312220912889104973e-01
2.891041524131767182e-01
3.185033986348617119e-01
3.030013224244425540e-01
2.499525444590842971e-01
1.847921497963549431e-01
1.328652109506242851e-01
1.098043823030488003e-01
1.176427920822468165e-01
1.467482965271953155e-01
1.823163347196883055e-01
2.073014993906193426e-01
2.048584513364126447e-01
1.662329142844108099e-01
9.848992761838337717e-02
2.580299466458853622e-02
-1.480271198415741146e-02
7.956130206458479279e-03
9.173854973912343169e-02
2.004620512869669802e-01
2.937246170503178821e-01
3.530103011923129142e-01
3.844735931628833758e-01
4.047540696960792994e-01
4.281367154845528433e-01
4.597779997659011686e-01
4.944489439410417742e-01
5.202014702162520710e-01
5.222713168851965682e-01
4.873057505121561328e-01
4.124938599598394484e-01
3.149617486604305294e-01
2.317161018080395873e-01
2.008855340253788702e-01
2.290167568839952816e-01
2.857239238377911605e-01
3.336137228831739798e-01
3.524646104293931437e-01
3.423929884108689592e-01
3.150925589463220433e-01
2.843872082843679761e-01
2.599865966019522245e-01
2.439206642096945765e-01
2.313584605423034124e-01
2.145200459832564410e-01
1.851703500102529487e-01
1.359955714319439346e-01
6.334052584125615670e-02
-2.943784033222381080e-02
-1.303007818258112294e-01
-2.204712486910314073e-01
-2.817696312956362581e-01
-3.063826704122348810e-01
-3.009874893700031362e-01
-2.817335491433879402e-01
-2.648389886598305765e-01
-2.590298156826161824e-01
-2.632565582952305916e-01
-2.694379961590099848e-01
-2.670493976604374486e-01
-2.473101072209536733e-01
-2.079781446644527187e-01
-1.607221035659872344e-01
-1.367243500467754946e-01
-1.732275867120130763e-01
-2.770252578113791553e-01
-4.134207353541349272e-01
-5.409725199378795368e-01
-6.382166249761023202e-01
-7.015838318195743994e-01
-7.350352844128322793e-01
-7.439202526961723461e-01
-7.332270020293196744e-01
-7.060510852231155488e-01
-6.608555074338371416e-01
-5.914687946673080621e-01
-4.932804273895995406e-01
-3.752224969063661097e-01
-2.678917619468005884e-01
-2.084114926165506199e-01
-2.075421116509484354e-01
-2.418436691749396850e-01
-2.790459425482416100e-01
-2.988755853436613208e-01
-2.953752858552597393e-01
-2.723556655621193756e-01
-2.388496218560082207e-01
-2.051106625002504791e-01
-1.800588907618572154e-01
-1.703594878025320447e-01
-1.791270329944841255e-01
-2.039680343739707913e-01
-2.366191854076416801e-01
-2.654438700653161676e-01
-2.806090722564980044e-01
-2.793150957003847634e-01
-2.664153460924639782e-01
-2.508281032974812308e-01
-2.414118056362648812e-01
-2.435251474080369349e-01
-2.571352179262222371e-01
-2.775249327140575928e-01
-2.980153481784418301e-01
-3.130180461281649174e-01
-3.194589350011135531e-01
-3.162112753790581321e-01
-3.034667248522877059e-01
-2.839905610739595909e-01
-2.660510309109351823e-01
-2.639385639530018035e-01
-2.909397195682721371e-01
-3.485061298729921209e-01
-4.253133311339683531e-01
-5.067261271701459791e-01
-5.814539024894551655e-01
-6.418435679941463246e-01
-6.820260121896322136e-01
-6.969138111470944974e-01
-6.829937301685667927e-01
-6.401516828467002096e-01
-5.725210743787683132e-01
-4.871374557966445806e-01
-3.920865868831565071e-01
-2.971140228477315293e-01
-2.156967908067900508e-01
-1.624797822777681033e-01
-1.434053750053364551e-01
-1.499735030256374724e-01
-1.674096530790792348e-01
-1.847694423153985188e-01
-1.966711052709432250e-01
-2.009712086122198427e-01
-1.971671681542867538e-01
-1.862173290966844252e-01
-1.707950882772521772e-01
-1.548347483766346344e-01
-1.428036534375213551e-01
-1.393421196254898131e-01
-1.484362905262175125e-01
-1.716584929030764706e-01
-2.062277128272520521e-01
-2.446751966493422858e-01
-2.775180791336397945e-01
-2.975347350955851455e-01
-3.028358365283511100e-01
-2.973836444586362426e-01
-2.888345489655818055e-01
-2.850789548091092196e-01
-2.910479789967928554e-01
-3.068927117776386604e-01
-3.285394610504538404e-01
-3.495919223384550412e-01
-3.627536053626063683e-01
-3.610426749761389553e-01
-3.406532294686808182e-01
-3.074405745438635318e-01
-2.841962491207389307e-01
-3.032010940749272909e-01
-3.766450584018766201e-01
-4.814339090116201425e-01
-5.828848844188440070e-01
-6.592648851488480677e-01
-7.036558004688285850e-01
-7.173811370572121815e-01
-7.055344411315760400e-01
-6.740724274482371436e-01
-6.271994204713955412e-01
-5.658057310893490621e-01
-4.879877097576129086e-01
-3.920841907185376729e-01
-2.826453617234677140e-01
-1.775679829637157869e-01
-1.057093678233029382e-01
-8.605032671149283330e-02
-1.095587092426555387e-01
-1.495860500792687287e-01
-1.837291278550260143e-01
-2.018346932475208466e-01
-2.027397235616837101e-01
-1.902079021512747270e-01
-1.708332582084042539e-01
-1.527890992270046489e-01
-1.443212111860036617e-01
-1.514462018924075393e-01
-1.754174035365166917e-01
-2.113436037113745336e-01
-2.488719961150542836e-01
-2.752470582062367943e-01
-2.807344579260727668e-01
-2.643663482166915824e-01
-2.349523256766083423e-01
-2.056175368856483499e-01
-1.868016175038162141e-01
-1.826395184733452526e-01
-1.914154291851259126e-01
-2.080127954829693593e-01
-2.259729680603761170e-01
-2.387511814879238747e-01
-2.410107696895904816e-01
-2.298802202415448359e-01
-2.060554621225540173e-01
-1.755455890493870796e-01
-1.516602035163015505e-01
-1.530116107153658978e-01
-1.926358760298670092e-01
-2.654947799166652578e-01
-3.521062477888963205e-01
-4.345461976589438113e-01
-5.042688463953490796e-01
-5.588561308596677879e-01
-5.969509897735560955e-01
-6.164074980884020061e-01
-6.150761820951933245e-01
-5.918161006694832027e-01
-5.467026772269428792e-01
-4.814794270912579610e-01
-4.016129950784029790e-01
-3.193434118508487463e-01
-2.531367649540411935e-01
-2.185248237588933440e-01
-2.163664072823521800e-01
-2.329875065275901214e-01
-2.516720662907901973e-01
-2.615383328043934252e-01
-2.586788920466790986e-01
-2.436311983109385182e-01
-2.188239626118047287e-01
-1.870666654865189849e-01
-1.510399708039851241e-01
-1.133153008512288312e-01
-7.618581654556387528e-02
-4.109148130861604853e-02
-8.169008448928091054e-03
2.356315715649959230e-02
5.555905981427846502e-02
8.917000314065677558e-02
1.254180615759190043e-01
1.647800031039952096e-01
2.067353520940125866e-01
2.494226928042687641e-01
2.898517957201381945e-01
3.245255703339527953e-01
3.499633265143357042e-01
3.629420091946675697e-01
3.612587334482103008e-01
3.461962914028263727e-01
3.263704816482466686e-01
3.186785842047480388e-01
3.396763155093944775e-01
3.913036458485825153e-01
4.585948795239064291e-01
5.220926516164475784e-01
5.683925516534245048e-01
5.917650030699269648e-01
5.916917097736498210e-01
5.704164560314839427e-01
5.311609023145772435e-01
4.768505045794882435e-01
4.095778598648958657e-01
3.308914359890655632e-01
2.433885230512592701e-01
1.540097014755932581e-01
7.645218577898899026e-02
2.676816120739848592e-02
1.185109958705873011e-02
2.342986258844587805e-02
4.545904270477731102e-02
6.439964965018896148e-02
7.283575504485269303e-02
6.834878631644196456e-02
5.186706700840443274e-02
2.689885478196559973e-02
-9.620053317752441484e-04
-2.502598411229594796e-02
-3.877608171243906304e-02
-3.721531849798763447e-02
-1.895164637184347869e-02
1.089384311752021606e-02
3.869558311713356541e-02
4.545026025877997589e-02
1.775328892285713694e-02
-4.155286674551297160e-02
-1.156557507716864941e-01
-1.858199708817876439e-01
-2.402805017307487745e-01
-2.756215215539818408e-01
-2.941739247506687804e-01
-3.007921496462436783e-01
-2.999210246890168796e-01
-2.934474716901042668e-01
-2.800357576718050523e-01
-2.561477526550201000e-01
-2.185541226696358363e-01
-1.679304878128114187e-01
-1.123619812995010070e-01
-6.723473057795067986e-02
-4.765953768710603361e-02
-5.753096524328422251e-02
-8.654948843225573896e-02
-1.180871912873156376e-01
-1.384864800866645873e-01
-1.407362993894123726e-01
-1.238589734250436641e-01
-9.105585645952428420e-02
-4.763371083602545297e-02
1.023797342751329824e-03
5.118968535818390481e-02
1.019275722604605361e-01
1.550546936618218408e-01
2.138904943713512974e-01
2.815788236082985008e-01
3.594008991340174042e-01
4.453032517356630415e-01
5.334098569876095652e-01
6.150663407278151862e-01
6.809631530388938758e-01
7.232014358651263075e-01
7.363364158342192711e-01
7.184946394173360451e-01
6.759056672591453596e-01
6.301285364348044871e-01
6.125880290083020041e-01
6.346963105766632030e-01
6.733156671079373323e-01
6.992851240652092626e-01
7.003282659157870071e-01
6.773601515176884691e-01
6.353706134302020692e-01
5.793600990327135714e-01
5.139222668520879722e-01
4.435995935682022773e-01
3.728483212461409235e-01
3.056298384021449155e-01
2.447287945990752611e-01
1.912632442043235015e-01
1.446621585905782936e-01
1.029297245912567937e-01
6.315137111406435300e-02
2.205811103694428968e-02
-2.353259228139623419e-02
-7.620133399480118197e-02
-1.373831931032638287e-01
-2.069034125295042825e-01
-2.824677723173589228e-01
-3.594225232860716601e-01
-4.313159851718578186e-01
-4.916229250485789071e-01
-5.363488134262078821e-01
-5.656115803699891531e-01
-5.824857126971482169e-01
-5.899227630537899891e-01
-5.878251702239158938e-01
-5.722058909369611701e-01
-5.382564981400809190e-01
-4.896552557802351657e-01
-4.511761734930821999e-01
-4.613142889128956647e-01
-5.313682144932208029e-01
-6.297421656954541591e-01
-7.181224721138171896e-01
-7.762210285972493962e-01
-7.976322258100876361e-01
-7.825206664059650707e-01
-7.360608345333705671e-01
-6.678113177888024277e-01
-5.887161398704238158e-01
-5.067933465083825917e-01
-4.242180846722276577e-01
-3.372709142729809484e-01
-2.391009713444654516e-01
-1.261657300544380134e-01
-8.865801142536478691e-03
8.217118335603773582e-02
1.127583645414667463e-01
7.732097733782383742e-02
2.834999872107964343e-03
-7.855833768315871601e-02
-1.480920829636100389e-01
-1.997270455601420358e-01
-2.348214297683523244e-01
-2.592015264363161098e-01
-2.811490404240654661e-01
-3.082571180731318305e-01
-3.435176373744420197e-01
-3.823037992677952301e-01
-4.132470528077560323e-01
-4.245911730045777155e-01
-4.107930118137609887e-01
-3.751410967470421576e-01
-3.279777065568391103e-01
-2.812253904538944971e-01
-2.436374923112384905e-01
-2.190923377868345401e-01
-2.056492558329631459e-01
-1.958763821198552246e-01
-1.810066347465872638e-01
-1.585582822796365032e-01
-1.417863199171720545e-01
-1.579230755603348857e-01
-2.245040405552846674e-01
-3.326761701992533293e-01
-4.560387670481481082e-01
-5.677708953307033513e-01
-6.478753853298312437e-01
-6.846473162817328095e-01
-6.785786157783075812e-01
-6.421244159160005571e-01
-5.924331101408342182e-01
-5.439732167606546875e-01
-5.022061114639206902e-01
-4.603288876083188041e-01
-4.053669904791136203e-01
-3.334412319071131114e-01
-2.642869778617524812e-01
-2.288945169769649457e-01
-2.390253208343471325e-01
-2.795664863893129737e-01
-3.251603244735323806e-01
-3.554478290349460945e-01
-3.582589395284843103e-01
-3.302617561199824303e-01
-2.783371069982576440e-01
-2.164578831799207070e-01
-1.594266009688198038e-01
-1.193471005476495345e-01
-1.030240112703442734e-01
-1.083972987813239391e-01
-1.259643392199703005e-01
-1.436619556882239856e-01
-1.495867331393689603e-01
-1.360652906845469523e-01
-1.041091274434560593e-01
-6.162756686946328777e-02
-1.878456525998623006e-02
1.472332854219775798e-02
3.271150663292339555e-02
3.599516355103953708e-02
3.310751712922134493e-02
3.720353582765776462e-02
6.136774491983035262e-02
1.133206487397580842e-01
1.893755013712169755e-01
2.736819948563264382e-01
3.449015766773909641e-01
3.848411217463004741e-01
3.888571577827276138e-01
3.696336105343843159e-01
3.472885483776678717e-01
3.385102706307991927e-01
3.504693123773871544e-01
3.780951055200481581e-01
4.074553900696482600e-01
4.200719900105261972e-01
3.980201101733680802e-01
3.405858825613772844e-01
2.850865399340622997e-01
2.945117560807141155e-01
3.953301060927230659e-01
5.438428038150104893e-01
6.778163047217778958e-01
7.601504102648838357e-01
7.820037258040175576e-01
7.559577475636910515e-01
7.037693458765569288e-01
6.460215590152509346e-01
5.938036666897518190e-01
5.430644469635049765e-01
4.789216933844223645e-01
3.841639590753161415e-01
2.535441366986682654e-01
1.133193721385983843e-01
1.636392570662848975e-02
1.049907630227893624e-03
5.431968589995843366e-02
1.301140207437358476e-01
1.912863904620911992e-01
2.204437166733334008e-01
2.160803159464818046e-01
1.893236625048044797e-01
1.571614475885842743e-01
1.369601837158039292e-01
1.430311216989034184e-01
1.788821230314427968e-01
2.312542724488977353e-01
2.750710279593069907e-01
2.843378912399621150e-01
2.476742523580733879e-01
1.779691698930737642e-01
1.020300001966792103e-01
4.501823829693954448e-02
2.104709361697449863e-02
2.853111386001463620e-02
5.466273776128122847e-02
8.392851462067481283e-02
1.025200637810563392e-01
1.015840687521816638e-01
8.103898425645447712e-02
4.847909153875809563e-02
1.421256836177104549e-02
-1.168289612654924321e-02
-2.282274434705219499e-02
-2.132894875352030900e-02
-1.703098480670655474e-02
-2.203795715896897031e-02
-4.461315187676596211e-02
-8.015348428786103763e-02
-1.097942941075251283e-01
-1.128181508566312302e-01
-7.994241921581446420e-02
-2.030959715925843845e-02
4.521057628538717454e-02
9.619555875790412880e-02
1.179796573322648146e-01
1.053885576473102548e-01
6.487365812592221781e-02
9.639912675755623814e-03
-4.623492350061701728e-02
-9.100968304766325623e-02
-1.194787056079076593e-01
-1.360505875315117241e-01
-1.519966527584336591e-01
-1.802341158323678971e-01
-2.312283079342396519e-01
-3.078640320636907846e-01
-4.023588946551717727e-01
-5.000035013951211749e-01
-5.840287580728719119e-01
-6.398872769561125828e-01
-6.615305292548362415e-01
-6.533314423591185527e-01
-6.268642192879245734e-01
-5.998095550402394727e-01
-5.907355702806783571e-01
-6.045409984901461975e-01
-6.259338193118065830e-01
-6.382043876735727927e-01
-6.415556404907578614e-01
-6.428223683266736099e-01
-6.433440524530446014e-01
-6.374739842277573620e-01
-6.161937319383856693e-01
-5.719421283429971803e-01
-5.030028860976996086e-01
-4.155786486224682386e-01
-3.209704673418227183e-01
-2.301395865904812543e-01
-1.508753685580481174e-01
-8.639366405985042519e-02
-3.305315949765582489e-02
1.902323838927880845e-02
8.175074034213269947e-02
1.635699758013423599e-01
2.616416118311730710e-01
3.582924682350887013e-01
4.299005052478852562e-01
4.602932343789577496e-01
4.501544448869482795e-01
4.157261297868566352e-01
3.768329944449732571e-01
3.479965739443678929e-01
3.356413062300388495e-01
3.365444569283058684e-01
3.399543331699399484e-01
3.350522125972132392e-01
3.237811742231752055e-01
3.321909395707785539e-01
3.912179613812403756e-01
5.026779752548352631e-01
6.379702690479969185e-01
7.609182556289342259e-01
8.418783329753950495e-01
8.616672392912017031e-01
8.203724895104841375e-01
7.373566610525723597e-01
6.379653444346137237e-01
5.423720355684230610e-01
4.579215837918216292e-01
3.770646239127327104e-01
2.862547061214606448e-01
1.838193327511129793e-01
9.599613371311677135e-02
5.790243240293524440e-02
7.774709629038976944e-02
1.348458228768270040e-01
2.017133419297851837e-01
2.592805877033590445e-01
2.958808231567490177e-01
3.052737076725259291e-01
2.910544132134840201e-01
2.669774517385554158e-01
2.490097789238421289e-01
2.486894647694376237e-01
2.675249676700123258e-01
2.935179104260268734e-01
3.085700797368994275e-01
2.970719214645884954e-01
2.543281349584072260e-01
1.925025870945350215e-01
1.319210264548850708e-01
9.005360111595893391e-02
7.806731538963415651e-02
9.629693980993297986e-02
1.333849609642233369e-01
1.729604926851793512e-01
1.965333741642920629e-01
1.859651594164787869e-01
1.345520767380350702e-01
5.598420878945772894e-02
-1.687741873403535847e-02
-4.220988993360430541e-02
2.238711632421599464e-03
9.748319000315755489e-02
2.006205461556413439e-01
2.753491725485796571e-01
3.108598891563485456e-01
3.187858645740114238e-01
3.184069961052486408e-01
3.261247468583919895e-01
3.482411805765452395e-01
3.790858244830227486e-01
4.053121150978417075e-01
4.101672175166957701e-01
3.785065948391073132e-01
3.062567299671465348e-01
2.092549668221241055e-01
1.229955710616040254e-01
8.659397588084079278e-02
1.125911414626824397e-01
1.755068819525090473e-01
2.360538210767586798e-01
2.683827513738307746e-01
2.684523093518184078e-01
2.473036151024630425e-01
2.206464760426468386e-01
2.010324782114901176e-01
1.932663268167189308e-01
1.935250678925673484e-01
1.925438591292119861e-01
1.798823612966346241e-01
1.460771752373075938e-01
8.544918843946568143e-02
3.603187057357516731e-04
-9.806381379313992841e-02
-1.921374013435840078e-01
-2.625224972492349318e-01
-2.981328104117125788e-01
-3.022954534538963012e-01
-2.892562753138106513e-01
-2.760067812256791764e-01
-2.730712865303584480e-01
-2.808472917557272575e-01
-2.921914930086489948e-01
-2.962854076538737891e-01
-2.831317237851408986e-01
-2.478816454829032012e-01
-1.961896261576972500e-01
-1.522026432531220774e-01
-1.558553041795120719e-01
-2.316807453484107937e-01
-3.587074410767560062e-01
-4.908647462534418415e-01
-5.971463375537224838e-01
-6.703015500932478776e-01
-7.147821149806942165e-01
-7.370099109967500617e-01
-7.410518153107530370e-01
-7.278226861916616830e-01
-6.948347965977382801e-01
-6.359688440943405130e-01
-5.456019910243512516e-01
-4.274345069360094285e-01
-3.043857097344693785e-01
-2.162693880595835116e-01
-1.904757340421755485e-01
-2.158271124303777211e-01
-2.576148409520708782e-01
-2.876103016654286693e-01
-2.950520280008035456e-01
-2.818605172026914518e-01
-2.561620489130709832e-01
-2.280848289577192267e-01
-2.065077353729846410e-01
-1.977740569123967174e-01
-2.050982814958027811e-01
-2.269423881086385375e-01
-2.568388036886407044e-01
-2.851483160125273253e-01
-3.025669171531104595e-01
-3.053148836558025048e-01
-2.966964261029128025e-01
-2.841726353845582254e-01
-2.758549950443027199e-01
-2.770457805705128784e-01
-2.885652775662166380e-01
-3.072382472638145456e-01
-3.270810722342835097e-01
-3.417802174180061825e-01
-3.465531917291139741e-01
-3.383212677015654535e-01
-3.168309102512583131e-01
-2.876873548810182091e-01
-2.663475531345316782e-01
-2.757386915805185579e-01
-3.284817689177959021e-01
-4.125074403191352213e-01
-5.032379411886173104e-01
-5.826295074692594556e-01
-6.432265721469191400e-01
-6.824332374482264818e-01
-6.987094666440496482e-01
-6.913249481959734544e-01
-6.602911086892638837e-01
-6.066188044001716850e-01
-5.323770204709785681e-01
-4.408301569145734455e-01
-3.387875440250698866e-01
-2.400039973253390024e-01
-1.651446335309072477e-01
-1.313139291159265698e-01
-1.367739706942625866e-01
-1.628916726239487689e-01
-1.903589808937198036e-01
-2.087463362601386652e-01
-2.156950753699847234e-01
-2.125972399551021852e-01
-2.022933739509351070e-01
-1.888180420835045836e-01
-1.769825519061394292e-01
-1.716580362140067151e-01
-1.766667901725481882e-01
-1.934968184637823885e-01
-2.209351817483201641e-01
-2.549052340279492901e-01
-2.886636992099007593e-01
-3.150305386289334320e-01
-3.296601611827138512e-01
-3.333778762666377848e-01
-3.315456499535406332e-01
-3.305341293415834381e-01
-3.349175219365425060e-01
-3.464213206774900966e-01
-3.634245941881010800e-01
-3.812415701212690244e-01
-3.927796540180070184e-01
-3.901175893567860875e-01
-3.687612186912349599e-01
-3.349127085686194882e-01
-3.122864740390328131e-01
-3.335676481356449896e-01
-4.098115377813982829e-01
-5.163835439581260234e-01
-6.175181093985870895e-01
-6.906703079304019610e-01
-7.288825556947691187e-01
-7.340190524625902491e-01
-7.119833036886178412e-01
-6.699812945756152827e-01
-6.140052440583271265e-01
-5.468570069973075487e-01
-4.670633045621707113e-01
-3.711810740900543526e-01
-2.614506494932520853e-01
-1.549936256019762426e-01
-8.201362407839565827e-02
-6.313184287224385405e-02
-8.987611081256903500e-02
-1.357689130612138584e-01
-1.777277498974201009e-01
-2.040064885656011351e-01
-2.120562278958748881e-01
-2.051394408670154379e-01
-1.904490271013012936e-01
-1.771149282601126862e-01
-1.736854641428766111e-01
-1.861441055901146002e-01
-2.154202174931466041e-01
-2.550634885531075646e-01
-2.923288184728824457e-01
-3.130299403509834155e-01
-3.091319002610746214e-01
-2.842668758054535671e-01
-2.507932521306783791e-01
-2.223889979586956001e-01
-2.085568168712416959e-01
-2.120486910498819433e-01
-2.293212366791061163e-01
-2.525417690022776496e-01
-2.716942323786414870e-01
-2.770672289777861286e-01
-2.618898744393905464e-01
-2.257216332243481560e-01
-1.794838551518155578e-01
-1.486580175133465354e-01
-1.638804960603479355e-01
-2.349786097678203400e-01
-3.382984199236870326e-01
-4.392919121359145640e-01
-5.175742252480241001e-01
-5.697911240067651262e-01
-6.010207808269661944e-01
-6.171472868910730103e-01
-6.214465414404081178e-01
-6.135082781944096730e-01
-5.892214904540641340e-01
-5.426124189487341321e-01
-4.696645125272874699e-01
-3.748042129403497125e-01
-2.775333594751174804e-01
-2.085404763267599548e-01
-1.887376889228093713e-01
-2.104198617544482397e-01
-2.463365732124663254e-01
-2.726005505050917432e-01
-2.785349961215868864e-01
-2.642826814965692495e-01
-2.357964050529604283e-01
-2.007070151954866433e-01
-1.660235111513335693e-01
-1.369488825782212149e-01
-1.160869835402807970e-01
-1.033836848016968096e-01
-9.663064955313452331e-02
-9.248764558560729210e-02
-8.810041932309195523e-02
-8.241637196630506590e-02
-7.675692451911926562e-02
-7.462636240028289181e-02
-8.059705346684033211e-02
-9.896816675371412908e-02
-1.323730069774864404e-01
-1.801905549596642675e-01
-2.379592809004648091e-01
-2.983626380075361517e-01
-3.533565431971558146e-01
-3.972433662883479433e-01
-4.288979886702136701e-01
-4.515718866078561877e-01
-4.707532833126478189e-01
-4.909329798467820249e-01
-5.128377326249589085e-01
-5.322737307570861720e-01
-5.404487452876962639e-01
-5.269465411767981777e-01
-4.883153624373443580e-01
-4.428348709112133741e-01
-4.336324454831781972e-01
-4.910489458394515228e-01
-5.940863808980060279e-01
-6.958690785170192905e-01
-7.644081541909256705e-01
-7.891242829915182666e-01
-7.726720653255492177e-01
-7.249274595252825915e-01
-6.587168526783666600e-01
-5.853526965793582892e-01
-5.108098502276434694e-01
-4.341206095742873861e-01
-3.484788799065052234e-01
-2.455391773636994568e-01
-1.241345406398370182e-01
-1.948321809011518838e-03
8.363246257797046779e-02
1.017531966463339627e-01
5.774521503631904057e-02
-1.526785404822989488e-02
-8.627047759861171394e-02
-1.395002704339095567e-01
-1.714461090210212812e-01
-1.863128047076612059e-01
-1.933427314550696663e-01
-2.035806464085684608e-01
-2.257528894170972300e-01
-2.617601118709811381e-01
-3.026495180447643096e-01
-3.308535453346168054e-01
-3.300529643130776236e-01
-2.949496250799009678e-01
-2.349977935841291998e-01
-1.683715192491007928e-01
-1.119924167711194712e-01
-7.659029363907696175e-02
-6.504005086422622040e-02
-7.182853009856489390e-02
-8.565169123459827338e-02
-9.285531700348680084e-02
-7.985131624194551081e-02
-3.807034820051949375e-02
2.799849665501038393e-02
9.637677880032541333e-02
1.334087800095694332e-01
1.137123681878131481e-01
4.185865799324770681e-02
-5.208549211464923168e-02
-1.359873140867611518e-01
-1.912542765261423527e-01
-2.160071653514920587e-01
-2.198853270780740943e-01
-2.162971985460691582e-01
-2.168129308759143281e-01
-2.275701217389503872e-01
-2.473605965551602948e-01
-2.685139160334854003e-01
-2.797310262014331972e-01
-2.690611672040176261e-01
-2.284236477269151466e-01
-1.599844958426709651e-01
-7.984337197318362722e-02
-1.579792436340289596e-02
4.638107936164324700e-03
-2.534538680909547911e-02
-8.552038157796919282e-02
-1.457570450461686540e-01
-1.856012310987684433e-01
-2.011455253013882671e-01
-1.997923798404447060e-01
-1.920750224420436636e-01
-1.864065370123531296e-01
-1.862108729102681937e-01
-1.894187087511616241e-01
-1.901678511496785462e-01
-1.807636249680711349e-01
-1.538033241089510061e-01
-1.050267281443692663e-01
-3.573806124464346673e-02
4.622505188935097792e-02
1.271843664694563281e-01
1.907602511028510806e-01
2.245618407500885594e-01
2.275808307629927363e-01
2.110012197132830336e-01
1.905238436953802517e-01
1.772507398083738028e-01
1.740201666694896898e-01
1.775126006784950583e-01
1.819499708782584546e-01
1.814613008294234109e-01
1.713364400848183255e-01
1.491298741264140693e-01
1.167480500832969031e-01
8.423047818613872695e-02
7.118572724773856997e-02
9.788763315702221635e-02
1.683287870361384053e-01
2.654625212702548254e-01
3.664655334984596169e-01
4.567829460532601416e-01
5.308638603807748213e-01
5.874070949222612859e-01
6.257109847132767966e-01
6.444192291860322275e-01
6.419586500984693078e-01
6.172117639006322598e-01
5.701755040061919910e-01
5.032295578887644449e-01
4.239723869006632451e-01
3.484933184198947265e-01
2.974761651517841554e-01
2.816613294230719267e-01
2.923996608431298494e-01
3.107258367660571396e-01
3.216526474209328579e-01
3.185818213920178499e-01
3.007341323578623382e-01
2.703547904084645515e-01
2.310840301395118979e-01
1.869844218605799802e-01
1.417351447861932567e-01
9.781455440979051896e-02
5.620893586825468496e-02
1.650667180019264532e-02
-2.302696992252792341e-02
-6.503753056997756132e-02
-1.123459673276661352e-01
-1.670812778415627087e-01
-2.297873651181700227e-01
-2.991696529161586571e-01
-3.724908158708468142e-01
-4.459722746325096576e-01
-5.153216521744934386e-01
-5.763107288881461621e-01
-6.250670759291476752e-01
-6.580427853631933832e-01
-6.716632087126666040e-01
-6.632369090557675984e-01
-6.357636580881401711e-01
-6.045667327631769616e-01
-5.933053596468494950e-01
-6.118989496087264834e-01
-6.448241957463650698e-01
-6.687167678529910564e-01
-6.693623045380290293e-01
-6.429343190061762581e-01
-5.919905297993128812e-01
-5.227996407647705901e-01
-4.436237521287057506e-01
-3.625266911766955036e-01
-2.852634310315641519e-01
-2.142746951982180681e-01
-1.484143849049287811e-01
-8.330283968158569419e-02
-1.258197152666560778e-02
7.000932680863437840e-02
1.672450762905019761e-01
2.743044272202341261e-01
3.772039141796471040e-01
4.572136286717412013e-01
5.009583194254377814e-01
5.089120440858935224e-01
4.936915505297251872e-01
4.705934182920739617e-01
4.495873974427286313e-01
4.326353863484971862e-01
4.152757979022677071e-01
3.918824635659906575e-01
3.659499067221221869e-01
3.601691840687640256e-01
4.044382321232394273e-01
5.022709307738921769e-01
6.262519233341555802e-01
7.441025220239370075e-01
8.323557895257002182e-01
8.747313378420031871e-01
8.636469380546838437e-01
8.051530702544107410e-01
7.162533837300846251e-01
6.153693970396851842e-01
5.138248048634854737e-01
4.126781687562470768e-01
3.060354019167745854e-01
1.912240036627477213e-01
8.350338821341712903e-02
1.684797170622779131e-02
1.397740089051035216e-02
6.344512289501734459e-02
1.357181647577612449e-01
2.075392072439382618e-01
2.674603554110136505e-01
3.104667768881473333e-01
3.353774330090009137e-01
3.458677788782784090e-01
3.496241329522821184e-01
3.539198246023680938e-01
3.612366497337649585e-01
3.675025138288757209e-01
3.649023783486791128e-01
3.467682777857674092e-01
3.102293803992915988e-01
2.582989255855456801e-01
1.996388784586811682e-01
1.442409561772793058e-01
9.977567613595517138e-02
6.999030159079260016e-02
5.254458225666968491e-02
3.978121798091367040e-02
2.411173822323724875e-02
3.779423670893368274e-03
-1.063962901383889298e-02
1.264154888057326216e-03
5.280814526227086553e-02
1.396674952875128772e-01
2.429611351214799875e-01
3.408161895612968895e-01
4.160420400882614000e-01
4.572558879036454083e-01
4.622872641429214280e-01
4.402571314677589664e-01
4.061115876893130472e-01
3.747919440461713880e-01
3.564309580231242447e-01
3.497575050792838813e-01
3.421611475050839735e-01
3.180934109962442746e-01
2.730272352768092770e-01
2.267624532055023956e-01
2.102836298797907399e-01
2.381912878965860847e-01
2.981173905346965469e-01
3.625932073525680033e-01
4.067096141413900634e-01
4.146718526573511809e-01
3.828795264798069420e-01
3.212038997231959625e-01
2.459183033901883031e-01
1.724676645170163114e-01
1.125230132397188471e-01
6.900341395151081414e-02
3.376226347617808377e-02
-6.711009853486328038e-03
-6.336917587897854254e-02
-1.346052419853372983e-01
-2.024126477052584916e-01
-2.456918178333800384e-01
-2.534040109685239961e-01
-2.302732077775874742e-01
-1.934806079662667322e-01
-1.614592008771226772e-01
-1.481270787951181334e-01
-1.609058869062311437e-01
-1.961719506607697006e-01
-2.395738766645335027e-01
-2.717917670707609146e-01
-2.739246629214620032e-01
-2.413370602509517793e-01
-2.027123049830923118e-01
-2.103532512123877096e-01
-2.956912221872872171e-01
-4.352600721253670479e-01
-5.760573912749974435e-01
-6.749332953032636251e-01
-7.110268852618228941e-01
-6.898976749522319762e-01
-6.347543148990639761e-01
-5.718095859845270246e-01
-5.206567747878528829e-01
-4.837459443531120229e-01
-4.450354008766428948e-01
-3.814575195638580385e-01
-2.819607770598556162e-01
-1.689833256690130292e-01
-8.718887950686705912e-02
-6.581829164982097580e-02
-9.660154854579887374e-02
-1.460223526717538411e-01
-1.828653720120438364e-01
-1.874482191900022077e-01
-1.531025835333928997e-01
-8.886474726459479834e-02
-1.306367364273098262e-02
5.537305407498890886e-02
9.891522277178338429e-02
1.053599674301392980e-01
7.584031070036467703e-02
2.555521380405102044e-02
-1.986467314822833174e-02
-2.996222309462954342e-02
1.096131547495263550e-02
8.886677150553330684e-02
1.714008115249907316e-01
2.306598561877150622e-01
2.610176918327289375e-01
2.755514237834539304e-01
2.919617573678249811e-01
3.224268874979482891e-01
3.655404851370688268e-01
4.070173490493619872e-01
4.277727050712865076e-01
4.110717789886579876e-01
3.514039197662878200e-01
2.608494820059837349e-01
1.667119802408920659e-01
1.038263896915840312e-01
9.430116437777448513e-02
1.272618920797925490e-01
1.691598402538845580e-01
1.906673483457526908e-01
1.831787924557721492e-01
1.551818810121730063e-01
1.199696745332132775e-01
8.922630903480770204e-02
6.926049852213712887e-02
5.822857075435411423e-02
4.781335049058545866e-02
2.718327745677134172e-02
-1.295836235497796821e-02
-7.643856885004929325e-02
-1.602876863838847143e-01
-2.566486473103558041e-01
-3.550506414079059314e-01
-4.443465858378382038e-01
-5.162806331820516403e-01
-5.697920048692681760e-01
-6.106234378077208813e-01
-6.460506412833262324e-01
-6.798317496109278490e-01
-7.080903418069335320e-01
-7.176400392317056065e-01
-6.924332627555724873e-01
-6.345301574669354183e-01
-5.838133078364364792e-01
-5.839727513682653193e-01
-6.288475439957889046e-01
-6.775338051903562198e-01
-6.975834483278445797e-01
-6.755961214008688875e-01
-6.130921976684423624e-01
-5.229425114393099205e-01
-4.234827759835121386e-01
-3.325816593514953068e-01
-2.627167268480091744e-01
-2.167925517755345255e-01
-1.881392940079086862e-01
-1.653077881147213546e-01
-1.366049414464948208e-01
-9.258386909881539950e-02
-2.938032784870317146e-02
4.924061569782389042e-02
1.348052160437968328e-01
2.176833202020198033e-01
2.895579685793197577e-01
3.474766646418591676e-01
3.952559771941078770e-01
4.402019016164432919e-01
4.898628659791741113e-01
5.483085418092122909e-01
6.119129421818558789e-01
6.693285403864547289e-01
7.038386240132235017e-01
6.975230722239099679e-01
6.409732554985417829e-01
5.496091800848185160e-01
4.779536412902701814e-01
4.891562990981242476e-01
5.781979176947892318e-01
6.766583550130715885e-01
7.318523106490917307e-01
7.349539661618211817e-01
7.010380696195950279e-01
6.490150917822889998e-01
5.935955237326292488e-01
5.420520573091909267e-01
4.942426283678953980e-01
4.452530347752943762e-01
3.879797303722696267e-01
3.161224788729932178e-01
2.264770430027977233e-01
1.199250457954222776e-01
2.745986696175703630e-03
-1.115547546904788190e-01
-2.018859578574649649e-01
-2.471310435836034103e-01
-2.418402564216245998e-01
-2.021371678366456204e-01
-1.523278571252613678e-01
-1.083687538347994084e-01
-7.319764028239157672e-02
-4.173360294776368856e-02
-6.486785067703750712e-03
3.894676295261045862e-02
9.630486966699178253e-02
1.588223222689474634e-01
2.085248519303942727e-01
2.206118712669938309e-01
1.806745120148318950e-01
9.845783347811713770e-02
-9.960805977403499375e-04
-9.593927769881428758e-02
-1.764967860344582029e-01
-2.418911168209348372e-01
-2.953205700238160647e-01
-3.413122622234602832e-01
-3.840996509995263097e-01
-4.265833919518772777e-01
-4.697003019767995169e-01
-5.114950762536115692e-01
-5.473790867896874968e-01
-5.711853223891306675e-01
-5.758222830190488084e-01
-5.555778203497360179e-01
-5.113514985701921312e-01
-4.582838646534442284e-01
-4.266802513393619933e-01
-4.401124420151381611e-01
-4.901003712015868374e-01
-5.462162104881217450e-01
-5.837642651018331019e-01
-5.940283041264607933e-01
-5.789888184607633326e-01
-5.451412343638807334e-01
-5.000101493503311678e-01
-4.494616608823604476e-01
-3.964067956237457557e-01
-3.405814345912844820e-01
-2.788048926296032293e-01
-2.064649238959668509e-01
-1.200885751542213747e-01
-2.200705649879921080e-02
7.384332949693139803e-02
1.434392914102573524e-01
1.673377346293290213e-01
1.467172948544790689e-01
1.014278951858058608e-01
5.358094844628445014e-02
1.697264606914640830e-02
-3.545693670619950999e-03
-9.866367224519204462e-03
-8.295989135620003216e-03
-7.531680916502541193e-03
-1.655871657433088950e-02
-4.126671989798168239e-02
-7.986826801496950401e-02
-1.187159422693419147e-01
-1.343771645878694410e-01
-1.074200978884150975e-01
-3.792899160163403643e-02
5.455285616446639563e-02
1.456002105977977079e-01
2.181682332804463498e-01
2.652426695773627552e-01
2.880714212306472732e-01
2.934249982724626560e-01
2.900266764058712088e-01
2.855237956443412162e-01
2.839592111974891808e-01
2.835204468814778722e-01
2.770048200362636992e-01
2.552654144883874099e-01
2.129939757625858299e-01
1.569442613269587949e-01
1.088509584650742129e-01
9.397081070580548534e-02
1.218530186110115959e-01
1.783785076343101794e-01
2.381219593239619903e-01
2.801219121500115872e-01
2.939000077517920917e-01
2.796432691842807294e-01
2.449815859533041873e-01
2.001639803208364321e-01
1.544637745661387174e-01
1.133041942091170817e-01
7.622566201476595193e-02
3.737925674087508310e-02
-1.137260457789033598e-02
-7.529300718241765944e-02
-1.509782667604525896e-01
-2.247867420560751839e-01
-2.793651468964276074e-01
-3.040516575465504467e-01
-3.012008213198714146e-01
-2.838200939995008110e-01
-2.674491118439737969e-01
-2.636030505511295918e-01
-2.770780174041422850e-01
-3.049448058784962057e-01
-3.369406738675739255e-01
-3.581954845075515093e-01
-3.548545245076877297e-01
-3.270784443331105629e-01
-3.050323601455614542e-01
-3.357242271421396751e-01
-4.356146213930218725e-01
-5.717289379408522221e-01
-6.959430719292508671e-01
-7.750468667424407210e-01
-7.960331976454353420e-01
-7.652417044727557460e-01
-7.017553716728767155e-01
-6.266799579268673703e-01
-5.541614764143358851e-01
-4.854495536207085737e-01
-4.099709736160305207e-01
-3.145377290016005412e-01
-1.992441929279420432e-01
-9.094130221292542893e-02
-2.825712342449532288e-02
-2.675083265106496452e-02
-6.779158748087202313e-02
-1.197011253314809176e-01
-1.589289197037134227e-01
-1.732002852793347591e-01
-1.596375069139827352e-01
-1.251600096047230382e-01
-8.413867936752868204e-02
-5.304070536326624397e-02
-4.624172399250432025e-02
-6.979114292084440119e-02
-1.126232007966481707e-01
-1.478545314242021291e-01
-1.455721126069898230e-01
-9.170480558498808610e-02
-1.119417167827403388e-03
9.461704967382927878e-02
1.672448061927968577e-01
2.018507545904131006e-01
2.010585209168825882e-01
1.793774451481982002e-01
1.535168589300321962e-01
1.374690195118737357e-01
1.370081162050683921e-01
1.455220795070784334e-01
1.481170849908204634e-01
1.283956213824766768e-01
7.673162831422962460e-02
7.395812665867648218e-04
-7.555821766637998982e-02
-1.241102407671271085e-01
-1.285167311854352457e-01
-9.654572949785122926e-02
-5.313760061190276468e-02
-2.367162838045320725e-02
-2.404711767741756975e-02
-5.559749590421054349e-02
-1.079885749215607760e-01
-1.671084343034668629e-01
-2.190944540685053066e-01
-2.529581527471899682e-01
-2.643495392714645398e-01
-2.566459487167030429e-01
-2.386708656421923647e-01
-2.226625579426380341e-01
-2.218429255793562815e-01
-2.442602897972769582e-01
-2.869207680580083686e-01
-3.372730636721876230e-01
-3.849061822079590800e-01
-4.316292586546552901e-01
-4.852252770029344964e-01
-5.476541380884637489e-01
-6.098822332679485481e-01
-6.554876604197333867e-01
-6.677920304599742618e-01
-6.370865278874985327e-01
-5.655944431111133985e-01
-4.661333506438798402e-01
-3.575390949418170150e-01
-2.611108489419256551e-01
-1.939874307831858102e-01
-1.595422374500052587e-01
-1.459372982607583247e-01
-1.378666668999590506e-01
-1.283136596770773075e-01
-1.181201438839526024e-01
-1.105256369407572326e-01
-1.073896395605867943e-01
-1.076398582338206067e-01
-1.075990061249355173e-01
-1.024707329976926318e-01
-8.861217145303353082e-02
-6.601567699850557913e-02
-3.937556256148011524e-02
-1.669231912373194543e-02
-6.753993621065664844e-03
-1.639886185873090998e-02
-4.596648825366195235e-02
-8.468711994024166745e-02
-1.123843966442552023e-01
-1.097882301130963800e-01
-7.191983236773383248e-02
-1.187381939841413749e-02
4.933345219170217483e-02
9.413163293542753385e-02
1.136952215969800201e-01
1.088815832355675833e-01
8.741544700850677196e-02
5.931765385552304620e-02
3.275569916380483698e-02
1.080490959347639272e-02
-9.471748940817009688e-03
-3.497420796458951264e-02
-7.346038303237183154e-02
-1.303057430591321175e-01
-2.047621417219776807e-01
-2.879107793513077107e-01
-3.653646145805212186e-01
-4.238409845639365403e-01
-4.580828608216626074e-01
-4.731101778341061381e-01
-4.796458056335058950e-01
-4.877148626796931064e-01
-5.026367380818238528e-01
-5.225030062376465612e-01
-5.372200439005143657e-01
-5.322176795144324402e-01
-5.017772832063263078e-01
-4.703788579091390254e-01
-4.856286998761960017e-01
-5.646884284013984345e-01
-6.743040602481407131e-01
-7.698202159650826548e-01
-8.223025458839458013e-01
-8.195818220086321659e-01
-7.660885637336365406e-01
-6.797707622045220388e-01
-5.824737255920034995e-01
-4.905098527525881824e-01
-4.092273526671315054e-01
-3.328281885967408482e-01
-2.482959473291898311e-01
-1.427044748714824951e-01
-1.677724885392637560e-02
1.011995129198940274e-01
1.665683159078643338e-01
1.570410154109043721e-01
9.216651581567081308e-02
9.539216392411325324e-03
-6.307093084890717793e-02
-1.120625820090789398e-01
-1.338885440868895216e-01
-1.345487296819380119e-01
-1.281868402670174045e-01
-1.306506890347678418e-01
-1.518864585168531733e-01
-1.877545589675413962e-01
-2.166008926456955697e-01
-2.124466435178126444e-01
-1.614666652696524207e-01
-7.087649396176583239e-02
3.481382586475188085e-02
1.292553851652223917e-01
1.933944238962781725e-01
2.187930050423575745e-01
2.115445012111095979e-01
1.871876298054344911e-01
1.614633649044859287e-01
1.484173099945505780e-01
1.569487464672020827e-01
1.835162145604141981e-01
2.135081217965489331e-01
2.275193130355848414e-01
2.071477552321705218e-01
1.462268749383802136e-01
5.940625146382266797e-02
-2.104093982356744844e-02
-5.643477533238360627e-02
-2.747339802918505325e-02
4.674595160405754790e-02
1.259906760656566704e-01
1.769634803975589088e-01
1.892617300700512317e-01
1.728124998826377212e-01
1.443155307106010199e-01
1.193722711447935958e-01
1.087831188115666592e-01
1.147031838166530787e-01
1.296102110703679366e-01
1.396683683677465426e-01
1.302222314603299902e-01
9.112255587198521412e-02
2.153472187040651742e-02
-6.952622026363153296e-02
-1.675040815029507635e-01
-2.544660803245081260e-01
-3.132643884816717628e-01
-3.386855869044934075e-01
-3.410768740449422465e-01
-3.378597160291517687e-01
-3.428095664982579449e-01
-3.587136538120948015e-01
-3.798359937843440171e-01
-3.963347860170229331e-01
-3.952492873903231674e-01
-3.653907925018351488e-01
-3.065827804517858302e-01
-2.409909286058944111e-01
-2.175014298566695647e-01
-2.774704853714204389e-01
-4.053105077842510395e-01
-5.453188097706425097e-01
-6.542641384578322672e-01
-7.202103188515426302e-01
-7.506024854332482565e-01
-7.579089044789010243e-01
-7.515548888929697302e-01
-7.325622166352434572e-01
-6.950961530601138527e-01
-6.316810754492381275e-01
-5.356766752639666729e-01
-4.068182773306821542e-01
-2.618047246661290295e-01
-1.415289553366435027e-01
-9.156584706948424357e-02
-1.160095033720550811e-01
-1.746519866535562460e-01
-2.274865299478091851e-01
-2.572243546144373227e-01
-2.642713914034562905e-01
-2.567650181788189712e-01
-2.453858622664742972e-01
-2.415820684411476293e-01
-2.536385956280092224e-01
-2.822026812247721006e-01
-3.194181633053971292e-01
-3.519940350026189990e-01
-3.672662616435184435e-01
-3.585870484169260686e-01
-3.284490250257787181e-01
-2.885576944224371165e-01
-2.538203627773177873e-01
-2.346552541109304113e-01
-2.333022927306096783e-01
-2.443252095121977163e-01
-2.586537837122650507e-01
-2.665681664197441791e-01
-2.578817715584446058e-01
-2.252023328460898144e-01
