7.289686274214116080e-02
7.200540727598084279e-02
6.853303088715766156e-02
6.305401901912684182e-02
5.535251634839068874e-02
4.604819278321532761e-02
3.480758724354152123e-02
2.135500821803881788e-02
5.287525603973601551e-03
-1.324297141124318108e-02
-3.363713349851249479e-02
-5.575869452743174165e-02
-7.819449958877401630e-02
-1.002161664133587315e-01
-1.197931608134151088e-01
-1.366421332210662476e-01
-1.501855374550799538e-01
-1.609140088514461608e-01
-1.686307036704893514e-01
-1.738496650386813502e-01
-1.766096187473252532e-01
-1.766646984550794275e-01
-1.731562090234419482e-01
-1.643355552735821790e-01
-1.496790869900532228e-01
-1.287076613103518841e-01
-1.039448867537975107e-01
-8.010171711995009436e-02
-6.614044566224169808e-02
-7.058890143102820869e-02
-9.727864923268049469e-02
-1.415360448430467155e-01
-1.935995707497436269e-01
-2.437934679045820896e-01
-2.845281893339203227e-01
-3.124591367739521508e-01
-3.261326383670170026e-01
-3.275078158839335174e-01
-3.183477766155209387e-01
-3.008110155870669100e-01
-2.755229381137281330e-01
-2.425533491246119888e-01
-2.013220565591719025e-01
-1.515700782888085019e-01
-9.504934287387792335e-02
-3.651453784892808030e-02
1.525051283871078737e-02
5.213017640863960162e-02
6.894919938617685706e-02
6.791978082523653093e-02
5.526091042515650364e-02
3.897500178663390602e-02
2.493582217784082525e-02
1.538784563835628692e-02
9.494999579529310452e-03
4.110067654702267460e-03
-3.573807242293341232e-03
-1.574074741074260597e-02
-3.138033391426411217e-02
-4.744035268594279375e-02
-5.688954057673984571e-02
-5.298591564432521966e-02
-3.151213657142250962e-02
5.464000345000603713e-03
5.121062362191230316e-02
9.814962307038084532e-02
1.401462019141889170e-01
1.744681164099125270e-01
2.002662684878400157e-01
2.189759691893062299e-01
2.312797039568542656e-01
2.378813272097469178e-01
2.374203224607355500e-01
2.288565233253943010e-01
2.109761585438267029e-01
1.836146318521318932e-01
1.478366676189967199e-01
1.061473260915621053e-01
6.310291112311842976e-02
2.374343822677118035e-02
-6.856129316777562384e-03
-2.629648230752922727e-02
-3.389094269535838921e-02
-3.223579707087099316e-02
-2.460701700822332319e-02
-1.479262791760226070e-02
-5.238118000791291452e-03
2.959895277781547044e-03
9.161727348400912005e-03
1.365699973066575486e-02
1.675165344595158645e-02
1.990309074524969357e-02
2.403070033351966880e-02
3.024278720995312100e-02
3.767537499794119948e-02
4.503345374208665014e-02
4.907928707223338516e-02
4.655711377930902423e-02
3.493693529737500192e-02
1.420228620641521278e-02
-1.257052046585132449e-02
-4.125268929478269342e-02
-6.749548772898857074e-02
-8.880461038268734619e-02
-1.035682641167208068e-01
-1.123499704082962652e-01
-1.159137146392030110e-01
-1.158935519084419441e-01
-1.126637396377909162e-01
-1.061064439742772925e-01
-9.550977841457607143e-02
-8.017043761889491860e-02
-5.992532908300382544e-02
-3.491413483833573361e-02
-6.369532408875003965e-03
2.427719037991927023e-02
5.487706871511253970e-02
8.453124539415855787e-02
1.122403165174100104e-01
1.380926603080407100e-01
1.615837254750312479e-01
1.825214030440658330e-01
2.003328858124495404e-01
2.142721182433940941e-01
2.233881719387856846e-01
2.267398006060613314e-01
2.239245251385255098e-01
2.143544586608026881e-01
1.981435998615394545e-01
1.755915177714054420e-01
1.501754679586876917e-01
1.286682965462216388e-01
1.214149732553018446e-01
1.368556399821327929e-01
1.760871882438836966e-01
2.315722463478444015e-01
2.910761336356260109e-01
3.437264844009901288e-01
3.819254211916952024e-01
4.025286704393613024e-01
4.050629317256861373e-01
3.918697811847025037e-01
3.659888051239741924e-01
3.306932262659805777e-01
2.877534382970262095e-01
2.371583916626900379e-01
1.784723112654649224e-01
1.125654615202144049e-01
4.470728969430930178e-02
-1.579278750945593141e-02
-5.789836152485550169e-02
-7.548095325441180059e-02
-7.041681603302435422e-02
-5.176766794138156630e-02
-2.984449496165107393e-02
-1.195198442579224925e-02
-7.912844443939797941e-04
5.300218403925039019e-03
9.978838752420190680e-03
1.774655433263930271e-02
3.071521138343926566e-02
4.717046946551120556e-02
5.969125167721808789e-02
5.811068868789825287e-02
3.445943779316829048e-02
-1.107212218089780389e-02
-7.017480937558923104e-02
-1.310725443975101212e-01
-1.836895778712822891e-01
-2.232036462699255874e-01
-2.493261276919706004e-01
-2.654884002228327100e-01
-2.752945967323471299e-01
-2.810311330765253302e-01
-2.819312748373917765e-01
-2.751145616828282181e-01
-2.567127512439595916e-01
-2.242973311762950506e-01
-1.788455265931873095e-01
-1.259578994688187181e-01
-7.560838433420580262e-02
-3.818155143357281067e-02
-2.033195588584280761e-02
-2.079942306654365691e-02
-3.251719134553633650e-02
-4.677260680894563399e-02
-5.779784778146427465e-02
-6.401208219238907482e-02
-6.679864300665101784e-02
-6.854557359794487270e-02
-7.066066107658879047e-02
-7.337717016634831557e-02
-7.546199247076654237e-02
-7.581922095651086324e-02
-7.341675618197544828e-02
-6.866731635702418013e-02
-6.280134240520579558e-02
-5.775549559419587003e-02
-5.465726506685384539e-02
-5.310529724983142907e-02
-5.109824564386347689e-02
-4.617331192227264181e-02
-3.701018862883541372e-02
-2.391279466279055271e-02
-9.393003837148574883e-03
3.467229008810179640e-03
1.155946383359942285e-02
1.370651571299519658e-02
1.051343761806397374e-02
4.227282883122900070e-03
-2.737204348539069160e-03
-8.607695782526432818e-03
-1.295810220401160534e-02
-1.664423816133384776e-02
-2.110776363380419823e-02
-2.782231394705209776e-02
-3.680454636432337057e-02
-4.690037379660934314e-02
-5.550983465461842986e-02
-6.017169275644807663e-02
-5.893211922731645541e-02
-5.149463058188594872e-02
-3.886430593524598659e-02
-2.350302670365870400e-02
-8.108886239030943521e-03
5.183103511532339593e-03
1.539328795989097949e-02
2.276281864815799319e-02
2.755604357949783048e-02
2.997394568796690750e-02
2.947120921187797518e-02
2.570760746828710044e-02
1.864974136251273951e-02
9.540586421734990885e-03
4.161533839396497651e-04
-6.196872341113293832e-03
-8.527071869385820929e-03
-6.210751663516807936e-03
-2.675163960060740476e-04
6.966839078220076094e-03
1.301077691915467939e-02
1.552282201393197919e-02
1.355573566641627217e-02
7.382803003723682235e-03
-1.244034392219594458e-03
-1.045671632545652416e-02
-1.851525124294106303e-02
-2.475837216878370300e-02
-2.916289729428069022e-02
-3.206626316192375675e-02
-3.363526484989087101e-02
-3.324297965812026551e-02
-3.005635962683674348e-02
-2.340905557330131420e-02
-1.402715161738916048e-02
-3.623505405250287276e-03
5.216397221048515651e-03
1.046620112789354087e-02
1.085743898445219735e-02
6.692181356769944488e-03
-4.957080798406083861e-04
-8.397618866957234224e-03
-1.472132432610630780e-02
-1.817321317713539372e-02
-1.847306145686929482e-02
-1.642019318863947516e-02
-1.295174415900455719e-02
-9.004387000019164339e-03
-4.532434337093605749e-03
9.561237775102348182e-04
8.508639465724466069e-03
1.834103383812611676e-02
2.944771144415338215e-02
3.945650959071460295e-02
4.561390945509100764e-02
4.616771725561672618e-02
4.113585574320945820e-02
3.262760291630538434e-02
2.367687437187872626e-02
1.737651291641709866e-02
1.519487026297084570e-02
1.711725005594278912e-02
2.150906285142702851e-02
2.637565783997193603e-02
2.987944428735776065e-02
3.102022452011358317e-02
2.973064656342482709e-02
2.664071590565789474e-02
2.258352205767667417e-02
1.783086398744015630e-02
1.212447259642329689e-02
4.622641371094702960e-03
-4.824616049646437456e-03
-1.544504433682402506e-02
-2.479344413285031190e-02
-2.974788351459350597e-02
-2.759991859962448654e-02
-1.775107841465686787e-02
-2.215197141142435759e-03
1.517058817291612981e-02
3.030467995915147109e-02
4.046282473010075903e-02
4.463605239682711529e-02
4.380415400100395873e-02
3.975506135499802529e-02
3.464264069056631479e-02
2.969784180673036914e-02
2.516455188584481445e-02
2.024084130477694227e-02
1.395543953438709191e-02
5.739653052137130493e-03
-4.007400822413026073e-03
-1.389520140883981555e-02
-2.200578785944196786e-02
-2.634189861455635967e-02
-2.590029332433984102e-02
-2.071566702786215713e-02
-1.212375978273821236e-02
-1.778744849295810183e-03
8.733783680199423000e-03
1.873090934898538965e-02
2.821462983585491802e-02
3.780369655730150130e-02
4.786089979136826100e-02
5.799361093491108010e-02
6.704524212033946551e-02
7.352488575805161963e-02
7.673945903885032171e-02
7.696619832324498589e-02
7.566570926796654939e-02
7.456180771067059954e-02
7.517276723537491545e-02
7.782665079741180048e-02
8.165001291969174735e-02
8.450640336380584039e-02
8.388532809286572411e-02
7.771185186979195914e-02
6.518873936327494734e-02
4.758501182770671217e-02
2.833657344176904874e-02
1.281509007845542739e-02
6.509422800979138002e-03
1.294438386424873709e-02
3.171427004421983192e-02
5.908933106423577136e-02
8.977813733075724889e-02
1.192216088445154087e-01
1.444840518784502315e-01
1.641094379783301360e-01
1.776208052405349180e-01
1.846771156830075145e-01
1.850733058642423656e-01
1.785303870165544371e-01
1.651709220326580130e-01
1.453654410381158557e-01
1.199222414507951778e-01
8.970859565812483449e-02
5.578415929426723541e-02
1.918629583830897337e-02
-1.892093435897522144e-02
-5.705201914468417679e-02
-9.332901181845128236e-02
-1.254039949341566595e-01
-1.512124132501917462e-01
-1.694795419760989630e-01
-1.803573600979570535e-01
-1.850156096750460999e-01
-1.852479055007961450e-01
-1.824729970312051475e-01
-1.773002612856970361e-01
-1.691083831949619920e-01
-1.564024387506079972e-01
-1.379591239719130669e-01
-1.146800501630008684e-01
-9.200688154336547631e-02
-8.025727410358454716e-02
-9.085807395141766440e-02
-1.286272250402217543e-01
-1.876823712748228457e-01
-2.548585793419581025e-01
-3.168719517128827379e-01
-3.646386420191322086e-01
-3.940434507943889608e-01
-4.051617900603809996e-01
-4.006206957087106169e-01
-3.840997758756679037e-01
-3.583297196618078218e-01
-3.242009532501085589e-01
-2.806396003314940435e-01
-2.262294575872355051e-01
-1.616828464126422449e-01
-9.259258927774817460e-02
-3.005852203251598020e-02
1.306486422922912422e-02
2.930090194305434367e-02
2.153220402360628977e-02
3.857105239106988870e-04
-2.230559442899403971e-02
-3.886754983564043309e-02
-4.700359811255013648e-02
-4.883462683927272674e-02
-4.884534342270477336e-02
-5.164127427428437389e-02
-5.986765860683752188e-02
-7.250166714334591034e-02
-8.451552869457285011e-02
-8.825365295259347820e-02
-7.708647160800029263e-02
-4.900510013147724858e-02
-8.260332337732058036e-03
3.711033471457818311e-02
7.927185996910116050e-02
1.137193569621161721e-01
1.399037407886611351e-01
1.597944645335224456e-01
1.758831605130036224e-01
1.893320112745296435e-01
1.993303650180253128e-01
2.032875467439801687e-01
1.982657957836337081e-01
1.822653787676942194e-01
1.555350567916712334e-01
1.206239987336925612e-01
8.183267707811919811e-02
4.394195848413948863e-02
1.088179063789594496e-02
-1.517070939192050050e-02
-3.394563909103955751e-02
-4.621602464338718519e-02
-5.293078339643249308e-02
-5.458773884446294772e-02
-5.169310817233421090e-02
-4.508794985074015410e-02
-3.636954855628336120e-02
-2.753199389723261920e-02
-2.039839175357792758e-02
-1.588559904111186416e-02
-1.345769212079077522e-02
-1.124723582721957188e-02
-6.765484072413355254e-03
1.567425671245913348e-03
1.298150481596534352e-02
2.334223134178001896e-02
2.632300273429552182e-02
1.620887111016309362e-02
-8.524638850821214878e-03
-4.403212420456651538e-02
-8.294186642996817516e-02
-1.177618956320349575e-01
-1.436675659158272722e-01
-1.593486105507370132e-01
-1.664683495885680986e-01
-1.679394062367065010e-01
-1.663355345461581258e-01
-1.624735724234394885e-01
-1.552939425273688334e-01
-1.423887533479279988e-01
-1.214521240072508196e-01
-9.155592764299728958e-02
-5.400466835425249412e-02
-1.229931021159945230e-02
2.885916914875923459e-02
6.503335931855973306e-02
9.363299562682135535e-02
1.144684498022333075e-01
1.293414707463920454e-01
1.404660521673055384e-01
1.493058463466774566e-01
1.558849502054071579e-01
1.592296891036524831e-01
1.580638422178082536e-01
1.514937864517178490e-01
1.393710404457977059e-01
1.223265849206728456e-01
1.019662399741552844e-01
8.123116874849127533e-02
6.508618977752902990e-02
6.013167668601098609e-02
7.261841847776816239e-02
1.048399421207613091e-01
1.533832784579766961e-01
2.105790666650055043e-01
2.676452850783274107e-01
3.170081409609814549e-01
3.531187058321541006e-01
3.729237509739151135e-01
3.759115045558442669e-01
3.639384507499012211e-01
3.400954292631688802e-01
3.074239600939255856e-01
2.676679972884666858e-01
2.211933043230381590e-01
1.680365047027056191e-01
1.101196834561442572e-01
5.334368964529792589e-02
7.143194633259522357e-03
-1.954844698555352825e-02
-2.386520099801717545e-02
-1.070463808786958383e-02
1.042490870832263848e-02
3.038900741197990765e-02
4.348223297118054831e-02
4.830607519086701357e-02
4.709224606594111101e-02
4.421151597199081407e-02
4.426292619992404365e-02
4.995287062266517975e-02
6.058860093562823401e-02
7.148664877936633522e-02
7.549078057508075423e-02
6.612248406576784476e-02
4.132929673808224957e-02
4.863568523069671315e-03
-3.569236614335795366e-02
-7.288266628668155223e-02
-1.023849892510270698e-01
-1.237211010818304868e-01
-1.390795793477149489e-01
-1.511633900589234303e-01
-1.614807253127151510e-01
-1.693055357225648483e-01
-1.721014631089854696e-01
-1.667318388702827281e-01
-1.511378115722027127e-01
-1.253978493407320871e-01
-9.198151089628076038e-02
-5.495152376184354176e-02
-1.866682756148751315e-02
1.360378164859147969e-02
4.059150842661223696e-02
6.272758209477523328e-02
8.109377918959488618e-02
9.609428021919558249e-02
1.071591336605780403e-01
1.132610117192100058e-01
1.139165730835366291e-01
1.097259444276005441e-01
1.023639227459914869e-01
9.388402954311965420e-02
8.577870062526479766e-02
7.825451736092561839e-02
7.006966842003520268e-02
5.950005699262022468e-02
4.606499464030775620e-02
3.267899142183829791e-02
2.627372399821772952e-02
3.534269375169538097e-02
6.468777373059023117e-02
1.116310378819075910e-01
1.669835895501939615e-01
2.196046052096879975e-01
2.607291279958722230e-01
2.860098189482788156e-01
2.956931070306232923e-01
2.931741004718664279e-01
2.829199292519715137e-01
2.681629173063538873e-01
2.495027483267338309e-01
2.248465895235434442e-01
1.909445332230881864e-01
1.458792549799792782e-01
9.163558113269329453e-02
3.533609302494620380e-02
-1.241228810591598307e-02
-4.212288294258944438e-02
-5.074679512548929683e-02
-4.317695213017937877e-02
-2.886266298425626403e-02
-1.643877466467977277e-02
-1.033174146917275119e-02
-1.026374079704875375e-02
-1.272815723809631559e-02
-1.317684333233750879e-02
-8.031902036235806508e-03
3.772737153233562089e-03
2.015193640692087770e-02
3.610619712096043571e-02
4.524871581544761406e-02
4.218669951276089736e-02
2.511047279191437262e-02
-3.401621775700626200e-03
-3.805008666482983387e-02
-7.375198427564140513e-02
-1.075710750219853185e-01
-1.385800647520629980e-01
-1.665665452828674620e-01
-1.907126227302373411e-01
-2.092004771991442247e-01
-2.195880266751819576e-01
-2.198596690366751705e-01
-2.092939858300461309e-01
-1.889032392283118422e-01
-1.610527584382832333e-01
-1.285976704293366191e-01
-9.398886842578338396e-02
-5.878439415208611130e-02
-2.391317873110384781e-02
9.537315476258198879e-03
3.948588406534427747e-02
6.298008979909711091e-02
7.731262268362974754e-02
8.163018112587905328e-02
7.758870969442420440e-02
6.879035611452534449e-02
5.934789995392571876e-02
5.240186926849807469e-02
4.916278589174887664e-02
4.858003965043389966e-02
4.783012470561045365e-02
4.343561340358246398e-02
3.301763870447702726e-02
1.711040764477785719e-02
4.821301196964662195e-04
-8.620157617562431568e-03
-1.898105957553763686e-03
2.412150418156015427e-02
6.557244817856264230e-02
1.134102679388437895e-01
1.581395249400509850e-01
1.935577363612135671e-01
2.177530420582850235e-01
2.320929368681555749e-01
2.392152869634044943e-01
2.412127882618893271e-01
2.384310001581484428e-01
2.294176560568706169e-01
2.117731941757190206e-01
1.835688740235856264e-01
1.447559849465450132e-01
9.799785662344935588e-02
4.864426516762341418e-02
3.489522029792274660e-03
-3.139664036969103816e-02
-5.305135691481815963e-02
-6.254597905504925837e-02
-6.387346030639685923e-02
-6.148254638889220913e-02
-5.834355462785804219e-02
-5.538102883469361859e-02
-5.204785566828904614e-02
-4.732452181657320622e-02
-4.042924445997737870e-02
-3.119213654740192118e-02
-2.003008512090857438e-02
-7.962530754676060141e-03
3.323649990576438718e-03
1.122611893020549791e-02
1.235107970094402770e-02
3.234147420503808140e-03
-1.820596233991571278e-02
-5.137206667901070278e-02
-9.279748176720652164e-02
-1.371215918252418342e-01
-1.786534768941614726e-01
-2.126037770206769262e-01
-2.359159197862268353e-01
-2.475393586331977869e-01
-2.483011335660514907e-01
-2.401988884578776517e-01
-2.254247737674103524e-01
-2.053765094346514108e-01
-1.801995549008394426e-01
-1.491197771383855619e-01
-1.115088201613074620e-01
-6.840291038154888703e-02
-2.356799725148929492e-02
1.671444402834240325e-02
4.585513620998114132e-02
6.010507158360551411e-02
6.057336015457730205e-02
5.240444097068830409e-02
4.198129807993927765e-02
3.415440806928598388e-02
3.086094743761961731e-02
3.120793676272266143e-02
3.239571434548008805e-02
3.109450164582723553e-02
2.474530335879395956e-02
1.274076188748995628e-02
-2.894772099638523444e-03
-1.747768882340012750e-02
-2.483139666978797719e-02
-1.960733389821854925e-02
7.189962550559791704e-05
3.159478873545392558e-02
6.938287039478677198e-02
1.076615015663433123e-01
1.424726670234745529e-01
1.719141078822278013e-01
1.953648073707656696e-01
2.124698681521579868e-01
2.226083497175556092e-01
2.248567068458005858e-01
2.183793054781334453e-01
2.028672514266565141e-01
1.788256996219007022e-01
1.475742878497845467e-01
1.110345984756915538e-01
7.153513497860007619e-02
3.164383008075576792e-02
-5.840523867659322237e-03
-3.806606085591610067e-02
-6.253564639453856877e-02
-7.783529774902595011e-02
-8.417775690324764970e-02
-8.338749274350676366e-02
-7.823229135421511105e-02
-7.151798072182488641e-02
-6.533424822436803558e-02
-6.057018196689136630e-02
-5.680829794169963559e-02
-5.249377308406181358e-02
-4.559868826489674870e-02
-3.467243974498478848e-02
-2.027659838946795773e-02
-6.148850546741732592e-03
9.209207732993733055e-04
-6.393823842599888167e-03
-3.185665962377237648e-02
-7.296926946762659349e-02
-1.220786584961919968e-01
-1.701955381496137731e-01
-2.103711135128223664e-01
-2.391618125481422830e-01
-2.563033663871199241e-01
-2.635253326494915727e-01
-2.630551353420844118e-01
-2.563629067961789021e-01
-2.434918625710455475e-01
-2.232083296015352214e-01
-1.939011564299831236e-01
-1.549154491338690653e-01
-1.079102193894730805e-01
-5.756167367867869727e-02
-1.102295263589809539e-02
2.437101502422533636e-02
4.427421665946408569e-02
4.939474256723692946e-02
4.468741528892567622e-02
3.638813630316945630e-02
2.916161044119906093e-02
2.486653484729625316e-02
2.290924403269494619e-02
2.132936757113965132e-02
1.798946110757524211e-02
1.143468786717187491e-02
1.465809991115516473e-03
-1.064336676502803530e-02
-2.215115417179991386e-02
-2.928049812196443016e-02
-2.817848164750726830e-02
-1.628140311796329870e-02
6.591392953167472639e-03
3.816429311826891740e-02
7.464414659821569376e-02
1.119661945543285325e-01
1.465775108097370216e-01
1.757340213638653725e-01
1.974765687646122814e-01
2.106388172301361938e-01
2.148545191937652199e-01
2.105137251260627285e-01
1.985414210574827643e-01
1.800140119268323347e-01
1.558086872312537952e-01
1.264672268919781462e-01
9.244492222583905461e-02
5.465546600851150377e-02
1.514608350567912820e-02
-2.264567274725633531e-02
-5.444178386481662163e-02
-7.662244485713749775e-02
-8.783769952444725471e-02
-8.962549166691230473e-02
-8.557955347070202168e-02
-7.968356942939922027e-02
-7.484666740409494368e-02
-7.213742991364997803e-02
-7.078166746208416904e-02
-6.866388977711716801e-02
-6.323299598639157970e-02
-5.260634134760096975e-02
-3.685483059511263093e-02
-1.909177414079577320e-02
-5.675997882031700616e-03
-4.472361474462982142e-03
-2.109450256500938758e-02
-5.540425834940994332e-02
-1.013232222494501178e-01
-1.501667537706486144e-01
-1.944556624295648573e-01
-2.298208592313251697e-01
-2.548530744264728698e-01
-2.700149952000793774e-01
-2.764013328583981854e-01
-2.748122830475744904e-01
-2.653088038215032918e-01
-2.472805109358968134e-01
-2.199743828324271233e-01
-1.832548304232803627e-01
-1.384534272728360771e-01
-8.899525354575707481e-02
-4.044656382059745592e-02
5.881426919987727854e-04
2.869934658629944360e-02
4.201952308256537427e-02
4.289768394523671424e-02
3.632970929707763502e-02
2.743557581818965516e-02
1.964200965125995416e-02
1.422842839005956234e-02
1.075967984542933360e-02
7.869436179103876314e-03
3.970451918712742008e-03
-2.141042869053670725e-03
-1.080012982888947648e-02
-2.101848087967666742e-02
-3.024889794779624802e-02
-3.465962065070902348e-02
-3.022790681264156398e-02
-1.443887691234658870e-02
1.239085988184903883e-02
4.707333008316625517e-02
8.484376241143777586e-02
1.209816836861180578e-01
1.519232405090609472e-01
1.755888454610174398e-01
1.912131318494067755e-01
1.989348847875752335e-01
1.993582581834369705e-01
1.931550315477380542e-01
1.807634471279452870e-01
1.622970978639621531e-01
1.376732356618194653e-01
1.070079691137579975e-01
7.110568178210574519e-02
3.191241088816751392e-02
-7.375225050908983636e-03
-4.275336278774944515e-02
-7.052202236714667782e-02
-8.861215459887682167e-02
-9.735901601152337215e-02
-9.915366148937858337e-02
-9.720471615923211017e-02
-9.424007267563344614e-02
-9.170067127439342214e-02
-8.959813417028376914e-02
-8.678963432183145477e-02
-8.153248034524564203e-02
-7.218423506679202961e-02
-5.810241210837708420e-02
-4.066140986579134392e-02
-2.409303424250803030e-02
-1.524235808100945187e-02
-2.127471858361987614e-02
-4.587540478071965716e-02
-8.669912548696918908e-02
-1.364970898741429961e-01
-1.867108946673374237e-01
-2.305521842898433926e-01
-2.641063278581572971e-01
-2.860265615356598068e-01
-2.966828394954255654e-01
-2.972479161273514636e-01
-2.888925763503806254e-01
-2.722374571652934616e-01
-2.472347574598647568e-01
-2.135152213217183514e-01
-1.712213410468450825e-01
-1.220918582560100579e-01
-7.040462727978406832e-02
-2.290237719480850073e-02
1.304599879163791457e-02
3.267514665798924162e-02
3.626878404487571955e-02
2.874001390260489189e-02
1.677295745215994990e-02
5.833130845322201732e-03
-1.303326764286287520e-03
-4.540914917005740500e-03
-5.609975348024453558e-03
-6.997763967478720128e-03
-1.090345549433643403e-02
-1.837196237437521348e-02
-2.865787339773299275e-02
-3.900400667605142396e-02
-4.511422063691928469e-02
-4.253470368592866813e-02
-2.858328206416595532e-02
-3.707672591977854287e-03
2.870956801694371507e-02
6.396833282008840271e-02
9.782503598881107931e-02
1.274603871624349072e-01
1.514702619513582371e-01
1.693430726333015612e-01
1.808858365349304276e-01
1.858826655360267255e-01
1.840459838999639886e-01
1.751532180930442384e-01
1.592319191240463561e-01
1.366708223497105634e-01
1.082843466692862966e-01
7.531514630045044179e-02
3.945176622025017843e-02
2.817226176515709533e-03
-3.209118152444727368e-02
-6.265515668386008319e-02
-8.665035092075977496e-02
-1.028935081361504744e-01
-1.116394671892009804e-01
-1.144182924931432394e-01
-1.134019744297760646e-01
-1.106254758440676916e-01
-1.074007906829408249e-01
-1.039889306981079814e-01
-9.958981544999156998e-02
-9.264590022546639880e-02
-8.155867980990694210e-02
-6.584720963541364214e-02
-4.760440872154529657e-02
-3.250280030309767726e-02
-2.889376494352393146e-02
-4.406862349866883660e-02
-7.957897272445681180e-02
-1.297502210360120256e-01
-1.847470637424311890e-01
-2.351370430056847205e-01
-2.746512219406035960e-01
-3.006916555551191750e-01
-3.135590386582539635e-01
-3.151834608242662927e-01
-3.077679988124592536e-01
-2.926708601949632449e-01
-2.698996915052097600e-01
-2.384140759542715260e-01
-1.972206488030778249e-01
-1.469555210549356172e-01
-9.141867248142644675e-02
-3.799474296273475799e-02
4.181710390260269354e-03
2.827187340692769238e-02
3.345491573376516842e-02
2.510672096778047632e-02
1.134923655336363829e-02
-9.970337920974391057e-04
-8.533815975620143851e-03
-1.130424663336201604e-02
-1.162995979143084148e-02
-1.263341503024198974e-02
-1.686609583925150618e-02
-2.527330560971999610e-02
-3.660613942855544395e-02
-4.744142078163154225e-02
-5.302075856129338793e-02
-4.894433195259756397e-02
-3.315134366021014328e-02
-6.938580666973236805e-03
2.578739010663344197e-02
6.045165018131441054e-02
9.347390116163593887e-02
1.228059214112719594e-01
1.475089112700419813e-01
1.670334493557397715e-01
1.807047002941009339e-01
1.876228745412297227e-01
1.869383967176721506e-01
1.782461262282808434e-01
1.618462607915602536e-01
1.387110901394479345e-01
1.102455719456595790e-01
7.800029340190765825e-02
4.352386071470526474e-02
8.410058642091117892e-03
-2.549134231527980590e-02
-5.594442687157664962e-02
-8.058003563220363097e-02
-9.760425407193724923e-02
-1.065820329574314884e-01
-1.086953830512949887e-01
-1.062857928882864345e-01
-1.019557072367782841e-01
-9.768992820809689615e-02
-9.425146793068603368e-02
-9.098301688799874387e-02
-8.606013540498989867e-02
-7.727023521407667961e-02
-6.330828559036363878e-02
-4.540889626249215716e-02
-2.862920166105306641e-02
-2.134402616028665753e-02
-3.178443361345800744e-02
-6.299849114726188692e-02
-1.104124535208985264e-01
-1.643198884105423752e-01
-2.147545609098356900e-01
-2.549140896425512448e-01
-2.820195064318229417e-01
-2.964937782912736575e-01
-3.004653312775114604e-01
-2.962137524149180412e-01
-2.849643025852144351e-01
-2.664129551173877730e-01
-2.391263625546227456e-01
-2.017067574668247598e-01
-1.543505441674556111e-01
-1.002831711211889382e-01
-4.623740617760398880e-02
-1.027010988083868273e-03
2.796604945715536195e-02
3.854189052674025090e-02
3.463876531160901134e-02
2.363091341536241105e-02
1.235807037000883138e-02
4.651517141141476089e-03
1.009963200429114284e-03
-3.730905772962087421e-04
-2.191984781719651370e-03
-6.751635329426470232e-03
-1.505086799807326021e-02
-2.628067352671100906e-02
-3.777156586042578618e-02
-4.549760129986777507e-02
-4.524590485061637940e-02
-3.424121832519217562e-02
-1.237989366306578576e-02
1.779477616044457255e-02
5.236587747986441027e-02
8.753320352640665825e-02
1.204092178755052089e-01
1.490218556584713416e-01
1.719681944987202504e-01
1.881361845386806397e-01
1.966621001253176237e-01
1.970806404218956864e-01
1.894787594493885230e-01
1.744985675038790707e-01
1.531265535340953776e-01
1.264218493520699593e-01
9.536148603496195919e-02
6.094710984259517350e-02
2.454723949217944498e-02
-1.170903083373338142e-02
-4.484533901100369591e-02
-7.159243894043998413e-02
-8.952787092320789453e-02
-9.816131719975002001e-02
-9.916791390455620414e-02
-9.560918430450915384e-02
-9.065713657121911295e-02
-8.651272639377591278e-02
-8.383223583951932012e-02
-8.169211541503966501e-02
-7.801736216126148316e-02
-7.042955686629591427e-02
-5.746425565541822544e-02
-4.000937965128799345e-02
-2.245308145320635412e-02
-1.242584471226681163e-02
-1.804042262599019758e-02
-4.335949638675447304e-02
-8.550782563297640304e-02
-1.361519873734163277e-01
-1.858542126964983776e-01
-2.276586068555965237e-01
-2.582535377350528294e-01
-2.773357115881943669e-01
-2.862682101359685372e-01
-2.867264568466899033e-01
-2.796875863053848166e-01
-2.650099205170061145e-01
-2.416814799256811197e-01
-2.086504832638595985e-01
-1.659656487076679732e-01
-1.158985245885374438e-01
-6.354221710060553585e-02
-1.620537279509247017e-02
1.885583468628192899e-02
3.761867850572187671e-02
4.120212388215221955e-02
3.485290355034534326e-02
2.488897702629441766e-02
1.597314683758788156e-02
1.005224030652908905e-02
6.741657100470992495e-03
4.330605914764773870e-03
8.232918198948740822e-04
-5.236867566245405684e-03
-1.419742813178101470e-02
-2.495031270216852004e-02
-3.486069060592886931e-02
-4.016324014014874266e-02
-3.702461114581287460e-02
-2.304493576240828484e-02
1.596058769663905334e-03
3.416976522479361900e-02
7.053240748421028827e-02
1.065099858055476578e-01
1.387731263937954651e-01
1.650757354976951086e-01
1.841293737709469303e-01
1.953808977240356071e-01
1.988224353428307556e-01
1.948219594024406809e-01
1.839427838995713327e-01
1.667480622431307957e-01
1.436854419693283924e-01
1.151428891412150796e-01
8.172885569896479185e-02
4.469596938215350534e-02
6.315117960716448535e-03
-3.010303290521315275e-02
-6.081907658626342639e-02
-8.285714004256249099e-02
-9.519601158115471862e-02
-9.914703467125755842e-02
-9.763727586203028996e-02
-9.388759569510710112e-02
-9.025555176318766915e-02
-8.764337359169577235e-02
-8.547598341188678006e-02
-8.208620220818517443e-02
-7.539472179602339785e-02
-6.384930701041180434e-02
-4.758244659149501316e-02
-2.955280525377448897e-02
-1.592905958999785501e-02
-1.457962468102071661e-02
-3.137608825358002840e-02
-6.648871499431270593e-02
-1.139427007625400251e-01
-1.648361013471132119e-01
-2.112283467488927646e-01
-2.481681937809978589e-01
-2.737499396557711573e-01
-2.881934661815276910e-01
-2.927204884114131267e-01
-2.885692071790002533e-01
-2.763458302170976877e-01
-2.558496650598849897e-01
-2.264269344331327205e-01
-1.877650831056902614e-01
-1.409490768221449419e-01
-8.942752996977568203e-02
-3.926436486384767693e-02
2.095796360215385762e-03
2.865220777473469205e-02
3.874544855898365281e-02
3.572442553274782218e-02
2.578711449922531720e-02
1.485580221723088908e-02
6.553430268072857161e-03
1.818485266697685314e-03
-4.347197064945847547e-04
-2.298373607815441463e-03
-5.886343352513457271e-03
-1.251845320792217137e-02
-2.210236787246170134e-02
-3.278349934583636022e-02
-4.105324725634461325e-02
-4.260003564365712203e-02
-3.389413664151344485e-02
-1.382872759138081831e-02
1.567868979271516694e-02
5.057357665793985046e-02
8.632623763150483465e-02
1.192536674004629760e-01
1.469950492546006626e-01
1.683322874223765198e-01
1.827646219214474066e-01
1.901437583914979690e-01
1.904709249520724623e-01
1.838378583739818939e-01
1.704282992784687534e-01
1.505404752713337402e-01
1.246396929253242303e-01
9.347814972727212790e-02
5.827850714458732845e-02
2.092601485290384103e-02
-1.596123322091002814e-02
-4.927279430319088382e-02
-7.606966341117120389e-02
-9.450734307504207732e-02
-1.045018148497159904e-01
-1.076705986066446852e-01
-1.065613276724618891e-01
-1.036459946991161452e-01
-1.005505430271149275e-01
-9.770179824588262618e-02
-9.435161675520598035e-02
-8.891613426232700124e-02
-7.962857892625112288e-02
-6.553577724026328488e-02
-4.778556168546189281e-02
-3.074969162729452449e-02
-2.187076440012422282e-02
-2.902252117228354064e-02
-5.607099470926733137e-02
-1.000437380077633526e-01
-1.526073519630908870e-01
-2.042800472857969063e-01
-2.478520251150409248e-01
-2.795466178420727976e-01
-2.985808321234855178e-01
-3.060839244812554871e-01
-3.038799594410761529e-01
-2.934269534041620831e-01
-2.751753335482976515e-01
-2.485650265666900227e-01
-2.126992441047056981e-01
-1.675510591720424103e-01
-1.153609271510144113e-01
-6.155201097800948318e-02
-1.414260412715082245e-02
1.900501053342229518e-02
3.400491426949615870e-02
3.297377013466799150e-02
2.244789615903796179e-02
9.686022100998012765e-03
-3.133414817756188775e-04
-5.802795989978178776e-03
-7.738179797277408567e-03
-8.573736470896290915e-03
-1.098545467373416261e-02
-1.679111956514778292e-02
-2.617266118774371625e-02
-3.729432514484464639e-02
-4.648129670403489816e-02
-4.918730034663087308e-02
-4.169612937214010190e-02
-2.283391050210833648e-02
5.455787589628463378e-03
3.912823294846037858e-02
7.382742768603287042e-02
1.062115819443561898e-01
1.342844849337649360e-01
1.570207464345830251e-01
1.738105625072261518e-01
1.840976408376545082e-01
1.873250014527122476e-01
1.831102769349409742e-01
1.714526851356799053e-01
1.528172128410568154e-01
1.280660203133324182e-01
9.832882816031542073e-02
6.492442192940751922e-02
2.939784455279478154e-02
-6.344916878645192986e-03
-3.994730231938184439e-02
-6.879197214220737766e-02
-9.061314867360359404e-02
-1.043012546477217889e-01
-1.103749566984897623e-01
-1.107509326833017727e-01
-1.079556272294756591e-01
-1.042174071812791702e-01
-1.007890481793671522e-01
-9.763216479065983666e-02
-9.349202264546349617e-02
-8.639464367730474714e-02
-7.460116292911597724e-02
-5.799545471107415973e-02
-3.958332959742810742e-02
-2.612203917609349363e-02
-2.635894480263387130e-02
-4.657487242438956843e-02
-8.630438057309218480e-02
-1.381904633721225684e-01
-1.920018507835760391e-01
-2.390467135379042429e-01
-2.742981161197106110e-01
-2.963498160023125272e-01
-3.062982933867461344e-01
-3.062994991077687135e-01
-2.982264768984247971e-01
-2.827751432721794522e-01
-2.593091421832025012e-01
-2.265114849724490786e-01
-1.836680856522447114e-01
-1.322185701251925860e-01
-7.694098868398126234e-02
-2.577910475890453357e-02
1.256225972742163778e-02
3.264347067126472518e-02
3.517934979944428719e-02
2.623790123586375311e-02
1.353299678940993352e-02
2.870886310857425315e-03
-3.344038456625625030e-03
-5.736780186974100616e-03
-6.704372715127162458e-03
-9.020750205262018442e-03
-1.466662798627398588e-02
-2.401786521872840280e-02
-3.546074515829887586e-02
-4.553590270211087948e-02
-4.978976785280842671e-02
-4.434006253404680631e-02
-2.757722058464217099e-02
-9.189394595128272218e-04
3.197479563433081734e-02
6.688556893582586760e-02
1.003915992882526420e-01
1.302733903391274928e-01
1.552086287444462975e-01
1.742811260686823738e-01
1.866778586598350775e-01
1.916839883907070774e-01
1.888837387227483844e-01
1.783603815034700835e-01
1.607256391529784945e-01
1.369592921037756372e-01
1.081931366553777335e-01
7.560109334807765813e-02
4.048396291462436070e-02
4.520715204109492132e-03
-2.999684261611040501e-02
-6.025056300840471446e-02
-8.353386760321009075e-02
-9.824888416270129154e-02
-1.046295076769534205e-01
-1.046441363935356889e-01
-1.011421097933293267e-01
-9.676860243554533114e-02
-9.312732461719645805e-02
-9.037985670322438991e-02
-8.729550995758524057e-02
-8.174715021623692179e-02
-7.165123424716636491e-02
-5.631404321235507215e-02
-3.793102076828501479e-02
-2.244607203312923988e-02
-1.838142318189187399e-02
-3.293262780719968807e-02
-6.739653630187676658e-02
-1.159192928367757114e-01
-1.687448166948497252e-01
-2.168076569055288338e-01
-2.544242290681100194e-01
-2.796032717991958627e-01
-2.930214384345889433e-01
-2.965825184334195952e-01
-2.920703361365564743e-01
-2.802312600428699119e-01
-2.605433146419363077e-01
-2.317381935680067617e-01
-1.929093064134985158e-01
-1.448842661856933056e-01
-9.138170861162124570e-02
-3.920821439816883636e-02
3.334569782678196027e-03
2.980233647818741199e-02
3.883070736810563528e-02
3.458215649146496873e-02
2.401096083893855190e-02
1.330595796494596708e-02
5.829263793808166227e-03
1.965976066334579678e-03
8.772225718676767597e-05
-2.191949312393202346e-03
-6.914658162913377842e-03
-1.497880625057480125e-02
-2.567267295060172635e-02
-3.656259617537375994e-02
-4.387216633580841990e-02
-4.351873099836096881e-02
-3.265267789559861411e-02
-1.094355472077624021e-02
1.928166972325489475e-02
5.413346910233293729e-02
8.961386683047163626e-02
1.225333655014441969e-01
1.506982448777899886e-01
1.726890006546005774e-01
1.875966232080822915e-01
1.948930800547948872e-01
1.944314545425254448e-01
1.864628178427608363e-01
1.715627059246036812e-01
1.504652092303443711e-01
1.239171609394968121e-01
9.268596810740319103e-02
5.777463118648442503e-02
2.077399380343985386e-02
-1.585957599506027452e-02
-4.891172840094108049e-02
-7.513461901430869283e-02
-9.240144364523415754e-02
-1.006134134442748379e-01
-1.016982718973940963e-01
-9.869258294453361890e-02
-9.450760329450155761e-02
-9.098555447743737756e-02
-8.848249113275802324e-02
-8.593875972858391887e-02
-8.135138892496815433e-02
-7.260177769830412908e-02
-5.861535778717437417e-02
-4.071461896657248974e-02
-2.364135519196472815e-02
-1.511836312743375203e-02
-2.291838531582837679e-02
-5.041730167374707666e-02
-9.411097494388237505e-02
-1.454719344960101746e-01
-1.952678584593549038e-01
-2.368399033853093583e-01
-2.670271011295728414e-01
-2.854968023881147565e-01
-2.935007992919195230e-01
-2.926355743798604303e-01
-2.839041178860307046e-01
-2.672952620743564989e-01
-2.419912290123447662e-01
-2.071372350300719478e-01
-1.629659067247426762e-01
-1.119482893810954949e-01
-5.942354828158493557e-02
-1.291700721672233397e-02
2.033028244936394349e-02
3.668353873432806528e-02
3.788093105036288710e-02
2.968582913668209311e-02
1.863313595977013695e-02
9.337204440030090480e-03
3.562438037277373699e-03
6.910592673693658492e-04
-1.225373019555338772e-03
-4.383740114267615888e-03
-1.034340462909605005e-02
-1.938889638009529126e-02
-3.015574682480483618e-02
-3.962791084791825874e-02
-4.373362052656386972e-02
-3.866073003081955950e-02
-2.247602167448856103e-02
3.919472413230330396e-03
3.720268013083860570e-02
7.305231604419765157e-02
1.075477246345522692e-01
1.378597770532516142e-01
1.622612779734075583e-01
1.798251940119525161e-01
1.901193798560095183e-01
1.930273855585873943e-01
1.886749580988143771e-01
1.773824824197997585e-01
1.595955965871302673e-01
1.358281165902394394e-01
1.066973793849712859e-01
7.309688189424008720e-02
3.647123150094127436e-02
-9.423723742108844163e-04
-3.613248468175895428e-02
-6.581855705204325835e-02
-8.742127943403048274e-02
-1.000392268994740874e-01
-1.047754284405751357e-01
-1.041594265664247121e-01
-1.010483700023957071e-01
-9.761727430707732578e-02
-9.479049843242010054e-02
-9.214070128509828372e-02
-8.816713943663029296e-02
-8.089927867519061677e-02
-6.882796979939490023e-02
-5.213678250153278015e-02
-3.395904724315874229e-02
-2.080465312826853402e-02
-2.086724769994918391e-02
-3.998520481794277937e-02
-7.779501306149408379e-02
-1.275775112204764472e-01
-1.798729987875813119e-01
-2.265172258966686447e-01
-2.626073554565309665e-01
-2.864705073620217313e-01
-2.986768101480243853e-01
-3.008197254446435265e-01
-2.944107300318551390e-01
-2.801339207197875991e-01
-2.576663822340511945e-01
-2.261354818035840597e-01
-1.851103126084226724e-01
-1.358751611996477648e-01
-8.251304462376703175e-02
-3.198527730428425003e-02
7.646329024044343226e-03
3.064633074172313718e-02
3.654636228905688150e-02
3.010766398548084949e-02
1.836452018703396000e-02
7.249084869540277712e-03
-1.799647999739893006e-04
-3.747843215576323554e-03
-5.211072322010722527e-03
-7.057525845819124198e-03
-1.142069713838850253e-02
-1.924039538134449806e-02
-2.972220944495500977e-02
-4.019602371708541622e-02
-4.658416498954076612e-02
-4.465105778338206155e-02
-3.174293229135926458e-02
-8.067780275192648273e-03
2.341548970028354063e-02
5.839631534712690086e-02
9.282427189719470728e-02
1.237991537653208990e-01
1.496143689502553720e-01
1.693564319121065587e-01
1.824827181394954867e-01
1.885994239868609423e-01
1.874565080273346840e-01
1.790454616046253666e-01
1.636635951639751618e-01
1.418914317842588924e-01
1.145350088500714236e-01
8.261897518672116358e-02
4.748021907528673230e-02
1.093414980460011114e-02
-2.461136899990838331e-02
-5.631035864773746569e-02
-8.146549692531160347e-02
-9.840455604400373535e-02
-1.071363040776889541e-01
-1.093052962825206281e-01
-1.074554940788889357e-01
-1.040503645253868931e-01
-1.006954239627560199e-01
-9.774636217300058938e-02
-9.430780578189822128e-02
-8.860401092083955432e-02
-7.873951337869597444e-02
-6.386395368284164542e-02
-4.560377118831768911e-02
-2.913621803497458071e-02
-2.258945368571575393e-02
-3.370243787750863695e-02
-6.513133166061275958e-02
-1.123105857792031370e-01
-1.659240514807386602e-01
-2.164654234167397440e-01
-2.573532718984455347e-01
-2.856639520743194383e-01
-3.013932996224279459e-01
-3.061787396521305493e-01
-3.019758289151398545e-01
-2.900085455401301138e-01
-2.702848501628098421e-01
-2.418471160905687201e-01
-2.037067375341959641e-01
-1.562222873961154335e-01
-1.024793468365322868e-01
-4.888407957358997108e-02
-3.952296353947113046e-03
2.501018190784917716e-02
3.562130050185764729e-02
3.153650160058308477e-02
1.995994195190478257e-02
7.800543225695634984e-03
-8.405920623735117694e-04
-5.125758259585526042e-03
-6.611377108451214901e-03
-7.933244842955917628e-03
-1.155452437359938585e-02
-1.878708746350175179e-02
-2.916495537274395311e-02
-4.024989185175650158e-02
-4.803558956056998286e-02
-4.812216512597006918e-02
-3.745676605581844953e-02
-1.576296062890912911e-02
1.435947399024043239e-02
4.874231950070182645e-02
8.332887594117895091e-02
1.151646076430385413e-01
1.424726662198033122e-01
1.642266537214546740e-01
1.796981514006256442e-01
1.882430245348542530e-01
1.893556786318436325e-01
1.828545042317096248e-01
1.690103992238293495e-01
1.485143590363061650e-01
1.223305374036924714e-01
9.156590673741210606e-02
5.746705019507249157e-02
2.157044537091875464e-02
-1.408183139266989958e-02
-4.688436907663873221e-02
-7.403469424730382831e-02
-9.335969098717707138e-02
-1.041861217103260684e-01
-1.076401158755377202e-01
-1.061393740187402263e-01
-1.024094172939403052e-01
-9.854257981601159677e-02
-9.540735265167742118e-02
-9.248042267424398666e-02
-8.809662230070453015e-02
-8.012626252151498762e-02
-6.708693511975240276e-02
-4.959807342051075763e-02
-3.171404888994806825e-02
-2.098279390952898990e-02
-2.588139074860847794e-02
-5.110059334499400530e-02
-9.417471384818200397e-02
-1.466623594749241200e-01
-1.985954715146640848e-01
-2.423484715414802870e-01
-2.740521637812494693e-01
-2.931268657464496941e-01
-3.010101820789184979e-01
-2.997377431879548193e-01
-2.907561221390175255e-01
-2.742793391997027652e-01
-2.493908022062522323e-01
-2.148654300093914005e-01
-1.704790044443240948e-01
-1.184151072483195649e-01
-6.412130131698086377e-02
-1.568250854866734198e-02
1.889569258375875180e-02
3.548468636985170621e-02
3.593613119521002486e-02
2.661016250391174537e-02
1.468929940900093496e-02
5.137463385078547273e-03
-3.165761150943549444e-04
-2.598992298312628995e-03
-4.049078268404348452e-03
-7.151439030026715375e-03
-1.352131596634879862e-02
-2.322910763529389619e-02
-3.450008686477767234e-02
-4.389041150486882453e-02
-4.712287418605155126e-02
-4.058311446595629784e-02
-2.289465961954155124e-02
4.437515682509446911e-03
3.780806096138318584e-02
7.307028877584979820e-02
1.067702490634082763e-01
1.365450681410090294e-01
1.609100476197279361e-01
1.788840025030356273e-01
1.897536724183279677e-01
1.930536501942172745e-01
1.886702096747260859e-01
1.769099328028825024e-01
1.584322678751746982e-01
1.340859268403479798e-01
1.047840554227925519e-01
7.153694309604842483e-02
3.566660307062454599e-02
-8.974824761261099033e-04
-3.547889978554755880e-02
-6.497004058842975605e-02
-8.670379302869925253e-02
-9.949934213598719823e-02
-1.041793169528195950e-01
-1.031643768812002121e-01
-9.942248317323285067e-02
-9.538329009246462875e-02
-9.223464029253804208e-02
-8.969862221840385619e-02
-8.624489157833196973e-02
-7.970595357271473280e-02
-6.828339535607722000e-02
-5.188971431338097046e-02
-3.351693717308137921e-02
-1.974100909431540304e-02
-1.902041120930232990e-02
-3.751760467556954776e-02
-7.503597886637047853e-02
-1.247570009572538385e-01
-1.769702428381870196e-01
-2.233267223943017077e-01
-2.589376088917215712e-01
-2.823256145703076925e-01
-2.943190633601635575e-01
-2.966918173202087172e-01
-2.909662815598846874e-01
-2.776619381296701050e-01
-2.561943879029285331e-01
-2.254529843638198305e-01
-1.848878917318204640e-01
-1.358048339297729390e-01
-8.238575309666050506e-02
-3.166989728751345295e-02
8.278114271352582376e-03
3.176246992641560546e-02
3.832312387311959806e-02
3.265748738996153422e-02
2.167487958952695262e-02
1.115667032803015560e-02
4.030306398608481284e-03
4.091778785806894723e-04
-1.421886112089362775e-03
-3.811111746426841616e-03
-8.703369420803134388e-03
-1.688144110836035591e-02
-2.750578025685914210e-02
-3.800741619148027134e-02
-4.450737107508061230e-02
-4.293575363020091240e-02
-3.063097999231960758e-02
-7.582117278732840825e-03
2.356900594977154664e-02
5.874191191480541280e-02
9.390274002228057859e-02
1.259503882218864501e-01
1.528581611912640525e-01
1.734107155153137014e-01
1.868981383678598174e-01
1.929461759919167962e-01
1.914830169004078375e-01
1.827427580069093116e-01
1.672111355080993789e-01
1.455137605052012340e-01
1.183393686610948736e-01
8.649759373387087835e-02
5.113690628562878038e-02
1.404161875886037435e-02
-2.219036750997106788e-02
-5.436389526660529575e-02
-7.945644471636842399e-02
-9.569496720594095063e-02
-1.032855049927093177e-01
-1.042582761220671311e-01
-1.015258293997052946e-01
-9.774261756306000526e-02
-9.448441258243026053e-02
-9.191732231227167649e-02
-8.890694603155388509e-02
-8.349843454103161866e-02
-7.374629262989033929e-02
-5.888232290861639823e-02
-4.066871403300452437e-02
-2.433089607901506302e-02
-1.784966387574563051e-02
-2.868511354987322848e-02
-5.931687151430284355e-02
-1.052816078387151105e-01
-1.575934126948337344e-01
-2.071271042420428643e-01
-2.475908999374441810e-01
-2.761813643396859863e-01
-2.928183740422950487e-01
-2.989045330182920068e-01
-2.961039664011001493e-01
-2.854210016671593908e-01
-2.668073746886620579e-01
-2.394177870338878300e-01
-2.024496773269884309e-01
-1.563524768802258547e-01
-1.040344423678463831e-01
-5.141314653428714215e-02
-6.426005680367294880e-03
2.385528881455271574e-02
3.665437412374396992e-02
3.480751239069079100e-02
2.478638849120491996e-02
1.319800678409118605e-02
4.278389467141917660e-03
-7.363637941124614138e-04
-2.934864484775846338e-03
-4.576450992185905620e-03
-7.960176385450443495e-03
-1.451626684956600945e-02
-2.417553062973822053e-02
-3.506497968881803345e-02
-4.367842005975636210e-02
-4.574499867538842079e-02
-3.777543927104805299e-02
-1.863551693757976510e-02
9.889510910831766574e-03
4.396602445586607344e-02
7.930893736667521399e-02
1.124183607555664099e-01
1.409831930332266781e-01
1.636727719110628032e-01
1.797434318277063292e-01
1.887510631322800447e-01
1.904555891655887734e-01
1.848516750482665227e-01
1.722031462233376276e-01
1.530103948735458685e-01
1.279436579532981233e-01
9.783169646457473556e-02
6.376708573784950485e-02
2.731305023574877658e-02
-9.302084813367571606e-03
-4.321683869561755015e-02
-7.141325146738315699e-02
-9.161388457334783408e-02
-1.031529404852960241e-01
-1.072207272691318852e-01
-1.062839253716085508e-01
-1.030577557997090221e-01
-9.957402566828728319e-02
-9.664492688566042600e-02
-9.375486139348505887e-02
-8.933184318311727934e-02
-8.138132848817912490e-02
-6.849632305097441698e-02
-5.119146237122779164e-02
-3.318622505754495466e-02
-2.161138151845429928e-02
-2.480389794077663551e-02
-4.786815046566338105e-02
-8.912707940303959964e-02
-1.407977047851461938e-01
-1.931175111188163929e-01
-2.382504758619799490e-01
-2.718870416512856880e-01
-2.929523252133392486e-01
-3.024816417336845253e-01
-3.023172269931815315e-01
-2.939686789884491946e-01
-2.779140849166817917e-01
-2.535547648221556649e-01
-2.198568397882874892e-01
-1.765195160985107981e-01
-1.253478852231406648e-01
-7.124576015817318808e-02
-2.190679026058811249e-02
1.455198391204364471e-02
3.332517831778206152e-02
3.541658387833045152e-02
2.669904897291234397e-02
1.442989050882249359e-02
4.028297234418507303e-03
-2.240404649406627525e-03
-4.904196454301708655e-03
-6.143164172288710645e-03
-8.530424955266787540e-03
-1.396273054604701795e-02
-2.288878180842450483e-02
-3.389045223941412194e-02
-4.373500838638378491e-02
-4.810715258079118622e-02
-4.308346690515346689e-02
-2.683794024289533689e-02
-5.275436121945145922e-04
3.231695778796515178e-02
6.739123385803100219e-02
1.010405640173546449e-01
1.308184954020248647e-01
1.553072687594982959e-01
1.736694086025907802e-01
1.853005472390479302e-01
1.897259530454776522e-01
1.866900239671132611e-01
1.762834402872721640e-01
1.589725618400956719e-01
1.355142742304629166e-01
1.068491657920932619e-01
7.408151991896563815e-02
3.859461990790258312e-02
2.253977667854969134e-03
-3.246765706031579102e-02
-6.269680362113030925e-02
-8.584370448877687299e-02
-1.005271963392006807e-01
-1.071520550422246920e-01
-1.077025355055283573e-01
-1.048817236971116978e-01
-1.011048156245485385e-01
-9.776405159541276535e-02
-9.490749059978306756e-02
-9.132582216052571866e-02
-8.503675922691845968e-02
-7.418114671835755736e-02
-5.831369181582296557e-02
-3.985223256777108147e-02
-2.487810220950924245e-02
-2.188187765317457442e-02
-3.780175513203155174e-02
-7.355313861226921157e-02
-1.230113297270239991e-01
-1.763844550609855177e-01
-2.247072346240356899e-01
-2.623667486435611873e-01
-2.873484334656002392e-01
-3.002545024344706048e-01
-3.029411642705561736e-01
-2.972210032739536212e-01
-2.839463880665374362e-01
-2.627389242561456451e-01
-2.324617437682217069e-01
-1.923071765527985255e-01
-1.432042615055044432e-01
-8.904275742854274311e-02
-3.687765983089105748e-02
4.802762324999290851e-03
2.964893745677306056e-02
3.672349759862298529e-02
3.072063356834947231e-02
1.894983704125619700e-02
7.689308814834258828e-03
1.994728884719739067e-04
-3.330464694357965650e-03
-4.755018947851711794e-03
-6.668335402625372339e-03
-1.124453364716104277e-02
-1.937876401758718836e-02
-3.018163531596352103e-02
-4.090037574362633682e-02
-4.743874738565043853e-02
-4.561481886847949113e-02
-3.285754064551441728e-02
-9.415244214981044815e-03
2.180792508150302539e-02
5.664329844982627510e-02
9.119939748894624609e-02
1.226622748545257297e-01
1.492862195953449378e-01
1.700023095802440654e-01
1.840567393816751884e-01
1.908714254633519236e-01
1.901108661839624459e-01
1.818110044470759579e-01
1.664160769561422726e-01
1.446789825887442593e-01
1.175136407641371311e-01
8.593138302597383427e-02
5.113896916828519768e-02
1.477369477263149912e-02
-2.087597644539425368e-02
-5.293213065317280835e-02
-7.850244529631331125e-02
-9.565587714747396386e-02
-1.042331488539674778e-01
-1.058996925754004809e-01
-1.033884909694911813e-01
-9.941611829496335706e-02
-9.579533660393434180e-02
-9.297752364796400826e-02
-9.003690434762719186e-02
-8.506573184508640917e-02
-7.597514905881053160e-02
-6.169171432912221031e-02
-4.360259188910192013e-02
-2.665838027714945851e-02
-1.888027838391115668e-02
-2.818120591309426770e-02
-5.768399208759744656e-02
-1.033214553218143594e-01
-1.560275785346829647e-01
-2.062852267251426563e-01
-2.474089471639633053e-01
-2.763944683711215822e-01
-2.931833651039107980e-01
-2.993455977563124759e-01
-2.967399487799602387e-01
-2.864837518819867701e-01
-2.685013788807925073e-01
-2.417908086301399084e-01
-2.053307317791206732e-01
-1.593778945140904846e-01
-1.067511946680871349e-01
-5.342753466694516451e-02
-7.548682521956540624e-03
2.354043439145594996e-02
3.686235460687379423e-02
3.523362412983350317e-02
2.526054897987483477e-02
1.370852274895651216e-02
4.886613955377441809e-03
-7.459041186018789919e-07
-2.129138274909742577e-03
-3.833027592796350771e-03
-7.426688375110987277e-03
-1.428365728601869479e-02
-2.423215744634256777e-02
-3.530120716959512378e-02
-4.394206012199439182e-02
-4.592151759006962708e-02
-3.784739865241399520e-02
-1.867803754548824288e-02
9.782602789983677050e-03
4.377736756133183971e-02
7.914558118448791757e-02
1.124793959048384501e-01
1.414703452230439418e-01
1.646966759281533466e-01
1.812718753315087361e-01
1.906200281481252867e-01
1.924360566907417081e-01
1.867421850408990391e-01
1.739059793033793655e-01
1.545555099189407644e-01
1.294498291325018591e-01
9.942564643597404106e-02
6.550303958860442810e-02
2.913693891091701654e-02
-7.518293326755274425e-03
-4.158144501611102384e-02
-6.991521896237413991e-02
-9.008853543303771416e-02
-1.013469688930254409e-01
-1.049177452204901467e-01
-1.034105695853733548e-01
-9.971465479262142662e-02
-9.599107812273623141e-02
-9.309516684246915696e-02
-9.046703134595779350e-02
-8.643110952098370658e-02
-7.887219846218040953e-02
-6.628264921628751472e-02
-4.911130104125072116e-02
-3.103528621451205616e-02
-1.915226735340131575e-02
-2.179528211197277049e-02
-4.413629755658280557e-02
-8.462988106217944617e-02
-1.356206263712367022e-01
-1.874281741804491308e-01
-2.322733992912783263e-01
-2.659016211947265451e-01
-2.872754177568748735e-01
-2.974171262218782696e-01
-2.980940167830615772e-01
-2.907027151118994901e-01
-2.756162500254251135e-01
-2.521792711131668474e-01
-2.193577186309902394e-01
-1.768671813518786773e-01
-1.264670028478115105e-01
-7.288730699238246680e-02
-2.355593411183744615e-02
1.358859632005465605e-02
3.363290396654362163e-02
3.718952346751198262e-02
2.968909333352486024e-02
1.812479904725610227e-02
7.887190217852618410e-03
1.382026694436021448e-03
-1.697978181841909963e-03
-3.306777209998573979e-03
-5.850260934995143297e-03
-1.117356751959742121e-02
-1.982669606471137991e-02
-3.063881163083967060e-02
-4.069041966386443415e-02
-4.588516930497042040e-02
-4.224813984616860446e-02
-2.758084371756109807e-02
-2.517280160235393308e-03
2.979737121060845040e-02
6.512527802485777728e-02
9.958881390777520048e-02
1.303917491349851632e-01
1.558080195667527756e-01
1.748370184735982547e-01
1.868797795957446439e-01
1.915899510780168513e-01
1.888762171870002338e-01
1.789397512087376185e-01
1.622474795949183923e-01
1.394430426219392671e-01
1.112857995593157096e-01
7.870758546535207290e-02
4.300683065499526919e-02
6.099288190491347975e-03
-2.936732070348978610e-02
-6.029119338939219891e-02
-8.390286278992466207e-02
-9.876790723882404588e-02
-1.053711411141465409e-01
-1.058437575872156200e-01
-1.030113971117700838e-01
-9.933131826896859917e-02
-9.616186856901200175e-02
-9.348844033369116402e-02
-9.006221092521635163e-02
-8.390809783254436771e-02
-7.320026122204686958e-02
-5.749135627013224337e-02
-3.908938024675048806e-02
-2.384737527553860981e-02
-2.004279801218023307e-02
-3.464491637673484947e-02
-6.892709902409049905e-02
-1.172449706074367159e-01
-1.701312845940190499e-01
-2.186920051825617939e-01
-2.571906260925186927e-01
-2.833796717058953973e-01
-2.975938483409683588e-01
-3.014646353870077400e-01
-2.966935929801260419e-01
-2.841675966617758231e-01
-2.636552963258740889e-01
-2.341877363657133837e-01
-1.950275398112512881e-01
-1.469749781983183123e-01
-9.356917565181616103e-02
-4.142168286629546031e-02
1.227435157457983528e-03
2.781323960064345513e-02
3.676473668321000865e-02
3.211573343623182891e-02
2.086479674007574864e-02
9.395224336655572106e-03
1.318646746099298153e-03
-2.782166594049150996e-03
-4.465731153493996720e-03
-6.199858989502319423e-03
-1.022359003576895839e-02
-1.766827234284916795e-02
-2.799041719868586298e-02
-3.878599202794519307e-02
-4.616101338206966831e-02
-4.584537426384181075e-02
-3.486532980563128437e-02
-1.293424208935587717e-02
1.741961381729689382e-02
5.207622940209353374e-02
8.693285977952330823e-02
1.188988843593264816e-01
1.460448143217559780e-01
1.672628894516775822e-01
1.818678969236889320e-01
1.893776093991476617e-01
1.895031047057214868e-01
1.822398095542347440e-01
1.679175328612595997e-01
1.471489077818791957e-01
1.207335863051693242e-01
8.962414691093548158e-02
5.502026279569924294e-02
1.857225232638013562e-02
-1.743383653624063986e-02
-5.014253493752469926e-02
-7.666096691581331113e-02
-9.497802529772909896e-02
-1.047668530120925978e-01
-1.074956094431011172e-01
-1.057475456863457841e-01
-1.021835972069247839e-01
-9.866226872638560186e-02
-9.576375222294984668e-02
-9.273634033491172379e-02
-8.783166693086251475e-02
-7.902696799547122286e-02
-6.514213840333296646e-02
-4.724898867581270312e-02
-2.986393201050510302e-02
-2.073378343657611769e-02
-2.799136784748335049e-02
-5.549322453428745527e-02
-9.996578483798754244e-02
-1.526965567118762912e-01
-2.039951770496296890e-01
-2.467157077058602377e-01
-2.773641554833951584e-01
-2.955202134071235887e-01
-3.025934038652581259e-01
-3.004913078225419087e-01
-2.905309173049744342e-01
-2.728743495666621777e-01
-2.466691405935329817e-01
-2.108651444024386146e-01
-1.654934981192862087e-01
-1.130263449537224213e-01
-5.914800807908826563e-02
-1.198468711333589183e-02
2.074206724942904978e-02
3.545061760740463724e-02
3.450286680785540072e-02
2.445573488591082367e-02
1.236854990081036505e-02
2.949345350141781806e-03
-2.293639865340714543e-03
-4.411598315406569000e-03
-5.786422529988145651e-03
-8.894018419836722741e-03
-1.530765394527001944e-02
-2.502189829778910315e-02
-3.614935745717801768e-02
-4.512239796276049791e-02
-4.759968849017877368e-02
-4.004245044075833287e-02
-2.130009910400551543e-02
6.841037840758647064e-03
4.056918131216812745e-02
7.567535150987586556e-02
1.087757797792607145e-01
1.376591268949897695e-01
1.610181255127579036e-01
1.780282696880381987e-01
1.880792420997197401e-01
1.907398200614373041e-01
1.858665625925715326e-01
1.736963667931997468e-01
1.548182652516816304e-01
1.300516143421821535e-01
1.003469095966452035e-01
6.681181911271881491e-02
3.088502538345418852e-02
-5.429551594939046287e-03
-3.948031382271102729e-02
-6.830311235215896781e-02
-8.944631477391770669e-02
-1.019143335528982508e-01
-1.065902801528971489e-01
-1.058113215393953060e-01
-1.023784556295304210e-01
-9.855495175410751429e-02
-9.541876677621322078e-02
-9.265404785317774006e-02
-8.875544418714506612e-02
-8.163122692744671782e-02
-6.961144225037139976e-02
-5.280970327972923928e-02
-3.449948177443839387e-02
-2.153666692174441288e-02
-2.244233003234690285e-02
-4.303371135493368194e-02
-8.248241328397981631e-02
-1.334433799416338828e-01
-1.860353253130944406e-01
-2.320227656763373114e-01
-2.667299413826616505e-01
-2.888846350106827332e-01
-2.994834843129478008e-01
-3.004222063056813385e-01
-2.932842872611350904e-01
-2.785845348504815133e-01
-2.556903130298037174e-01
-2.234527858645935505e-01
-1.813736218616803508e-01
-1.309814482947195824e-01
-7.686908682207090060e-02
-2.652683152430455882e-02
1.181282007078189936e-02
3.283481688219457018e-02
3.688072048317956458e-02
2.939118846128731255e-02
1.758295547543596918e-02
7.100031870020151979e-03
4.967874685982574725e-04
-2.520040027003066750e-03
-3.983108080327390534e-03
-6.404176262786527053e-03
-1.170404433411503277e-02
-2.044709443866337198e-02
-3.141783854144211685e-02
-4.162316314059385375e-02
-4.690750268988720662e-02
-4.328737473256563661e-02
-2.861292962135058432e-02
-3.588846214576450495e-03
2.860515275727320422e-02
6.376950348136040114e-02
9.812286671822040285e-02
1.289695790822149857e-01
1.546338010457009027e-01
1.740880415902949230e-01
1.866389973770291311e-01
1.918179339744234824e-01
1.894360104883721085e-01
1.796646251526043125e-01
1.630192591059592411e-01
1.402423330264617185e-01
1.121888814494873682e-01
7.983073738101974237e-02
4.442250665926344294e-02
7.764950311125735048e-03
-2.762415685623573550e-02
-5.870878639091087897e-02
-8.266719662622400155e-02
-9.791293812154176768e-02
-1.047652793692328277e-01
-1.052684418132478344e-01
-1.022760613964867893e-01
-9.836038900366173010e-02
-9.502173063067650971e-02
-9.235621279258499072e-02
-8.915613650979259397e-02
-8.340402746007959112e-02
-7.315446788920058896e-02
-5.778312293397613875e-02
-3.939985670653157329e-02
-2.371038529387568122e-02
-1.900632106558865567e-02
-3.250062099172625063e-02
-6.583568361875614949e-02
-1.136247178287822651e-01
-1.664159652715644089e-01
-2.151696426636424408e-01
-2.539948405745071081e-01
-2.805642584996904665e-01
-2.952067219183442393e-01
-2.995829546462343562e-01
-2.954193851751839572e-01
-2.835991314659930818e-01
-2.638530831537466703e-01
-2.351490247350447593e-01
-1.966699468526762751e-01
-1.491183918841175737e-01
-9.591292957962989363e-02
-4.354686112386074032e-02
-2.244192021868012172e-04
2.735770378920242274e-02
3.735312757487071339e-02
3.352772463107275835e-02
2.275463743404319145e-02
1.144161942603541884e-02
3.300898654652216577e-03
-9.725638431855128038e-04
-2.841246591792938835e-03
-4.702193521498005714e-03
-8.758277060457260801e-03
-1.615447884932985981e-02
-2.642331054049478628e-02
-3.728984088859297469e-02
-4.499163088422428181e-02
-4.530604846155505960e-02
-3.515431271680072300e-02
-1.401453619374339564e-02
1.583263893963871016e-02
5.040330575850395650e-02
8.557606694662457658e-02
1.181272961183770648e-01
1.459540802465673359e-01
1.678007937625636270e-01
1.829000688993789869e-01
1.907629344382831549e-01
1.911514587943746457e-01
1.841342683054513207e-01
1.700970151349183168e-01
1.496612265262800001e-01
1.235792089237845032e-01
9.271595116469677489e-02
5.818057848236136281e-02
2.157480043957466301e-02
-1.478878178102196322e-02
-4.795049115395261241e-02
-7.487266753113787365e-02
-9.342398953504633952e-02
-1.032395000788580847e-01
-1.058426071689013842e-01
-1.039237387434901599e-01
-1.002431390359505708e-01
-9.671236817326203661e-02
-9.391542434262287187e-02
-9.107511343167679074e-02
-8.641070861882203802e-02
-7.786826180955178089e-02
-6.422319427982325912e-02
-4.645776012779676001e-02
-2.893729877871626527e-02
-1.925366656939392698e-02
-2.552419072870901542e-02
-5.182784728836668103e-02
-9.524970257193379752e-02
-1.473544562007573222e-01
-1.985406493057819133e-01
-2.416075872894339061e-01
-2.729400798955620155e-01
-2.919745315594082236e-01
-2.999826616223855158e-01
-2.987707578717146428e-01
-2.896188011931526973e-01
-2.727209222793392507e-01
-2.472963897630142682e-01
-2.123479207388783430e-01
-1.678683864202039633e-01
-1.161462877455041731e-01
-6.255896902775857915e-02
-1.495504989323914041e-02
1.895756465845934574e-02
3.523946052226285819e-02
3.570966414143642020e-02
2.652632844539903889e-02
1.466446663668702875e-02
5.002676806993252775e-03
-6.734679720871352554e-04
-3.152365642469553107e-03
-4.639758322407780931e-03
-7.559666090488619677e-03
-1.357069459396791598e-02
-2.287630958317855498e-02
-3.387040931465212096e-02
-4.323812171215273004e-02
-4.672278676980650552e-02
-4.059824165418762093e-02
-2.329913663911581390e-02
3.818178718270302807e-03
3.716086548809284518e-02
7.246283712004088218e-02
1.061128078685493054e-01
1.356568788409307780e-01
1.596344714927862285e-01
1.771850642141882259e-01
1.877492077787801528e-01
1.909742972484471668e-01
1.867658107238582277e-01
1.753480535568609777e-01
1.572379102691268682e-01
1.331497337462132224e-01
1.039314932728546415e-01
7.062055307442584307e-02
3.463198748648086550e-02
-2.010508570619338499e-03
-3.660533941396317686e-02
-6.611783989681978280e-02
-8.800878401753860214e-02
-1.011879938392629130e-01
-1.064598077643359869e-01
-1.061181626254801835e-01
-1.029585499105873381e-01
-9.926807252347870369e-02
-9.617266225277552871e-02
-9.342671538202648729e-02
-8.960577889152618325e-02
-8.267732885646666974e-02
-7.095636001785673996e-02
-5.441242972216496498e-02
-3.603821866693763393e-02
-2.238816765592031854e-02
-2.191267390739020521e-02
-4.077876278862194170e-02
-7.878102219940220918e-02
-1.290676952931613664e-01
-1.818716548230276120e-01
-2.287563849125882898e-01
-2.647158409140425439e-01
-2.881592602102536205e-01
-2.998567174005130065e-01
-3.016119650436850375e-01
-2.950559629386244054e-01
-2.808477235010133355e-01
-2.585127887089624377e-01
-2.269812491895648876e-01
-1.856842892550915891e-01
-1.359137946665143482e-01
-8.192992813861008083e-02
-3.097099100557213630e-02
8.683378055681104102e-03
3.129883309535461122e-02
3.664445149248433259e-02
2.979022384956964142e-02
1.795241877890786306e-02
7.043114317256582609e-03
-4.706880193313531181e-05
-3.353594231720814951e-03
-4.791310835752929549e-03
-6.896145650482594230e-03
-1.172404179317516719e-02
-2.003744233725874430e-02
-3.082557408915758898e-02
-4.124474666016583052e-02
-4.716915412569092775e-02
-4.448599750556938431e-02
-3.079367973452461216e-02
-6.546150481498198663e-03
2.519986451525887960e-02
6.021557145505906927e-02
9.461815349729402191e-02
1.256333259392495016e-01
1.515698229372504646e-01
1.714295566061898590e-01
1.845477786503747497e-01
1.904439097855342988e-01
1.888655407415676946e-01
1.798905136843178820e-01
1.639507022330886632e-01
1.417472034324522567e-01
1.141414869694883510e-01
8.213505732843041918e-02
4.699287482842474939e-02
1.046948308887758056e-02
-2.502139506292940657e-02
-5.655028225989512658e-02
-8.131384583407209876e-02
-9.760024895437124925e-02
-1.054975478020518803e-01
-1.068217948233844417e-01
-1.043003188534419590e-01
-1.005152576708678996e-01
-9.708825211252126997e-02
-9.429376973849208643e-02
-9.109505425104134912e-02
-8.557336054612668663e-02
-7.575192714542582084e-02
-6.080839394638032358e-02
-4.250808000685544347e-02
-2.620271288869839219e-02
-2.008612313009807207e-02
-3.174468152166095430e-02
-6.352943005635861007e-02
-1.106322853736476930e-01
-1.637139706049021703e-01
-2.134461792701289606e-01
