7.289686274214116080e-02
7.193803677789245565e-02
6.828422307496982702e-02
6.255016638091405456e-02
5.460364772052299365e-02
4.513065811640559755e-02
3.391466766924848553e-02
2.075495448841132087e-02
5.436539873561075688e-03
-1.179153036528679185e-02
-3.020808410315793321e-02
-4.968801951802509498e-02
-6.885586036911636731e-02
-8.718104192645907691e-02
-1.029260083908100504e-01
-1.161364163984786174e-01
-1.264717336952508597e-01
-1.344078820235372340e-01
-1.397130258324265628e-01
-1.426618975872830652e-01
-1.431929627809793715e-01
-1.409078771861315416e-01
-1.351235260093157919e-01
-1.244493969229148733e-01
-1.090275162478116511e-01
-8.888255501119407542e-02
-6.656542085694136524e-02
-4.565338139576157611e-02
-3.260189840433606878e-02
-3.322607970858613285e-02
-5.039410003141537447e-02
-8.150767909861802996e-02
-1.202889380789125690e-01
-1.599868861513735752e-01
-1.944110849387986062e-01
-2.204028401662894432e-01
-2.359884872976218684e-01
-2.422701542466443592e-01
-2.401558809374931269e-01
-2.312217548201047357e-01
-2.160378792448040819e-01
-1.949911351164784756e-01
-1.679263405311909318e-01
-1.343637525868729421e-01
-9.444292343371929466e-02
-4.926318445234195709e-02
-2.468793456791380271e-03
4.200409320839579297e-02
7.901313429143731748e-02
1.056614281846369602e-01
1.203657838070681801e-01
1.248648997626033846e-01
1.224482494459765286e-01
1.165303005998121338e-01
1.092028593555046945e-01
1.006407874937258751e-01
9.038319565930050259e-02
7.695837382858088105e-02
5.995714608470061047e-02
3.918272836962761324e-02
1.810624519348873543e-02
2.385879668911396797e-03
3.561915560371398126e-05
1.650963971607630892e-02
5.196928532304308235e-02
1.010480720426445433e-01
1.549844042312050196e-01
2.059510353417447481e-01
2.480311674562727109e-01
2.790935570545965416e-01
2.983391782568787787e-01
3.069390004484925938e-01
3.054877765531389122e-01
2.951478920499608916e-01
2.762459309533935592e-01
2.485146059414989617e-01
2.116659338182922678e-01
1.659574106371424218e-01
1.144042404285581654e-01
6.218430386827076412e-02
1.712977637708445328e-02
-1.397485486632306026e-02
-2.699988084707546920e-02
-2.401066903424898744e-02
-1.088407092813881323e-02
5.281078453008097862e-03
1.949366754839416266e-02
3.009678722364656639e-02
3.712013316162475485e-02
4.252735040116066567e-02
4.785826753669715494e-02
5.484475643119322841e-02
6.309290903434097708e-02
7.110526078767022418e-02
7.538619522996325983e-02
7.304479279703110506e-02
6.192573162649848972e-02
4.210631322775535562e-02
1.583583414875768328e-02
-1.367404545953219280e-02
-4.262306848354146388e-02
-6.906616926208743179e-02
-9.165174403206233222e-02
-1.104040394352941989e-01
-1.248080009172128774e-01
-1.348745433306983710e-01
-1.399841733135757660e-01
-1.399580707383331346e-01
-1.343072278804285091e-01
-1.229882965071911055e-01
-1.066928798120495570e-01
-8.615546537985185882e-02
-6.261444144522050614e-02
-3.650358463894204375e-02
-8.781850244729142232e-03
2.000380213085069941e-02
4.842031746607722981e-02
7.539476771202301142e-02
9.894633359480166368e-02
1.175910124496375581e-01
1.301801482569308610e-01
1.368370584264204104e-01
1.389038941232938473e-01
1.376561836936136818e-01
1.344903597364673076e-01
1.295736257982112172e-01
1.227549657970920111e-01
1.125486447416349789e-01
9.790393074117138827e-02
7.833620173185523727e-02
5.672174417668202767e-02
3.897737250861613156e-02
3.335264182525223692e-02
4.644615175123317785e-02
7.889293449049490647e-02
1.251164954323422396e-01
1.753034852769680407e-01
2.208497331563372135e-01
2.559579030973748726e-01
2.788569409968538748e-01
2.899353855171666328e-01
2.910810429718866943e-01
2.840472079936992578e-01
2.699264371611648783e-01
2.486770056789327776e-01
2.190333602786529998e-01
1.802957446117015861e-01
1.326948761634441087e-01
7.946646498629995892e-02
2.595757020395478287e-02
-2.042316542257418752e-02
-5.328613555149561837e-02
-6.954350330377224998e-02
-7.126074558692821470e-02
-6.392302954198042508e-02
-5.323150864188237047e-02
-4.306992882213830226e-02
-3.431626421086676759e-02
-2.644406710005642314e-02
-1.744384598419636972e-02
-5.955358899601899056e-03
8.624368566353910262e-03
2.454564501057022660e-02
3.808499482774277412e-02
4.395717225843567832e-02
3.741612124797383254e-02
1.635030063231254771e-02
-1.762148446359682041e-02
-5.937270981688404919e-02
-1.032090325546422827e-01
-1.440288206286751971e-01
-1.791036340836892893e-01
-2.068068728378360532e-01
-2.266319541427657958e-01
-2.383518050852424242e-01
-2.419928302025956546e-01
-2.376520164028872173e-01
-2.252691704400043571e-01
-2.049972770266214883e-01
-1.770813240553476553e-01
-1.426921972408790595e-01
-1.033224114397085641e-01
-6.196787038174087631e-02
-2.239526835024744852e-02
1.060252303844529641e-02
3.316438035045606025e-02
4.372225904560302079e-02
4.354596728720175336e-02
3.612626076090236921e-02
2.536576433289143562e-02
1.474977568973493205e-02
6.022547060450782891e-03
-2.794160603491145363e-04
-5.237052956922983414e-03
-1.007721331498265260e-02
-1.625760653066855507e-02
-2.432936964809655905e-02
-3.371218845193857394e-02
-4.224524796827601458e-02
-4.638963418525481053e-02
-4.268993009475627320e-02
-2.910424314045448324e-02
-6.450882328907582390e-03
2.242787085522615978e-02
5.322153488388844944e-02
8.225792492263504785e-02
1.067838512806820739e-01
1.257828238737697946e-01
1.392597822908629157e-01
1.476017035961614821e-01
1.511943242675987953e-01
1.499257854578293914e-01
1.436608131246689402e-01
1.319436935554816615e-01
1.147412144711597720e-01
9.213346142952849593e-02
6.517373766232074928e-02
3.506248526278165495e-02
3.516808460784101153e-03
-2.797043520898460575e-02
-5.788744543425747985e-02
-8.481684529261758476e-02
-1.076923682958235151e-01
-1.256954280983142713e-01
-1.386123698608815735e-01
-1.463987052511231957e-01
-1.496789286165814137e-01
-1.490302942986534984e-01
-1.453199004910219749e-01
-1.386511636787132462e-01
-1.288253982693773059e-01
-1.151852529587556739e-01
-9.750137705711485470e-02
-7.700572174137711168e-02
-5.750210979267651734e-02
-4.594911738376161042e-02
-5.005536671802094523e-02
-7.431152398617330013e-02
-1.162166605147769011e-01
-1.678578944290024799e-01
-2.194094694715503224e-01
-2.630389013955738431e-01
-2.940506511161593561e-01
-3.109709835509830156e-01
-3.149934193806495641e-01
-3.083882152847179370e-01
-2.935975760749522934e-01
-2.716730134521677664e-01
-2.425668040614978316e-01
-2.051570583963926164e-01
-1.589276049936723112e-01
-1.050558959305305518e-01
-4.818411508601986443e-02
3.991290516038040193e-03
4.298028034128923563e-02
6.342706960184102405e-02
6.612560917815928085e-02
5.672580401328727179e-02
4.282330221304474216e-02
2.998826821965479283e-02
2.069090137044429442e-02
1.407575478591049749e-02
7.627681292218166202e-03
-1.458628287156538573e-03
-1.450428448191336782e-02
-3.037950470679231726e-02
-4.510120134041700757e-02
-5.238050331708297286e-02
-4.631534819127024888e-02
-2.404093052081878942e-02
1.193674023938231729e-02
5.552725675860394061e-02
9.979091052382434157e-02
1.398196472359837239e-01
1.732246015867082711e-01
1.996067645804308066e-01
2.194108912608214723e-01
2.328451919282952531e-01
2.395445468592572735e-01
2.382966401678041357e-01
2.281303914012249023e-01
2.084410953349444262e-01
1.799369366397511050e-01
1.442349657857625866e-01
1.041749157927930464e-01
6.332034193609673012e-02
2.570630767559292304e-02
-5.006580843531788748e-03
-2.630052023368578337e-02
-3.725452043889176945e-02
-3.894048336607546651e-02
-3.361164726873575731e-02
-2.436956738681337470e-02
-1.379817906078687102e-02
-3.961152599326149375e-03
4.099168944453685653e-03
1.011601919893015747e-02
1.470688639545560464e-02
1.909206933662536271e-02
2.450770783869835392e-02
3.145662273309243750e-02
3.883165757267316442e-02
4.406191470683758216e-02
4.339439327512581435e-02
3.384640918000732940e-02
1.438336694021389792e-02
-1.288176729339509177e-02
-4.373083907440632884e-02
-7.344443065902980794e-02
-9.847986640372183298e-02
-1.172061129570720756e-01
-1.296069629244874510e-01
-1.367709071111946617e-01
-1.398029684619698509e-01
-1.394478357035422722e-01
-1.353274236175431855e-01
-1.266111934439962949e-01
-1.122214946122461476e-01
-9.184397265667301746e-02
-6.601968289361442865e-02
-3.627260796404838117e-02
-4.695281841183256664e-03
2.653987672536872386e-02
5.570331731151247079e-02
8.193352874128372043e-02
1.048819565797167175e-01
1.245828078079610907e-01
1.407014542332453988e-01
1.529041004949693860e-01
1.606642132144278090e-01
1.637524148409477132e-01
1.621310246864448856e-01
1.560639703568461045e-01
1.458653287098661266e-01
1.317528038454936490e-01
1.140206256781300664e-01
9.369324211429568006e-02
7.397227936527978054e-02
6.066109539877331119e-02
6.124097301717296854e-02
8.085919513340134035e-02
1.190373728261863995e-01
1.692178393577681295e-01
2.219239412536424261e-01
2.684085270064808793e-01
3.026320160814380822e-01
3.219817474031178572e-01
3.266880430094075694e-01
3.191033472096191370e-01
3.020999455760619568e-01
2.780451189692527691e-01
2.476172452795292467e-01
2.101141372325466272e-01
1.643746246698014890e-01
1.107158391956046400e-01
5.274197002332139950e-02
-2.276892908022889496e-03
-4.521163093912390629e-02
-6.937166925045826216e-02
-7.396284874533320952e-02
-6.448233876522867225e-02
-4.905519413680875518e-02
-3.457274793498249510e-02
-2.423464196297266462e-02
-1.762514734153652202e-02
-1.193825917020836271e-02
-3.716199835907531453e-03
9.169606579221025594e-03
2.606534617765420350e-02
4.245215266834720391e-02
5.095715393715799513e-02
4.416085785636150729e-02
1.888575114185376408e-02
-2.183250172554162746e-02
-7.023338901691095204e-02
-1.179754129014045361e-01
-1.593502536247591861e-01
-1.921951518715842022e-01
-2.170785301790777444e-01
-2.353712163785725564e-01
-2.479795325260171490e-01
-2.543647770248421702e-01
-2.529495261566918618e-01
-2.417722286335961535e-01
-2.197090827222012988e-01
-1.871716396573328833e-01
-1.466061457021658465e-01
-1.022118801418040041e-01
-5.919722046301716806e-02
-2.267853090853677589e-02
3.784462673466788569e-03
1.887892579143468988e-02
2.378863652440983689e-02
2.107312551389779742e-02
1.364200691302684329e-02
3.845991491196641947e-03
-6.580591897936133652e-03
-1.638066515829771086e-02
-2.465345399227272805e-02
-3.092516428095573935e-02
-3.538658895129298543e-02
-3.871130916215680118e-02
-4.191383418753483192e-02
-4.550261865859281385e-02
-4.904310255701813809e-02
-5.060908444034406539e-02
-4.734661418256586041e-02
-3.662273459201798725e-02
-1.762500534952697942e-02
7.925450255884265716e-03
3.632423681194211357e-02
6.326735725530679977e-02
8.541222962198997959e-02
1.010484352281297848e-01
1.103842115398442764e-01
1.147186584479133048e-01
1.156941156592918157e-01
1.142394846727044083e-01
1.102718676433259576e-01
1.027906665694908184e-01
9.055354958994565884e-02
7.277821573218122564e-02
4.968183344640847432e-02
2.266197593565726434e-02
-6.185604112885398874e-03
-3.461354686688201954e-02
-6.113738445871192556e-02
-8.515519594247154822e-02
-1.069354772201654424e-01
-1.268911651301579679e-01
-1.451224695717792113e-01
-1.610101060277068508e-01
-1.734136047205952214e-01
-1.810652157495883097e-01
-1.830651948314109267e-01
-1.791741193823768175e-01
-1.696004594478541794e-01
-1.549401745080007942e-01
-1.360008812553867297e-01
-1.145004467458320407e-01
-9.381076874539945321e-02
-7.967618152363642459e-02
-7.901177439674912650e-02
-9.674932857651991069e-02
-1.324399314442943065e-01
-1.799070120109635962e-01
-2.301676305700606218e-01
-2.746762027786269211e-01
-3.074121367459876075e-01
-3.252700102484771261e-01
-3.281300462501503534e-01
-3.180327572954955717e-01
-2.980962610494491960e-01
-2.710220580120834000e-01
-2.380707140051386839e-01
-1.989322839604391047e-01
-1.525816571148442269e-01
-9.902681786897941929e-02
-4.102665267899031909e-02
1.493618770920136958e-02
6.025035634747781532e-02
8.776927136076249913e-02
9.581699856418190997e-02
8.881133140118281644e-02
7.444235348764582927e-02
5.970855649881710858e-02
4.837403042301062495e-02
4.057222254535393369e-02
3.366917277830117072e-02
2.411488938149934647e-02
9.411316545792618865e-03
-9.672792543760834472e-03
-2.799831840783300121e-02
-3.669338501390824459e-02
-2.703474335485142946e-02
4.436893957364461925e-03
5.326252525532537696e-02
1.095130240274416050e-01
1.630904236945887043e-01
2.074512026898280848e-01
2.405687553305811410e-01
2.634973732634821042e-01
2.784647334359488524e-01
2.869637911335422009e-01
2.888887002440344021e-01
2.824626140609222680e-01
2.652838040871884906e-01
2.357479718747764463e-01
1.943964082469294419e-01
1.447715962732109840e-01
9.320931086937894738e-02
4.766753235309188069e-02
1.508018430220258756e-02
-1.364929698636239107e-03
-3.506164671068023181e-03
3.505560633943232557e-03
1.419742477401731220e-02
2.499516162946626222e-02
3.454011346610248723e-02
4.281910530455133174e-02
5.024100446164446454e-02
5.690340326333136883e-02
6.258197871339443719e-02
6.678328450411469275e-02
6.913880260209635809e-02
6.943068341093409923e-02
6.757457687266708868e-02
6.325604173599636004e-02
5.580618068724579189e-02
4.429354742956537194e-02
2.805184764574785924e-02
7.350847097383124765e-03
-1.634543996651926373e-02
-4.048926196163089852e-02
-6.226425045700533650e-02
-7.930341353990844055e-02
-9.041191897425839008e-02
-9.565515824593869010e-02
-9.613603536682578665e-02
-9.329540084133836064e-02
-8.826956173024608221e-02
-8.139068252571214634e-02
-7.213781680146323649e-02
-5.956385461448020224e-02
-4.284455855626743276e-02
-2.193279985195245238e-02
2.303491401137218019e-03
2.817317648046667108e-02
5.378153991329442940e-02
7.756884450881600113e-02
9.883014823378652447e-02
1.176541609224916463e-01
1.345959234004631133e-01
1.500537402924306263e-01
1.638194983908041191e-01
1.750002514988398816e-01
1.821975526332730577e-01
1.840024601072261234e-01
1.793274994676986867e-01
1.677883691040754077e-01
1.498749971962763106e-01
1.274028667623672006e-01
1.039391037389646166e-01
8.513513663714725177e-02
7.772488184945930412e-02
8.690484584538929469e-02
1.133653867503086471e-01
1.525442293715760234e-01
1.969315614216410049e-01
2.389810434442820042e-01
2.729736863748801201e-01
2.954048674434305299e-01
3.049153527879219783e-01
3.019250845747871170e-01
2.881123397626224047e-01
2.655962410985643340e-01
2.361145059211340880e-01
2.005453334132908105e-01
1.589326632578128284e-01
1.112831614701014771e-01
5.866170891223471129e-02
4.395212700017458833e-03
-4.580854658836405746e-02
-8.527981826656248765e-02
-1.092499992026764455e-01
-1.171909767966041599e-01
-1.128784592982450680e-01
-1.021624488917408230e-01
-9.018073517665731176e-02
-7.967180118619587859e-02
-7.058038957674099556e-02
-6.088089900025311918e-02
-4.790604120816841643e-02
-3.025603559535193846e-02
-9.677681892012934481e-03
7.698245168000826186e-03
1.250984699276762140e-02
-3.481623709234089956e-03
-4.203968506677185218e-02
-9.676820047488005061e-02
-1.567775218981325991e-01
-2.119327112793406298e-01
-2.560459358322645373e-01
-2.871304332268391768e-01
-3.061937730794033752e-01
-3.154122460008504381e-01
-3.165438395833984342e-01
-3.099212185126333785e-01
-2.943443367361991414e-01
-2.679230138458627009e-01
-2.294470224319229701e-01
-1.799909082587093367e-01
-1.240470356899001508e-01
-6.963525952719158696e-02
-2.627254440617060940e-02
-1.102443327036422291e-03
4.790066353370562788e-03
-3.458458357903706430e-03
-1.798960351934497659e-02
-3.228088528424414433e-02
-4.316970412993037520e-02
-5.049992770403821662e-02
-5.580681434794419749e-02
-6.083600336128732605e-02
-6.660902532504081597e-02
-7.294082699939058445e-02
-7.856991830937749832e-02
-8.156546666615663299e-02
-8.003422607137820888e-02
-7.279131961034084053e-02
-5.974612018061730562e-02
-4.183562460320219833e-02
-2.048245309213425971e-02
2.852596842265221321e-03
2.691461600130298781e-02
5.049802304685607757e-02
7.233201253457290092e-02
9.100442988035349623e-02
1.051697932513009914e-01
1.138153801604351312e-01
1.165727869915553772e-01
1.138278403105753428e-01
1.065104203614034850e-01
9.571593638680475635e-02
8.222298381547180068e-02
6.630211501722457768e-02
4.771648171120030507e-02
2.609162939265121522e-02
1.330492241810749118e-03
-2.591208650456484214e-02
-5.413983727446752131e-02
-8.125892749133577231e-02
-1.052184141400467204e-01
-1.246631925595501761e-01
-1.392720188477621079e-01
-1.496768875304863022e-01
-1.569173883447058937e-01
-1.618309722952739060e-01
-1.645017677187770311e-01
-1.641600982537166076e-01
-1.593748973791108414e-01
-1.486745940635789687e-01
-1.313206708720306148e-01
-1.084064839228570942e-01
-8.392624356581000755e-02
-6.506290424338698197e-02
-6.035537458112554682e-02
-7.549617852333814771e-02
-1.096506860696767754e-01
-1.557046228404467825e-01
-2.042425543137168509e-01
-2.473956869658023860e-01
-2.804536513188907176e-01
-3.015575714647144578e-01
-3.107748096178066244e-01
-3.091404261109785834e-01
-2.978683435323378759e-01
-2.778663540827291945e-01
-2.494996072961252753e-01
-2.128095381534933217e-01
-1.679979089623976352e-01
-1.162958884227808520e-01
-6.078142613284919643e-02
-6.772895084323903893e-03
3.903325550444772252e-02
7.077822105461900604e-02
8.604804524572533253e-02
8.692240105722885690e-02
7.854231555396465336e-02
6.646411297778098692e-02
5.449498425072532570e-02
4.402351824411936815e-02
3.437650174934815672e-02
2.382245924836948539e-02
1.071900883411249297e-02
-5.201612714320909270e-03
-2.170328106369623714e-02
-3.360605923296148406e-02
-3.401894176705734518e-02
-1.749613959327593615e-02
1.666945571891172151e-02
6.363932115177224624e-02
1.155089369726940013e-01
1.646884488532524837e-01
2.060828080827567799e-01
2.374639158884825907e-01
2.587872230476581659e-01
2.710878025341074693e-01
2.754268288044237067e-01
2.722054843619246545e-01
2.609706084972083784e-01
2.407833426889811890e-01
2.109066271645817225e-01
1.717699460823685631e-01
1.257919592385914886e-01
7.783277614395825439e-02
3.457558178367613200e-02
2.612545614193557096e-03
-1.423474830527753782e-02
-1.660815507107673769e-02
-8.904381917478450259e-03
3.221071750661264315e-03
1.529707948061353150e-02
2.504520036245310929e-02
3.216305695627626887e-02
3.745851298197193369e-02
4.206944491692522770e-02
4.686721605497936455e-02
5.214628405380746651e-02
5.746980130320700902e-02
6.169327058522577206e-02
6.321020004033496564e-02
6.036765196403597045e-02
5.199050318311305291e-02
3.776458932729179208e-02
1.843037113239298988e-02
-4.396979800909465129e-03
-2.858684051823925931e-02
-5.198589618966773657e-02
-7.274805463427887198e-02
-8.952125879400894826e-02
-1.015073582877470820e-01
-1.084440848758733700e-01
-1.105326580202535131e-01
-1.082374634740818770e-01
-1.020806475352418474e-01
-9.244328010079159996e-02
-7.953446184616393133e-02
-6.340375572504101942e-02
-4.409650288129116774e-02
-2.180012480543105577e-02
2.970434566348728860e-03
2.931469251542439050e-02
5.603360591577879329e-02
8.183850710899399916e-02
1.055926236286059833e-01
1.264723746168897600e-01
1.440532945594761582e-01
1.582298673860637050e-01
1.690641766549318414e-01
1.765209236180209085e-01
1.803177713664503301e-01
1.798477799520747100e-01
1.742765209740460008e-01
1.627768996490268627e-01
1.450579863558300320e-01
1.222855951146026576e-01
9.821656348000198933e-02
7.968933791316716586e-02
7.500428096998078276e-02
8.992264706953351228e-02
1.238437703368297504e-01
1.698515448051217958e-01
2.183969480195065427e-01
2.612008306773677679e-01
2.930427118134331099e-01
3.117497159918333760e-01
3.174628781042214687e-01
3.116872746919989723e-01
2.963615940263917281e-01
2.730127537534019488e-01
2.422976105511960299e-01
2.040606863982836749e-01
1.580483046316806528e-01
1.050262993713986515e-01
4.795421660901731664e-02
-7.539537462513637434e-03
-5.416779938014472384e-02
-8.563929432851838386e-02
-9.965765397643225332e-02
-9.892640863341387036e-02
-8.934841418121523826e-02
-7.689084711338547984e-02
-6.531669583871478613e-02
-5.552398619735741947e-02
-4.616501305277741912e-02
-3.487453543109491488e-02
-1.979570979197850522e-02
-1.205204776554061590e-03
1.718480522874919758e-02
2.819581270360364475e-02
2.361695469882359871e-02
-1.397717661196248721e-03
-4.497932644687049897e-02
-9.936249322099842407e-02
-1.549622388705946263e-01
-2.042312648470023528e-01
-2.431991518875555314e-01
-2.710379436548245313e-01
-2.887443958186461379e-01
-2.977142064695184609e-01
-2.987084864903576942e-01
-2.913935165380399650e-01
-2.746020374050400781e-01
-2.470990020969745238e-01
-2.086779916012211911e-01
-1.612296177186587909e-01
-1.094436997771195824e-01
-6.053554325078574355e-02
-2.242449655361894445e-02
-6.080158946063016342e-04
4.436559334593602466e-03
-2.896200283766504468e-03
-1.611109822824556559e-02
-2.974883077413207483e-02
-4.087683126357770369e-02
-4.891724320083408462e-02
-5.465902437094393579e-02
-5.926768814260830603e-02
-6.361359407780442510e-02
-6.793998913943034845e-02
-7.180307668115196162e-02
-7.418793141864613028e-02
-7.380310746466620109e-02
-6.944010931838690004e-02
-6.034877896175792206e-02
-4.643354344680880597e-02
-2.830649375655679145e-02
-7.164508205512541868e-03
1.540671347524724157e-02
3.767504919702870103e-02
5.799025933810175726e-02
7.495931054386131831e-02
8.759666939403062957e-02
9.541458741778117980e-02
9.845617611161121274e-02
9.716290822547761497e-02
9.216433751292256449e-02
8.401082193802800191e-02
7.302711372540712786e-02
5.927720710224592543e-02
4.267916490037604316e-02
2.320331291161782661e-02
1.095484028594943121e-03
-2.298173368225635282e-02
-4.798413847296518348e-02
-7.267402924935204012e-02
-9.590359374100476675e-02
-1.168189577636386672e-01
-1.349708070101255097e-01
-1.502350882397553156e-01
-1.626353357749853179e-01
-1.720862581840144068e-01
-1.782150220652628791e-01
-1.803063732730104951e-01
-1.774049543082542035e-01
-1.685524566639315380e-01
-1.532154941148683169e-01
-1.320257095951998805e-01
-1.077643995685064054e-01
-8.610153972196690764e-02
-7.483951634187313573e-02
-8.084662970361060352e-02
-1.060272275937497871e-01
-1.458276107559758061e-01
-1.917009904814043209e-01
-2.350580176680250599e-01
-2.697688960901206690e-01
-2.926734641235486656e-01
-3.030596698804406408e-01
-3.018256550466114074e-01
-2.906370828396581674e-01
-2.711167574297466132e-01
-2.442803861046588254e-01
-2.103577147085209098e-01
-1.691556316296537466e-01
-1.208783421488012627e-01
-6.716451667730898023e-02
-1.187707480946604763e-02
3.902820638120308577e-02
7.904943523181301446e-02
1.037618431569848343e-01
1.128678024674109465e-01
1.100802698906260396e-01
1.008951552185816253e-01
9.001093578443684906e-02
7.982448697801582116e-02
7.029419011522891614e-02
5.971610436244736975e-02
4.597282955721065240e-02
2.807052900537253259e-02
7.738404611608726280e-03
-9.529412994978688975e-03
-1.532638452611464856e-02
-1.937854694265859568e-03
3.290716998174440105e-02
8.415781830497479077e-02
1.422009187490735072e-01
1.975210583441707468e-01
2.437231465286745224e-01
2.780727474024790036e-01
3.005750981014414513e-01
3.125726273214132211e-01
3.154647850236465545e-01
3.098260074074821180e-01
2.951642892544038554e-01
2.703249149606577473e-01
2.344452597173770081e-01
1.881888775945105008e-01
1.349224917417702063e-01
8.120233031732550233e-02
3.567992963352954738e-02
6.022817605250896898e-03
-4.796243627608500273e-03
1.106718320936629456e-04
1.377642884835694921e-02
2.923363276414460768e-02
4.210338650551002926e-02
5.104397461697583738e-02
5.683859170676579253e-02
6.113908676701702849e-02
6.542417675789606590e-02
7.033689579548435544e-02
7.542904033032905853e-02
7.925750705048757727e-02
7.984759429945212372e-02
7.538755410823859415e-02
6.493508596319523540e-02
4.876101585136649597e-02
2.818539063932824079e-02
5.047455667443421883e-03
-1.882743753168620443e-02
-4.192003786177078001e-02
-6.304396571404141669e-02
-8.121996598975456116e-02
-9.558351237231450803e-02
-1.053972612523559199e-01
-1.101946789542397193e-01
-1.099070939114005635e-01
-1.048865949838597017e-01
-9.576445824201866575e-02
-8.323240090446390460e-02
-6.783018491842637832e-02
-4.983683029452107283e-02
-2.931456827140110216e-02
-6.311558446759804597e-03
1.884118745425309924e-02
4.531393841755582130e-02
7.176330810559305995e-02
9.658858196399183749e-02
1.183307478335931667e-01
1.360645283863370913e-01
1.495801623543345782e-01
1.592746517494889325e-01
1.657695056139313894e-01
1.694444482337514879e-01
1.700999618528220292e-01
1.668887135500860264e-01
1.585677080093452485e-01
1.440697957420124520e-01
1.234665968519616380e-01
9.921600745245674757e-02
7.711799934044798188e-02
6.560154087356853680e-02
7.230415404891094022e-02
9.946610433793734440e-02
1.421521561662195121e-01
1.910443532082352347e-01
2.369329147204631281e-01
2.735047559489325320e-01
2.978110333432428258e-01
3.095192657813364279e-01
3.098206702868901430e-01
3.003947861661112606e-01
2.825863310117320282e-01
2.569652624740325075e-01
2.233737438006751230e-01
1.814787941608541622e-01
1.317190960572463543e-01
7.635650940801845532e-02
2.012906213489628476e-02
-3.021549889786996970e-02
-6.791554708899340265e-02
-8.906934142079049599e-02
-9.444126231192706555e-02
-8.871039992516249750e-02
-7.777981529568657459e-02
-6.617466225109200351e-02
-5.585781440027176581e-02
-4.643054220910856900e-02
-3.611123911741896675e-02
-2.299200937339898609e-02
-6.392121992977974759e-03
1.187927056563893580e-02
2.684326852800060503e-02
3.125412511035593338e-02
1.863204701007658767e-02
-1.294368486335875472e-02
-5.932858470449760974e-02
-1.124703794461739542e-01
-1.641682931825432235e-01
-2.086648909763699489e-01
-2.432326056830820538e-01
-2.674810097790383256e-01
-2.822155335275178811e-01
-2.883839013475251178e-01
-2.863721185259978097e-01
-2.758092995053830765e-01
-2.558576148664716832e-01
-2.258706481968314750e-01
-1.862585414430850683e-01
-1.393490377702685801e-01
-8.990433524596799786e-02
-4.470636558135852867e-02
-1.074077502345551459e-02
7.608793843960596701e-03
1.056983821842696035e-02
2.520459118759382170e-03
-1.057791110464375434e-02
-2.380815683957335574e-02
-3.451880743543973146e-02
-4.216151997773214671e-02
-4.747572142471324919e-02
-5.165191889693479532e-02
-5.570529939679103731e-02
-6.009287336541713903e-02
-6.450820859729258783e-02
-6.788193562161641548e-02
-6.861815513784709497e-02
-6.506958732539795676e-02
-5.609607209536521949e-02
-4.149561087121898112e-02
-2.212821180810739877e-02
3.103415561411658908e-04
2.373712238292529156e-02
4.615745560645460183e-02
6.596667256638144572e-02
8.205620292487450507e-02
9.378441403411555410e-02
1.009166641550837407e-01
1.035387234704896603e-01
1.019399102125351647e-01
9.647356050407365768e-02
8.745476326518185350e-02
7.512661606214807164e-02
5.967607584214022071e-02
4.129089388893475432e-02
2.023989673228806380e-02
-3.021231639217779059e-03
-2.779026244647694530e-02
-5.313974312629630992e-02
-7.803235791463156157e-02
-1.014601426350156266e-01
-1.225765581881662208e-01
-1.407850886907769661e-01
-1.557637057966573813e-01
-1.673886952035300302e-01
-1.755674828383075037e-01
-1.800643476542627963e-01
-1.803871778470250431e-01
-1.757948226804872949e-01
-1.654635230180636629e-01
-1.489466725498492239e-01
-1.270364972254432179e-01
-1.029265342329516442e-01
-8.290300958444790647e-02
-7.517697784704029107e-02
-8.618633459267648067e-02
-1.165126906769664156e-01
-1.601479270909239583e-01
-2.077477570166127163e-01
-2.507048793641644679e-01
-2.833344573051614357e-01
-3.031207358053734091e-01
-3.100258561446126993e-01
-3.055261012816546939e-01
-2.916039167800748566e-01
-2.698678987916245942e-01
-2.410242603489332891e-01
-2.049003747991436364e-01
-1.610801289406281478e-01
-1.099815154165273978e-01
-5.401285919187844703e-02
1.826628840891219565e-03
5.063092448303621596e-02
8.587650784210897059e-02
1.043416685138202349e-01
1.075955410003911900e-01
1.007981680941617553e-01
8.982677744094905159e-02
7.879863092042752037e-02
6.909902375240582761e-02
5.975898822224242485e-02
4.856990330252882598e-02
3.354305028248306259e-02
1.451527370449870978e-02
-5.398466754868699001e-03
-1.939314366063656786e-02
-1.887385208619094673e-02
2.212881502330981374e-03
4.336158193107806508e-02
9.744627517008663808e-02
1.546066190134962048e-01
2.065160327810399432e-01
2.483776730424046564e-01
2.787321444411777205e-01
2.982180258321921462e-01
3.081733345978496796e-01
3.095295043721542072e-01
3.022535805394832020e-01
2.854355897719458302e-01
2.579391109550727701e-01
2.194184505292237630e-01
1.714428314417358323e-01
1.183712776918618009e-01
6.734981593167109482e-02
2.669234809155008117e-02
2.647234777896319887e-03
-3.628757810388797116e-03
3.637945212550838543e-03
1.760096008481701682e-02
3.221994399300798922e-02
4.409446903629603981e-02
5.243952710381889065e-02
5.810133325463951587e-02
6.246863540463872683e-02
6.666106177863721782e-02
7.107542196094029929e-02
7.523309226168317654e-02
7.789861312629156598e-02
7.744517722009160166e-02
7.239888805439312347e-02
6.196626192015211587e-02
4.630834557339053720e-02
2.646532402307832238e-02
4.026436760724894093e-03
-1.924942922045366073e-02
-4.172074648441265882e-02
-6.199882130612880543e-02
-7.897738404219602215e-02
-9.183099815485096240e-02
-1.000497449389613491e-01
-1.034869400741806750e-01
-1.023505661571105646e-01
-9.709574505772353148e-02
-8.825127632248559728e-02
-7.626402976432193614e-02
-6.141188044233840404e-02
-4.381624377791793618e-02
-2.355164845739991450e-02
-8.357472908099783859e-04
2.378895972667292510e-02
4.938206098507787883e-02
7.470852367790449533e-02
9.847555782901329380e-02
1.196051482643433889e-01
1.374362638944396642e-01
1.517749390078752258e-01
1.627611606926608057e-01
1.705900033829486351e-01
1.752173911267352335e-01
1.761795613491012880e-01
1.726079509602099771e-01
1.634569085800696153e-01
1.480085138203824091e-01
1.267359166092035250e-01
1.024545847854742703e-01
8.112251537278079849e-02
7.095705719005060419e-02
7.898833811200300925e-02
1.067750586817581560e-01
1.490775112279836001e-01
1.967566193857930579e-01
2.409876824247025873e-01
2.757430811157304817e-01
2.981808350727226942e-01
3.079638406446128518e-01
3.062881067443963823e-01
2.949126441163043011e-01
2.753359962265570782e-01
2.482965959277227408e-01
2.137499682790313937e-01
1.713870004598026242e-01
1.215804996869932625e-01
6.646648719303602237e-02
1.061922179838144242e-02
-3.938097978080312700e-02
-7.691418108888704863e-02
-9.814046568476209043e-02
-1.037895312723560448e-01
-9.844112348377651034e-02
-8.789709211621543616e-02
-7.661352504283007459e-02
-6.649347690126529431e-02
-5.705490555749297144e-02
-4.639579586990592863e-02
-3.251309223082828048e-02
-1.477901628514966328e-02
4.633454561223109176e-03
2.003889869436815616e-02
2.341132076084509461e-02
7.992919915591201185e-03
-2.752664631960579505e-02
-7.780752674684567050e-02
-1.337422754739785169e-01
-1.866718000236267661e-01
-2.309316057066238548e-01
-2.641860089843364734e-01
-2.864899236983355912e-01
-2.989903671371490490e-01
-3.027790319265127317e-01
-2.981794351903706564e-01
-2.846175461731006440e-01
-2.610547011413397178e-01
-2.268381630030423535e-01
-1.827540726282620986e-01
-1.320009626354373411e-01
-8.057465588236727150e-02
-3.634183060257537012e-02
-6.421890625669577322e-03
6.047498047714886839e-03
3.347168882489671374e-03
-8.504655980412964209e-03
-2.307167763897281440e-02
-3.596886671189671036e-02
-4.548750622281384076e-02
-5.192838695369009910e-02
-5.654713387186353912e-02
-6.064780119290878041e-02
-6.499704076098228311e-02
-6.953724843678259215e-02
-7.335940424613845989e-02
-7.493416096173896590e-02
-7.258288029329622304e-02
-6.505876259605933298e-02
-5.199423332681973875e-02
-3.402282721610810912e-02
-1.256162989626456727e-02
1.058289032046655365e-02
3.360016115718165997e-02
5.492099302343539380e-02
7.330401910061008774e-02
8.782881468977921102e-02
9.788875532336259455e-02
1.032159650796390660e-01
1.038867242236577448e-01
1.002510307549472485e-01
9.278908354349309218e-02
8.196336415382859952e-02
6.811790995335267884e-02
5.145428279469171917e-02
3.208915026785698343e-02
1.019814040120597086e-02
-1.380579126844268950e-02
-3.915486289815882370e-02
-6.475444975483599097e-02
-8.935628053911177926e-02
-1.118012058207260156e-01
-1.312407262567605593e-01
-1.472559076887453300e-01
-1.598192904805315062e-01
-1.690885079650678302e-01
-1.751202118408169417e-01
-1.776354886961924728e-01
-1.759443444612262542e-01
-1.690667388634060908e-01
-1.560987364573815372e-01
-1.369197138091819144e-01
-1.132758310369011839e-01
-8.986718417334021991e-02
-7.431767285294854641e-02
-7.470141555281520351e-02
-9.513798275222402900e-02
-1.328823700892813320e-01
-1.797450141180025607e-01
-2.262878864219902697e-01
-2.652016535666000263e-01
-2.924301311562454986e-01
-3.067868186612986992e-01
-3.090349077368627073e-01
-3.008804789460621243e-01
-2.840510458703044971e-01
-2.596308250289173225e-01
-2.278324508690121597e-01
-1.883208682211929830e-01
-1.410430213782605524e-01
-8.733499657132884342e-02
-3.084638366953644170e-02
2.239587237277069348e-02
6.540600768898005568e-02
9.295175426388002649e-02
1.040028899935949297e-01
1.019979048017036205e-01
9.268967031411898261e-02
8.129609666797660283e-02
7.070941653370473035e-02
6.121737309240702501e-02
5.125877760932782273e-02
3.866766318410430614e-02
2.212940531088741433e-02
2.689531146466003601e-03
-1.514987097957036684e-02
-2.380701348340000245e-02
-1.547264457616617274e-02
1.346332537911846573e-02
5.979364820508668854e-02
1.151403809131721773e-01
1.701946407888398627e-01
2.180759081500496244e-01
2.553613547875361323e-01
2.814433255116373100e-01
2.972559395008839145e-01
3.040209508821133388e-01
3.023577761945631659e-01
2.919542293975610492e-01
2.718304385996073158e-01
2.410806075286992811e-01
1.998934935618928710e-01
1.506018911252153258e-01
9.834043313039439460e-02
5.062930347085808219e-02
1.526657671893742740e-02
-2.969480956349681774e-03
-4.633249005152005433e-03
5.089580160664719174e-03
1.949244165404854026e-02
3.333165249006340286e-02
4.404772670193653900e-02
5.140327207008342503e-02
5.646069222164639551e-02
6.058830748507606362e-02
6.476681166758974095e-02
6.921466901231582147e-02
7.328408787071725994e-02
7.561305399955497997e-02
7.452897061030318293e-02
6.861493934434048647e-02
5.721778125746988103e-02
4.067448238115031062e-02
2.018588227773716881e-02
-2.539988724994394348e-03
-2.568488385869968985e-02
-4.760939772718277008e-02
-6.698095068672425823e-02
-8.278459775752766703e-02
-9.431004040465670868e-02
-1.011725400758379939e-01
-1.033363136938596355e-01
-1.010745605262625829e-01
-9.484408701459921820e-02
-8.512999413351338140e-02
-7.232397945615245960e-02
-5.667197776413450405e-02
-3.830297143223297673e-02
-1.734670230362820101e-02
5.888888553047171535e-03
3.076714932107474723e-02
5.629734558749532186e-02
8.126566392900201607e-02
1.044640612249072981e-01
1.249270762776239496e-01
1.420907021500407430e-01
1.558101844423805393e-01
1.662051941625822815e-01
1.733871225520071946e-01
1.771950485682008414e-01
1.770633067041399999e-01
1.720761890886643442e-01
1.612441618558464462e-01
1.440837850471538562e-01
1.215831038832131394e-01
9.736660428396445854e-02
7.820044805547361755e-02
7.242795566258117268e-02
8.596862583686386283e-02
1.184610011587025197e-01
1.631643111045456285e-01
2.106141135687510657e-01
2.525741870510511133e-01
2.838984377733787534e-01
3.025273817224021777e-01
3.086755531978836453e-01
3.038323890892672963e-01
2.898000175366591824e-01
2.679257235749031851e-01
2.387098402148011833e-01
2.019368308842747761e-01
1.573442933531198629e-01
1.056659659665437206e-01
4.967566906930878656e-02
-5.374728193781286648e-03
-5.261587225108968480e-02
-8.590931658658798598e-02
-1.026024226335838230e-01
-1.046937059965739186e-01
-9.741544235165744414e-02
-8.640923751379417372e-02
-7.545833144291377859e-02
-6.570904555507051104e-02
-5.613056080754717098e-02
-4.462502419626248468e-02
-2.942038911559301598e-02
-1.058723873108357097e-02
8.625626223970204315e-03
2.150095180527787989e-02
1.980704960100332368e-02
-2.018085602104583830e-03
-4.317103524536573811e-02
-9.661805279324203743e-02
-1.528550061329506937e-01
-2.038958251891588580e-01
-2.451087385419594700e-01
-2.750251706059587686e-01
-2.941904600393310254e-01
-3.038551954759763918e-01
-3.049294481055705441e-01
-2.974413494985642670e-01
-2.805946893536556130e-01
-2.533603281927457318e-01
-2.154269410523431127e-01
-1.682866540564679769e-01
-1.161060497798112601e-01
-6.577340461217082157e-02
-2.538275607170925249e-02
-1.137206493716202017e-03
5.628396222637455266e-03
-1.143191937590971007e-03
-1.480465902614417142e-02
-2.934007455889316510e-02
-4.125164295283195726e-02
-4.963334570437107768e-02
-5.526120850174881527e-02
-5.952772777526289111e-02
-6.362340443263767020e-02
-6.804924071535432828e-02
-7.242104104783031460e-02
-7.554092978216314647e-02
-7.573713837645858205e-02
-7.141762711338132952e-02
-6.164304310793078390e-02
-4.646418039425093127e-02
-2.688679905167784198e-02
-4.542207777519145784e-03
1.873537977537619026e-02
4.124418701314719327e-02
6.157955637105219648e-02
7.865417407224596646e-02
9.166879171901040624e-02
1.001182205807952669e-01
1.038284919247790539e-01
1.029569972338994499e-01
9.790478690187981448e-02
8.916901684891254121e-02
7.720163543543402673e-02
6.232254768310539067e-02
4.470907240518934983e-02
2.447756743243977365e-02
1.848856502940965417e-03
-2.267221690590570313e-02
-4.821001556277216410e-02
-7.359166332043927394e-02
-9.755373841989985195e-02
-1.189972538153582365e-01
-1.371960289397453348e-01
-1.518788130025616467e-01
-1.631314112409195105e-01
-1.711411604633529815e-01
-1.758982683684954529e-01
-1.769962948741275466e-01
-1.736161881160750431e-01
-1.647280358475105011e-01
-1.495734840177206093e-01
-1.285242201580753252e-01
-1.042543432137516823e-01
-8.260524052438540654e-02
-7.180415145188227821e-02
-7.907458917688686695e-02
-1.062641701587996451e-01
-1.483231764303809541e-01
-1.961036500637088342e-01
-2.406371591545554411e-01
-2.757395876981257876e-01
-2.984703132479767929e-01
-3.084632393070949608e-01
-3.069354242567335356e-01
-2.956872024065267390e-01
-2.762540364017975203e-01
-2.493861456625887651e-01
-2.150201471546921705e-01
-1.728011005411693168e-01
-1.230462378145157909e-01
-6.784380011174932779e-02
-1.174797596174058031e-02
3.863730849592169475e-02
7.661833843001054911e-02
9.825431342559408365e-02
1.041982499071779367e-01
9.901373897650483924e-02
8.853988633441844947e-02
7.728266636130247391e-02
6.717867292681599378e-02
5.775430886256185253e-02
4.709925081222388760e-02
3.319334139544392187e-02
1.539024780279911117e-02
-4.150114109565650709e-03
-1.973763525273625891e-02
-2.331080579911758155e-02
-8.051175884685067216e-03
2.740675753271174311e-02
7.773726489227612835e-02
1.338081899678405240e-01
1.869224861447935926e-01
2.313866407244594692e-01
2.648462907073573236e-01
2.873408518292858149e-01
3.000004362707806571e-01
3.038998737361464086e-01
2.993528030134585682e-01
2.857854682143742275e-01
2.621698675980258519e-01
2.278671333391975584e-01
1.836773224303309693e-01
1.328103920980902852e-01
8.127596156119369641e-02
3.695966338287372949e-02
7.001611578216809101e-03
-5.449701100105854533e-03
-2.683553385637399598e-03
9.259775744368486591e-03
2.391961226883357675e-02
3.689329647248942856e-02
4.646004356684356462e-02
5.291395669375029837e-02
5.750794763635112827e-02
6.154958125571190208e-02
6.581404493122389177e-02
7.025435477213944069e-02
7.397049413476275426e-02
7.543871257458560631e-02
7.298525235538694256e-02
6.536933960820665024e-02
5.223293715973133938e-02
3.422044182808164220e-02
1.275961144532370729e-02
-1.033884971738138238e-02
-3.326997396773310328e-02
-5.448162217386082196e-02
-7.275584855939150331e-02
-8.719438530102975593e-02
-9.720528390279523090e-02
-1.025235293300677253e-01
-1.032176227724969364e-01
-9.962231901528707800e-02
-9.220372880596258702e-02
-8.141728223475543091e-02
-6.761145296498569102e-02
-5.099922278493442679e-02
-3.170993905921679762e-02
-9.925027934068329089e-03
1.394783784416876206e-02
3.915801680293837239e-02
6.463549618083330728e-02
8.915471027732281561e-02
1.115685147390118315e-01
1.310245440278617612e-01
1.470882503713296374e-01
1.597116066235974852e-01
1.690366489730172617e-01
1.751132576070678626e-01
1.776662006650300552e-01
1.760147656380726955e-01
1.691875934201491904e-01
1.562818578037929451e-01
1.371659324379067846e-01
1.135616920532886431e-01
9.013540812040637951e-02
7.448315636137986528e-02
7.468039185310673678e-02
9.489023800345529336e-02
1.324290272452852690e-01
1.791473309460335228e-01
2.256101166896595511e-01
2.644895115513103412e-01
2.917100937571053820e-01
3.060749075669400576e-01
3.083464391441972374e-01
3.002354313697490062e-01
2.834760381312092514e-01
2.591560850482455547e-01
2.274867648291199473e-01
1.881240463483180025e-01
1.409980691159696264e-01
8.741735951906569324e-02
3.099305328649523683e-02
-2.228849372052757113e-02
-6.546191503102230524e-02
-9.327140049459947679e-02
-1.046227386042862390e-01
-1.028834665369550982e-01
-9.376494701713943003e-02
-8.248086266450045667e-02
-7.194331477707101297e-02
-6.246530363235068550e-02
-5.250452275923869760e-02
-3.990031805442815355e-02
-2.332688930030395180e-02
-3.805083223908864009e-03
1.418761234108241800e-02
2.306677942600294726e-02
1.497352632307019649e-02
-1.378320604704576235e-02
-6.005646709141375383e-02
-1.154733700584114064e-01
-1.706850738121201694e-01
-2.187575664714075108e-01
-2.562213807013647981e-01
-2.824359481211202172e-01
-2.983185077760160953e-01
-3.050899119486514266e-01
-3.033830221951963613e-01
-2.929052861241064898e-01
-2.726937996846154899e-01
-2.418490595342383531e-01
-2.005550471252934008e-01
-1.511353055477997198e-01
-9.872426369308591465e-02
-5.086263711370617169e-02
-1.538759710632210849e-02
2.887184921641429512e-03
4.511256632716293367e-03
-5.300855514385137933e-03
-1.979990675881635950e-02
-3.370914982882843025e-02
-4.445498442113567789e-02
-5.180448962160693477e-02
-5.683704243373368520e-02
-6.094221931519513968e-02
-6.511664225461935573e-02
-6.958036920470676845e-02
-7.366935249241080008e-02
-7.599147580033416283e-02
-7.484373377396989768e-02
-6.879462949965363394e-02
-5.720463763085514852e-02
-4.044959971911367413e-02
-1.977806993888455225e-02
3.067603601753599550e-03
2.626134371963357445e-02
4.818080450961811922e-02
6.752272515086368831e-02
8.329835495974800830e-02
9.481018125378082306e-02
1.016692812953009506e-01
1.038238701399211150e-01
1.015281777721183387e-01
9.522777279670509298e-02
8.540931912854060615e-02
7.247814554546271049e-02
5.669895925380216001e-02
3.821654452864629153e-02
1.716762614952349261e-02
-6.142409468286169974e-03
-3.108391940309955526e-02
-5.667002404332681376e-02
-8.168072423896326206e-02
-1.048922144094668468e-01
-1.253201903917077753e-01
-1.423898583676381779e-01
-1.559606064351399535e-01
-1.661719919645808230e-01
-1.731637168363164836e-01
-1.768012913163595490e-01
-1.765340330101348443e-01
-1.714459468967118594e-01
-1.605364464353023213e-01
-1.433125867088565764e-01
-1.207718915658610032e-01
-9.657800090725568443e-02
-7.755437723737290678e-02
-7.207363436786756727e-02
-8.600902368401994180e-02
-1.188873036753807511e-01
-1.638610593646226965e-01
-2.114208125021970752e-01
-2.533469075437682072e-01
-2.845432050959769699e-01
-3.030079454987750776e-01
-3.090047494066427980e-01
-3.040503514273694141e-01
-2.899463892034829793e-01
-2.680148245233888171e-01
-2.387203713770830182e-01
-2.018212155180701683e-01
-1.570565729977795866e-01
-1.052004436526915165e-01
-4.910150292579331527e-02
5.904120919298668987e-03
5.290050907101535860e-02
8.578369582699353624e-02
1.020146532108932164e-01
1.037218954428220791e-01
9.621209328186755561e-02
8.512142977323182425e-02
7.417540410613819579e-02
6.445273977368604079e-02
5.487655395229277394e-02
4.333977488562813785e-02
2.809991594361167105e-02
9.286526556827278539e-03
-9.790196030638007030e-03
-2.239328135118510282e-02
-2.035385312580272749e-02
1.758234412708143714e-03
4.301992819272829061e-02
9.636973924090096177e-02
1.523686408684500337e-01
2.031307103211913712e-01
2.441066091736998345e-01
2.738697449098944081e-01
2.929681495396291302e-01
3.026279262011109528e-01
3.037259490066380185e-01
2.962662538288526881e-01
2.794498020056596643e-01
2.522659962903024966e-01
2.144322672197595536e-01
1.674601023986189707e-01
1.155053340046300059e-01
6.540539300582710880e-02
2.517801205422435726e-02
9.685503772617330177e-04
-5.885010532233341148e-03
7.378203712576947597e-04
1.426745053945627749e-02
2.873567054440340912e-02
4.064872407860740944e-02
4.907311152556587119e-02
5.474635099687857193e-02
5.902991303031532300e-02
6.310391527420221303e-02
6.748425653072032127e-02
7.182281501765891418e-02
7.496457918418356070e-02
7.526799913430293199e-02
7.114048681156046050e-02
6.160681798914782736e-02
4.666066231880541121e-02
2.725680923504175679e-02
5.004803473495827992e-03
-1.824880774279443590e-02
-4.076926148070278422e-02
-6.111933688784313562e-02
-7.819496841220470451e-02
-9.120101145822598343e-02
-9.965052481817052166e-02
-1.033900343779302206e-01
-1.025873589736134434e-01
-9.763832631070293311e-02
-8.902168113831478158e-02
-7.716708072967665144e-02
-6.237890737754048925e-02
-4.483247148032645790e-02
-2.465543531017474685e-02
-2.085290261135498268e-03
2.236235937853478170e-02
4.781696735970221435e-02
7.312785387404166504e-02
9.706297738034022626e-02
1.185488127901207361e-01
1.368654859964881232e-01
1.517240109314580976e-01
1.631755231469279588e-01
1.713704741429663003e-01
1.762750821719821781e-01
1.774800093996092287e-01
1.741821412497596699e-01
1.653752388026603348e-01
1.503147511666837188e-01
1.293582040999939620e-01
1.051267050713727141e-01
8.338402603624643639e-02
7.230660697493868083e-02
7.915714686262313726e-02
1.059142907571272024e-01
1.476678763948977846e-01
1.953330790573410136e-01
2.399174930975808973e-01
2.751677166194971824e-01
2.980698811833970563e-01
3.082056079915405089e-01
3.067714337132864677e-01
2.955794273499455782e-01
2.761982637345030134e-01
2.494145774338108745e-01
2.151853242638265828e-01
1.731462227219276728e-01
1.235712624215129368e-01
6.847899628787257331e-02
1.235015793012207361e-02
-3.825185430616145910e-02
-7.660497140494575141e-02
-9.867020681175077412e-02
-1.049824593376923743e-01
-1.000334417363399064e-01
-8.966329661870454937e-02
-7.842862638429518030e-02
-6.832535412276795339e-02
-5.891787151008378437e-02
-4.830116397740612244e-02
-3.442905860158200493e-02
-1.660816641923251735e-02
3.050393626903150253e-03
1.887474685961422136e-02
2.275789477535301517e-02
7.773192259869644849e-03
-2.755499828773707444e-02
-7.793834418585404711e-02
-1.341966337627731043e-01
-1.875481344195256694e-01
-2.322290793605848169e-01
-2.658491397520696409e-01
-2.884425557737447798e-01
-3.011523966870430224e-01
-3.050713450880210287e-01
-3.005242961214892317e-01
-2.869362601612262531e-01
-2.632668758880689075e-01
-2.288616750330431659e-01
-1.845134701607404892e-01
-1.334447119135958315e-01
-8.170399362467106741e-02
-3.723451966609069019e-02
-7.224460009854102166e-03
5.173194125812010866e-03
2.292320560637434081e-03
-9.765015053999124769e-03
-2.449681866811321412e-02
-3.749272508417107741e-02
-4.704844541281406195e-02
-5.348294355739317135e-02
-5.806909525130505428e-02
-6.212156772146357891e-02
-6.640660512952628602e-02
-7.085513203077808964e-02
-7.454003266740440170e-02
-7.591738624511139288e-02
-7.331135311751243999e-02
-6.550209080963231845e-02
-5.216925160117442950e-02
-3.399555787020765857e-02
-1.243122025903334663e-02
1.071334510525166067e-02
3.365007146129974508e-02
5.484819294434435666e-02
7.310485618627823867e-02
8.752630049373960608e-02
9.751599857700816998e-02
1.028007696226676676e-01
1.034434815527406348e-01
9.977993803167280185e-02
9.228376324656822893e-02
8.142049342457528815e-02
6.754631371479742630e-02
5.087604254051210362e-02
3.153519844097842084e-02
9.698725036862622384e-03
-1.422942863435213041e-02
-3.949492016143233558e-02
-6.501502286342046577e-02
-8.954648886977234490e-02
-1.119272721850599617e-01
-1.313007491314755748e-01
-1.472417355224524826e-01
-1.597220029696655441e-01
-1.689060192027485585e-01
-1.748600138407135074e-01
-1.773137427014635503e-01
-1.755799082378750597e-01
-1.686748911335825551e-01
-1.556877603214131267e-01
-1.364947224619338095e-01
-1.128498501687358047e-01
-8.947193131240331609e-02
-7.400070226252165873e-02
-7.450001827184472847e-02
-9.504843974480725599e-02
-1.328524271107965338e-01
-1.796981457996741915e-01
-2.261542591533397262e-01
-2.649383360731063508e-01
-2.920285097610811342e-01
-3.062699760393824966e-01
-3.084476881007087168e-01
-3.002733263294021238e-01
-2.834646597982022342e-01
-2.590857657565632799e-01
-2.273296079531201552e-01
-1.878501438539801061e-01
-1.405978719495777074e-01
-8.692300018646929860e-02
-3.048950235194903408e-02
2.267493517872377212e-02
6.560417605573158617e-02
9.309676296871965961e-02
1.041452901520748403e-01
1.021876082093671201e-01
9.295527543788155433e-02
8.163667778242965356e-02
7.110055770675674514e-02
6.162363708848026672e-02
5.164801828504152204e-02
3.902092172347539772e-02
2.244440013115709190e-02
2.976682264233357442e-03
-1.487779066359897449e-02
-2.354547919025638814e-02
-1.523033321225850112e-02
1.367119251338861502e-02
5.995787294651125365e-02
1.152677535654367813e-01
1.703070899678460481e-01
2.182010542863247748e-01
2.555192741768288478e-01
2.816363375834701754e-01
2.974664538429691030e-01
3.042180203273011085e-01
3.025108555215935691e-01
2.920460484728142903e-01
2.718640905570930411e-01
2.410759814993210792e-01
1.998761775088908621e-01
1.505887289416035224e-01
9.833002603332836877e-02
5.060295284590290293e-02
1.520157650536018042e-02
-3.081760537419285517e-03
-4.778958812129893534e-03
4.939570806708122944e-03
1.936538083484614509e-02
3.324006193410310173e-02
4.398576726548212440e-02
5.135293895802528485e-02
5.640260419224986388e-02
6.051252474907502926e-02
6.467876151402499052e-02
6.913308213040711414e-02
7.323132326371824263e-02
7.560112304310762088e-02
7.454889784230930849e-02
6.863490396034346852e-02
5.719444879275039501e-02
4.057136703217857632e-02
1.998983668071705605e-02
-2.814698658343176875e-03
-2.600587407734895190e-02
-4.794255207373609301e-02
-6.730453138955116987e-02
-8.309472715092369732e-02
-9.461699618250246635e-02
-1.014901245585489165e-01
-1.036707317670196582e-01
-1.014168972541044239e-01
-9.517124356667924778e-02
-8.541206909274491610e-02
-7.253531808051885688e-02
-5.679970419404075516e-02
-3.834991997339831649e-02
-1.732759907608799263e-02
5.955509491142278213e-03
3.086693575516214968e-02
5.642396387509122924e-02
8.141763852048972128e-02
1.046375791622125295e-01
1.251083905205842561e-01
1.422545063915390540e-01
1.559242665170164077e-01
1.662403010555327243e-01
1.733263787139738832e-01
1.770392532006049291e-01
1.768291514086920702e-01
1.717886840407613913e-01
1.609271319892658370e-01
1.437537681016471947e-01
1.212520423878549747e-01
9.705312456169676305e-02
7.794310093202991285e-02
7.228365913427632627e-02
8.598879472957141057e-02
1.186611053789414921e-01
1.635142835990400223e-01
2.110535078459218339e-01
2.530352209610020053e-01
2.843245604184421738e-01
3.028842710112188974e-01
3.089550215926494814e-01
3.040471051947451486e-01
2.899712168964949099e-01
2.680674713429756495e-01
2.388182321710830003e-01
2.019890957847830237e-01
1.573104169931814900e-01
1.055301906518936739e-01
4.946007176945210748e-02
-5.597644390492768039e-03
-5.273722278117840695e-02
-8.582678286301249904e-02
-1.022697940875183648e-01
-1.041395177441327285e-01
-9.671918068739841778e-02
-8.565707674588893261e-02
-7.470917518635721011e-02
-6.498295293097643144e-02
-5.541649919490464204e-02
-4.390040989492405982e-02
-2.867472504443119297e-02
-9.842834969288991043e-03
9.307592577335979320e-03
2.204067009528354673e-02
2.015351442915044172e-02
-1.842906700175959804e-03
-4.307219551670397190e-02
-9.647672794153805409e-02
-1.525840469246749764e-01
-2.034655146561696049e-01
-2.445413366211683648e-01
-2.743726015769689663e-01
-2.935093927269105119e-01
-3.031871312487753323e-01
-3.042921899343919434e-01
-2.968327734228888848e-01
-2.800066631808448836e-01
-2.527946588755329849e-01
-2.149055731726785545e-01
-1.678489454166463835e-01
-1.157912602217981701e-01
-6.559449976075824862e-02
-2.530690116061006315e-02
-1.092726417516805444e-03
5.717174536992880064e-03
-9.688954782194523184e-04
-1.455099766103385220e-02
-2.904545316243178563e-02
-4.096014600574848091e-02
-4.937326174353090513e-02
-5.503555807978015302e-02
-5.931711004703150991e-02
-6.339867017811771921e-02
-6.778847220387394790e-02
-7.212519811536191594e-02
-7.524044993652356794e-02
-7.548570046992963967e-02
-7.127265335039741079e-02
-6.164164214659888230e-02
-4.660702350875295386e-02
-2.714014697313571478e-02
-4.856100909512875083e-03
1.840427892997122464e-02
4.091779898553936368e-02
6.125783382657163517e-02
7.832544521894767298e-02
9.132453506958766731e-02
9.976352068749934354e-02
1.034842760515833349e-01
1.026530888075730674e-01
9.766850709409052866e-02
8.901494857278323403e-02
7.712788606864350027e-02
6.231476896284048050e-02
4.475003602851722329e-02
2.455730169665366197e-02
1.969540948553778585e-03
-2.249941343494920101e-02
-4.797590039322154748e-02
-7.330156111009601683e-02
-9.723515681796146559e-02
-1.186969398845611895e-01
-1.369672800811069235e-01
-1.517642595814224782e-01
-1.631500891025667033e-01
-1.712855860595897950e-01
-1.761426291003443667e-01
-1.773111081180255288e-01
-1.739821439940263392e-01
-1.651426470388718815e-01
-1.500455690434334133e-01
-1.290557319152296767e-01
-1.048136452896327314e-01
-8.310869763280084865e-02
-7.213123422972082810e-02
-7.912636659959623731e-02
-1.060258684344092539e-01
-1.478735457765518180e-01
-1.955668814864424399e-01
-2.401249994868721316e-01
-2.753194417584737264e-01
-2.981605718099090696e-01
-3.082462771228778320e-01
-3.067787414941373636e-01
-2.955658095756709680e-01
-2.761656766788950779e-01
-2.493540926448024053e-01
-2.150824359543797859e-01
-1.729900273868133220e-01
-1.233644927282492171e-01
-6.824538919566824902e-02
-1.213485613226918114e-02
3.839307726802317772e-02
7.662672769192449551e-02
9.855814104611318460e-02
1.047580182593724485e-01
9.973878644028998097e-02
8.933890348485433452e-02
7.809875776689938209e-02
6.799612829897300204e-02
5.858411625076159063e-02
4.795633310482884382e-02
3.407447562078201597e-02
1.625920877028099940e-02
-3.363903947502604706e-03
-1.911756056244629659e-02
-2.290829348020997566e-02
-7.841620079119737338e-03
2.752517315787744376e-02
7.789242885677577499e-02
1.340940109816116943e-01
1.873732092092038060e-01
2.319870883475242951e-01
2.655560247998773327e-01
2.881160487874359077e-01
3.008068025568547132e-01
3.047162098350321147e-01
3.001661835608184781e-01
2.865822012519784745e-01
2.629273797750270592e-01
2.285515746068390308e-01
1.842495050106379428e-01
1.332398930748673604e-01
8.155993433872525677e-02
3.713591889144374908e-02
7.141738534095021587e-03
-5.271317031705640040e-03
-2.424346326367288629e-03
9.598644352745929614e-03
2.430799563237406175e-02
3.729595503504450765e-02
4.685381209884027093e-02
5.329366401108687201e-02
5.788282222167921709e-02
6.193398577089490736e-02
6.621583791040164257e-02
7.066531919095864200e-02
7.436261973678516546e-02
7.576907447462444267e-02
7.320883736320513147e-02
6.545566862891756543e-02
5.217825245886777846e-02
3.404849549902842082e-02
1.251057931412785651e-02
-1.062453596047299546e-02
-3.356348079465482775e-02
-5.476895385986989273e-02
-7.303341168332878885e-02
-8.746157204991464318e-02
-9.745806745628080026e-02
-1.027521020344381725e-01
-1.034082705104664296e-01
-9.976229734134960114e-02
-9.228584450367829928e-02
-8.144163173839466530e-02
-6.758356503631456069e-02
-5.092581352430235186e-02
-3.159489979874377519e-02
-9.767693758504074689e-03
1.415046234898497887e-02
3.940573672143940498e-02
6.491827140813132002e-02
8.944917399184204587e-02
1.118402177787414242e-01
1.312359671457771493e-01
1.472089495621156652e-01
1.597259162241471964e-01
1.689456191346396241e-01
1.749301240646768119e-01
1.774079840896714277e-01
1.756937426903575905e-01
1.688071432653372450e-01
1.558395218926889314e-01
1.366652769576695570e-01
1.130304031262306663e-01
8.964050934839395968e-02
7.412456341463764808e-02
7.454973233717286651e-02
9.501607208664181181e-02
1.327574275826046701e-01
1.795755453179305738e-01
2.260375102486962551e-01
2.648489363305835953e-01
2.919740694796951197e-01
3.062472729590753895e-01
3.084478805174918903e-01
3.002876055132449040e-01
2.834887522286514416e-01
2.591217231769082363e-01
2.273842088662904048e-01
1.879306198775864689e-01
1.407062646926285632e-01
8.705105675337501681e-02
3.061653031737661748e-02
-2.257861696890034117e-02
-6.556710550774202950e-02
-9.313361495861913197e-02
-1.042502650213642107e-01
-1.023394641131463167e-01
-9.312953132651340116e-02
-8.181595790622235576e-02
-7.127812575202219225e-02
-6.180103429686526623e-02
-5.182981571492525918e-02
-3.920908085754228056e-02
-2.263391924715459774e-02
-3.153910496350426692e-03
1.473211139142340149e-02
2.344721059066307359e-02
1.518039749349697765e-02
-1.369150190791639313e-02
-5.997848471985013641e-02
-1.153148824495832531e-01
-1.703937790110836292e-01
-2.183270969243446824e-01
-2.556764097885502740e-01
-2.818139047678606124e-01
-2.976553122169851573e-01
-3.044121396053139361e-01
-3.027067670104576780e-01
-2.922408901291855265e-01
-2.720533494735977720e-01
-2.412522918935748328e-01
-2.000300101302242006e-01
-1.507112907905451826e-01
-9.841774770950482976e-02
-5.066159365384001467e-02
-1.524652346170922088e-02
3.031448588828796441e-03
4.709642476807543096e-03
-5.030775361427610413e-03
-1.947238272182022154e-02
-3.335353971189135985e-02
-4.409828684220623574e-02
-5.146132234287197765e-02
-5.650769183901138693e-02
-6.061728708053434195e-02
-6.478554148900077247e-02
-6.924108752204084782e-02
-7.333524589354849244e-02
-7.569178717014952984e-02
-7.461598683190261150e-02
-6.867091988323803520e-02
-5.719799309638611690e-02
-4.054787544410383415e-02
-1.994929949091306040e-02
2.861753357413568660e-03
2.605181304163177100e-02
4.798389905358169810e-02
6.734110322744778221e-02
8.312761147365761716e-02
9.464662837386138283e-02
1.015153145569813731e-01
1.036888853242769470e-01
1.014251856973962113e-01
9.516796634886655337e-02
8.539745629173628449e-02
7.251137011300431978e-02
5.676917057250215753e-02
3.831500357333898071e-02
1.728908104496379786e-02
-5.998227510504389702e-03
-3.091481733429601170e-02
-5.647672363074447005e-02
-8.147249437570007469e-02
-1.046890600079884992e-01
-1.251495908304761095e-01
-1.422792043610034696e-01
-1.559288848884184675e-01
-1.662247518327864271e-01
-1.732934521887009582e-01
-1.769929009384641483e-01
-1.767725062882654630e-01
-1.717227711269840862e-01
-1.608509809875106611e-01
-1.436663729726198602e-01
-1.211558925377678869e-01
-9.695777566000962633e-02
-7.786569907433284199e-02
-7.224287127118771135e-02
-8.599408163340951927e-02
-1.187060620703264541e-01
-1.635804944099299163e-01
-2.111205166035727554e-01
-2.530883378301489461e-01
-2.843574071325148944e-01
-3.028975818272597875e-01
-3.089537342293408040e-01
-3.040368919661273206e-01
-2.899555274164760665e-01
-2.680460865423222594e-01
-2.387877011899715851e-01
-2.019449767521770966e-01
-1.572504465088956638e-01
-1.054572668065570373e-01
-4.938388468001135567e-02
5.661759786901704103e-03
5.277296652337244709e-02
8.582379965757627738e-02
1.022285004377132683e-01
1.040699614577534488e-01
9.663482078793887708e-02
8.556846595571274139e-02
7.462104037272639101e-02
6.489497699680432663e-02
5.532604946057304712e-02
4.380568480245640439e-02
2.857730202856631832e-02
9.748985891809412718e-03
-9.387793069330078316e-03
-2.209723150259098462e-02
-2.018268725160653893e-02
1.834386266008542149e-03
4.306947971392876412e-02
9.646449032263473833e-02
1.525529368408500008e-01
2.034135778235089953e-01
2.444716768944560359e-01
2.742901837808458532e-01
2.934187400269372414e-01
3.030913015432330493e-01
3.041929717113001641e-01
2.967316501106088134e-01
2.799059252360416306e-01
2.526980999223372160e-01
2.148182728462857127e-01
1.677760148866108136e-01
1.157358237564809350e-01
6.555556308421811584e-02
2.527849004411990286e-02
1.065831676693817674e-03
-5.750437277997818945e-03
9.259553493881111149e-04
1.449984195919039494e-02
2.898994533720614108e-02
4.090385194798179525e-02
4.931802837111472909e-02
5.498134418524278089e-02
5.926283270845809220e-02
6.334338595978294961e-02
6.773254027469079175e-02
7.207092193663523771e-02
7.519189646546538264e-02
7.544761094510156474e-02
7.124871851520016286e-02
6.163300281766652400e-02
4.661172706599645693e-02
2.715397773045433866e-02
4.874280520775191132e-03
-1.838548648616957631e-02
-4.090039170054898809e-02
-6.124230225615002327e-02
-7.831160105745930966e-02
-9.131231864744150661e-02
-9.975344514949234520e-02
-1.034773551366412470e-01
-1.026503940659488634e-01
-9.767064841195689795e-02
-8.902173866027486560e-02
-7.713845816422496005e-02
-6.232798424578490232e-02
-4.476502437303939153e-02
-2.457381555870944909e-02
-1.987916921531938594e-03
2.247869837616844890e-02
4.795290807666161004e-02
7.327743964080742078e-02
9.721225423845723801e-02
1.186782885478077920e-01
1.369556861005440940e-01
1.517614355944885696e-01
1.631562370561244479e-01
1.712996120063486616e-01
1.761628326541327672e-01
1.773360775613947726e-01
1.740113001614450872e-01
1.651763182859715406e-01
1.500843008885761332e-01
1.290989148657815944e-01
1.048580062496670129e-01
8.314764643741111294e-02
7.215665632654634509e-02
7.913283398390030809e-02
1.060143123581027691e-01
1.478507676673701254e-01
1.955416078124614654e-01
2.401040765168622748e-01
2.753062501943214779e-01
2.981553319811722225e-01
3.082472139783558607e-01
3.067835198799584995e-01
2.955727857140032500e-01
2.761746136866251033e-01
2.493661060170440091e-01
2.150992379148286837e-01
1.730127646398599284e-01
1.233925467528111802e-01
6.827561387394866232e-02
1.216169449412466547e-02
-3.837615303989542342e-02
-7.662467931070103544e-02
-9.857208816537138540e-02
-1.047849256398863255e-01
-9.977345888694419407e-02
-8.937663088708933112e-02
-7.813689936525000657e-02
-6.803415713913654739e-02
-5.862270161350568304e-02
-4.799615672050339815e-02
-3.411518998645371448e-02
-1.629884893018679684e-02
3.328767008903209604e-03
1.909064738888402793e-02
2.289144636783013373e-02
7.832943739150435500e-03
-2.753102815014221716e-02
-7.790159346005255669e-02
-1.341106179447905666e-01
-1.873984626138684995e-01
-2.320199469258038549e-01
-2.655944722347829967e-01
-2.881580696430943167e-01
-3.008508464329996412e-01
-3.047612168808973565e-01
-3.002112779048957125e-01
-2.866262924635749609e-01
-2.629688892184822158e-01
-2.285884942150589183e-01
-1.842798460009890671e-01
-1.332624689981352639e-01
-8.157529078654224275e-02
-3.714680189008755934e-02
-7.152411557592852111e-03
5.256950260608172013e-03
2.404475018856871028e-03
-9.623377272309351083e-03
-2.433557422460967679e-02
-3.732431943735870644e-02
-4.688167670474328169e-02
-5.332070296692860423e-02
-5.790937244161052655e-02
-6.196052246615198211e-02
-6.624243770524132491e-02
-7.069127023099106011e-02
-7.438633684216022779e-02
-7.578843193936923850e-02
-7.322187612077830920e-02
-6.546138659797917647e-02
-5.217707217139509052e-02
-3.404214834395146577e-02
-1.250145568697377113e-02
1.063422655161783137e-02
3.357225213663512370e-02
5.477616373026372026e-02
7.303900614118086221e-02
8.746568341060344254e-02
9.746074841893254126e-02
1.027531531202283688e-01
1.034073641725242187e-01
9.975915103542862261e-02
9.228041770605699412e-02
8.143419508802102191e-02
6.757461152472400701e-02
5.091586008705006189e-02
3.158432400331622619e-02
9.756631458082559716e-03
-1.416204052844040502e-02
-3.941780020596566403e-02
-6.493050462606182738e-02
-8.946084040581253616e-02
-1.118502255117826139e-01
-1.312431738684110560e-01
-1.472125092581845762e-01
-1.597255356553364536e-01
-1.689415597690391846e-01
-1.749229782814248901e-01
-1.773983803291389050e-01
-1.756820132402430179e-01
-1.687932300779170225e-01
-1.558231599915733123e-01
-1.366465366381964808e-01
-1.130104019202272381e-01
-8.962199155225374081e-02
-7.411146121589580471e-02
-7.454539635000184683e-02
-9.502109634468740296e-02
-1.327690925189715099e-01
-1.795894454004251517e-01
-2.260495960075662170e-01
-2.648567772306135715e-01
-2.919769420007444216e-01
-3.062457607761556178e-01
-3.084431912075815685e-01
-3.002809236778992696e-01
-2.834807034815486348e-01
