7.289686274214116080e-02
7.234276627742958210e-02
6.978231268080020699e-02
6.559187731865105675e-02
5.913492639917157512e-02
5.066574415236884538e-02
3.920131579407574313e-02
2.398321558850361954e-02
3.485173031756326999e-03
-2.288290711031602115e-02
-5.539573614800205603e-02
-9.381043978050861154e-02
-1.360919532932545750e-01
-1.792212179426999064e-01
-2.179815350263029083e-01
-2.485696537124522931e-01
-2.685856972893930772e-01
-2.794713403362620863e-01
-2.836125373067625022e-01
-2.851771347910028731e-01
-2.866815487236740179e-01
-2.894604547372087722e-01
-2.919334644198248174e-01
-2.902942034372081870e-01
-2.801969409726062232e-01
-2.587969366565062712e-01
-2.303504827053699522e-01
-2.098968199212090380e-01
-2.211789551805290188e-01
-2.771652240814939105e-01
-3.674628596117567869e-01
-4.660996815616628153e-01
-5.508603857258285164e-01
-6.095213734384127280e-01
-6.374510093410838962e-01
-6.363935962701019466e-01
-6.109909643172115601e-01
-5.687704825445147883e-01
-5.146536168858276694e-01
-4.505632659813338936e-01
-3.743721406879192970e-01
-2.855683052444344949e-01
-1.911324036043500763e-01
-1.100607436158246022e-01
-6.470163411674767495e-02
-6.269343934538149088e-02
-9.189476094012258289e-02
-1.303227070481031147e-01
-1.616859550213684549e-01
-1.773421351983770489e-01
-1.767670853327447389e-01
-1.640562946250244958e-01
-1.467826259817613110e-01
-1.334519167957506081e-01
-1.312293271737170752e-01
-1.429511546196430283e-01
-1.644577851822292269e-01
-1.857370296642102958e-01
-1.939109917589199594e-01
-1.814360949377354371e-01
-1.489017620123731234e-01
-1.065429839039756799e-01
-6.678949567335545900e-02
-3.976657279168800685e-02
-2.873268895287265506e-02
-3.084800022498424693e-02
-3.937515944741661750e-02
-4.742427647504802307e-02
-5.047359543987028907e-02
-4.729180330343885075e-02
-4.071981403049661913e-02
-3.467854462686700834e-02
-3.374795627335486908e-02
-3.945669737153288670e-02
-5.039651425439149734e-02
-6.076286837840714355e-02
-6.379634068379334833e-02
-5.245644473988712864e-02
-2.457173153878049882e-02
1.590894276816577288e-02
5.711856409409001023e-02
8.357697186776275045e-02
8.405219227192325948e-02
5.861529952278329153e-02
1.909484192253941420e-02
-1.960478329023910768e-02
-4.620438807783230212e-02
-5.779786004150889306e-02
-5.694279342534706162e-02
-5.013183974113953612e-02
-4.278103544623514803e-02
-3.837600263873287149e-02
-3.652818145281691575e-02
-3.422701760909926255e-02
-2.724362985517498129e-02
-1.215354653918505716e-02
1.220616340550521352e-02
4.421784330793585016e-02
7.942507218736405417e-02
1.129147547991653094e-01
1.397238764433270664e-01
1.578945459356096426e-01
1.675548761928405961e-01
1.716102549053268866e-01
1.728711383638593113e-01
1.738945932330202004e-01
1.741266142358876556e-01
1.711584233528560539e-01
1.608670826995821368e-01
1.420324292441609570e-01
1.204058266428387897e-01
1.092347546704161981e-01
1.223907938566615589e-01
1.630127811697692775e-01
2.216105533907697100e-01
2.814174349125932451e-01
3.277885986753905634e-01
3.515712663493591461e-01
3.514561347161713756e-01
3.318982881831594733e-01
3.007318740050212158e-01
2.653619840406049590e-01
2.297679706416085321e-01
1.938468210469641018e-01
1.533558923225176729e-01
1.041809923018498230e-01
4.623886661260792619e-02
-1.179954707943639200e-02
-5.613723733249051384e-02
-7.558554193495115037e-02
-7.005544768814797596e-02
-4.939560062583528421e-02
-2.734405046198786632e-02
-1.539830561633460243e-02
-1.927590789445205940e-02
-3.893777207636384824e-02
-6.833945358736677467e-02
-9.874540986933179332e-02
-1.204013954394217295e-01
-1.260159646690340585e-01
-1.122929268466723446e-01
-8.382970053771311714e-02
-5.326196273294531852e-02
-4.004211521485389474e-02
-6.014875032949753425e-02
-1.140914035633756179e-01
-1.860376797581013708e-01
-2.555033497193486824e-01
-3.103721048575773800e-01
-3.486076630571035562e-01
-3.747284991293637346e-01
-3.935707391307540215e-01
-4.073830242680972491e-01
-4.135115295324995333e-01
-4.064300564745036981e-01
-3.801014504082502743e-01
-3.316573822695769724e-01
-2.647937587912491675e-01
-1.909900130995768885e-01
-1.285118935621251401e-01
-9.353123596318833888e-02
-8.998368090441392908e-02
-1.063322596401305442e-01
-1.256265106069198167e-01
-1.356613176349328598e-01
-1.327043983965332796e-01
-1.188985661604548133e-01
-9.878837844232528365e-02
-7.707445430764617300e-02
-5.639886773601933412e-02
-3.761456652385986033e-02
-1.933264541106961831e-02
-6.862341496133495715e-05
2.121761549408840083e-02
4.358152074100472145e-02
6.476494612323925593e-02
8.061441938661045858e-02
8.694836546123704824e-02
8.049997894341157090e-02
6.174984451463529783e-02
3.647700560300275174e-02
1.514935907700452541e-02
9.224494131571676914e-03
2.476898491458739276e-02
5.890984592995123642e-02
1.011902799809581283e-01
1.402842897662588961e-01
1.685037925344059773e-01
1.841492654150751196e-01
1.890594751441079524e-01
1.864149582833045382e-01
1.784685683614054830e-01
1.655817860345277226e-01
1.465300679832275688e-01
1.187969651798791576e-01
8.019285019412225601e-02
3.019971817871027267e-02
-2.797939798517574614e-02
-8.793977955558278381e-02
-1.410208969191473205e-01
-1.804952723876576126e-01
-2.039080087553881426e-01
-2.144924786408903550e-01
-2.189488066461058313e-01
-2.239149336390681144e-01
-2.332816926851403738e-01
-2.470066135685788089e-01
-2.620338078140290738e-01
-2.731985759647221346e-01
-2.751023147196228202e-01
-2.633736771129938647e-01
-2.394219071219055583e-01
-2.150310545939839446e-01
-2.134992289099280072e-01
-2.551440863343073517e-01
-3.376754345096244503e-01
-4.374557334880947446e-01
-5.287547983505223037e-01
-5.964083839432698930e-01
-6.349294743870531610e-01
-6.452348305724258104e-01
-6.312413592266147289e-01
-5.980504658080074698e-01
-5.492115911577657439e-01
-4.859268535487381580e-01
-4.074586639708414615e-01
-3.141504741899486253e-01
-2.132676354916727690e-01
-1.225393580168434443e-01
-6.474061871412911673e-02
-5.035926553612797563e-02
-6.915777702303223251e-02
-1.001005271273109620e-01
-1.260324494475522084e-01
-1.386410055486941850e-01
-1.368784177390756085e-01
-1.245295498319204386e-01
-1.081366504964446501e-01
-9.554948638780157155e-02
-9.299453100608098821e-02
-1.029415857315292282e-01
-1.211320054728464851e-01
-1.371612487867634733e-01
-1.377815936610138903e-01
-1.142485689900229334e-01
-6.786250936369730979e-02
-9.861760045550432147e-03
4.545043540294770035e-02
8.756494725038013738e-02
1.127405958141647624e-01
1.235983018851079668e-01
1.255813350641173387e-01
1.245384722089387386e-01
1.238175834362039845e-01
1.233721836734078953e-01
1.193152371769562459e-01
1.061000996921678263e-01
7.861328415005258696e-02
3.542027647755062458e-02
-1.995946084266788864e-02
-7.903648758103680450e-02
-1.306696445660179839e-01
-1.655872072943585238e-01
-1.808575791056017679e-01
-1.817032512072553063e-01
-1.775729236566114810e-01
-1.770291536493360796e-01
-1.837405952201683068e-01
-1.968321108233646310e-01
-2.119929331846933385e-01
-2.238525530626576665e-01
-2.271237571905858343e-01
-2.182875607633015802e-01
-1.971996581715141916e-01
-1.693138163662543938e-01
-1.477021604347129868e-01
-1.504298140951817186e-01
-1.900371759588821430e-01
-2.619129722110522529e-01
-3.478316569697082472e-01
-4.294569810483729877e-01
-4.968192300877253276e-01
-5.464113025986943040e-01
-5.771264569077863005e-01
-5.881662440509047851e-01
-5.787109325135774140e-01
-5.489027076850508946e-01
-4.994502311279905848e-01
-4.321056078428294756e-01
-3.505236991538292490e-01
-2.633645110805509781e-01
-1.854570145696631256e-01
-1.335565486967316695e-01
-1.154462916318045040e-01
-1.241917706429087054e-01
-1.445751507517929468e-01
-1.628945760168147849e-01
-1.720143342386518392e-01
-1.701120098393857361e-01
-1.590568586455315958e-01
-1.422562984551180854e-01
-1.239463198271157363e-01
-1.082684017614562316e-01
-9.887842806056912348e-02
-9.780264161158319647e-02
-1.047918162632881511e-01
-1.169863047570206260e-01
-1.295833821172986955e-01
-1.376044828666226905e-01
-1.374100317711794417e-01
-1.285054144146181854e-01
-1.133929956020163499e-01
-9.657077483670441220e-02
-8.203181297823755602e-02
-7.210448191213485181e-02
-6.704530904243143075e-02
-6.629987094523469293e-02
-6.915424345435283726e-02
-7.526049146190026684e-02
-8.467982333690568519e-02
-9.754732805075733149e-02
-1.138838525720299866e-01
-1.328689054937584602e-01
-1.526320817446420730e-01
-1.700311174905781431e-01
-1.814894095450922951e-01
-1.833827178125924107e-01
-1.736330902377505037e-01
-1.530479739386207128e-01
-1.279141766448660955e-01
-1.104480970689922792e-01
-1.145962783644581678e-01
-1.469041663893699001e-01
-2.011231887699987675e-01
-2.629388117320914930e-01
-3.186879857090574308e-01
-3.603768233072759952e-01
-3.852993841542374232e-01
-3.944829602748228248e-01
-3.902703170102691521e-01
-3.749935532705536700e-01
-3.497435023266348142e-01
-3.143165825372570277e-01
-2.679671158116317953e-01
-2.109627312962134016e-01
-1.470584032140591635e-01
-8.521041992061147152e-02
-3.807389431284760595e-02
-1.516283928457232318e-02
-1.649708413967115872e-02
-3.260072533111808835e-02
-5.124552464591003442e-02
-6.301882714765690008e-02
-6.334626645666846523e-02
-5.203621214540454787e-02
-3.193476268924634598e-02
-7.749244575025768071e-03
1.549939080170631769e-02
3.346998862541266523e-02
4.341965076492482201e-02
4.424332476460032110e-02
3.688426152752457415e-02
2.399652351543854131e-02
1.008952491947170613e-02
5.784438141802812367e-04
6.143310131349323478e-04
1.336998844900301638e-02
3.889589242853110085e-02
7.418131283740823922e-02
1.144459650883747903e-01
1.548573108333810844e-01
1.911676399529842474e-01
2.199197092224214334e-01
2.379997447469476279e-01
2.432710923098806155e-01
2.348972125284461698e-01
2.137699504310404119e-01
1.820172132374802687e-01
1.423657077856843034e-01
9.770565718097835861e-02
5.106026910341051467e-02
5.740138236385691935e-03
-3.467796083803696694e-02
-6.650603590402946741e-02
-8.720095303637828699e-02
-9.642966440600604650e-02
-9.689285327893988609e-02
-9.312222648266456348e-02
-8.989049657115964764e-02
-9.087959872050135890e-02
-9.811791563592016374e-02
-1.117386103242108270e-01
-1.297890621471279871e-01
-1.483227299700095314e-01
-1.619584731667948196e-01
-1.654851313528170609e-01
-1.559856150515294970e-01
-1.365096489140779357e-01
-1.188178792975734810e-01
-1.213807437263934863e-01
-1.582169074825701405e-01
-2.269071390987242032e-01
-3.098103863059110119e-01
-3.867480590783590744e-01
-4.446361083180059848e-01
-4.789314508421801952e-01
-4.913140612895679493e-01
-4.863615492954355135e-01
-4.690135183126807883e-01
-4.420426034777164559e-01
-4.051295457777063791e-01
-3.556756770536194656e-01
-2.921386647863306596e-01
-2.188344823598190325e-01
-1.488033261094435233e-01
-9.957549238184554286e-02
-8.169864618942182521e-02
-9.093267388836914766e-02
-1.121375352732747049e-01
-1.296750534691800405e-01
-1.337088393218625881e-01
-1.214233310127142140e-01
-9.542593011759355204e-02
-6.155802319930962080e-02
-2.681359753628699896e-02
2.535266872792822385e-03
2.223483883491880753e-02
3.101362300215233098e-02
3.044526896400718413e-02
2.420471609778315769e-02
1.659449789381400864e-02
1.145298570804044805e-02
1.095725332915807419e-02
1.578831041817165340e-02
2.591925738181589597e-02
4.188507525434956302e-02
6.496221200722331057e-02
9.576496527898675781e-02
1.326162591260177659e-01
1.709520852247951583e-01
2.043559166450755193e-01
2.262422092234395166e-01
2.319622771738776845e-01
2.199864584716042515e-01
1.924904606244435545e-01
1.542118249572653199e-01
1.107861440560062444e-01
6.692786914013119925e-02
2.521742849907802897e-02
-1.397292768789248560e-02
-5.114283202068155287e-02
-8.577175065008174615e-02
-1.155454924116542104e-01
-1.373876059677485995e-01
-1.498825063794279322e-01
-1.543137822453149455e-01
-1.545234207782364977e-01
-1.553334067918057670e-01
-1.608936642978877340e-01
-1.732157104081636367e-01
-1.912514513451335774e-01
-2.105848510511814931e-01
-2.243304949865330689e-01
-2.255217438170324662e-01
-2.116848116610166586e-01
-1.915010861804020137e-01
-1.866393949677377373e-01
-2.198890587524867102e-01
-2.948655216640501120e-01
-3.916645462395183519e-01
-4.828138016645087127e-01
-5.483378420372152506e-01
-5.800730530295226117e-01
-5.800665585779798405e-01
-5.567472407119213873e-01
-5.199447120750632090e-01
-4.765027927447300637e-01
-4.273400392746434795e-01
-3.682689422356900111e-01
-2.943907293260672464e-01
-2.078228110736118628e-01
-1.236071594242112576e-01
-6.449808180412813785e-02
-4.459317363592791433e-02
-5.821998813115723814e-02
-8.625832174027839305e-02
-1.096066676444635568e-01
-1.166339069393624028e-01
-1.039895471029947255e-01
-7.549754502411318291e-02
-3.973659041770150752e-02
-7.253706349568606222e-03
1.230536456388728848e-02
1.310761737630038171e-02
-4.035675819183647851e-03
-3.029837825762122031e-02
-5.049647984633092584e-02
-4.864425434250923413e-02
-1.733194266263645561e-02
3.663909340419716637e-02
9.684371782178870236e-02
1.480608924377450619e-01
1.837430451553474509e-01
2.062683016220513699e-01
2.221500383483491214e-01
2.370132118003544230e-01
2.522909320296539692e-01
2.641998980912858563e-01
2.656334759541144619e-01
2.494015560510390306e-01
2.119882450885466618e-01
1.563873474062541791e-01
9.285260589846205947e-02
3.630007643989920790e-02
4.609685150458349965e-04
-9.925620780141841334e-03
-1.918538855256925841e-03
1.111502379470966952e-02
1.791822746417748996e-02
1.417450752445143132e-02
1.621461921529592908e-03
-1.514207305700354840e-02
-3.166907030509753807e-02
-4.546170773697217476e-02
-5.666556123347699786e-02
-6.719600701412946353e-02
-7.933824043029523432e-02
-9.402238376570987155e-02
-1.097806409292721164e-01
-1.227169552583315670e-01
-1.276978891092524770e-01
-1.210769380906885212e-01
-1.048576701999227867e-01
-8.984903974490618395e-02
-9.253234184109287996e-02
-1.245139472192249436e-01
-1.830124457894317658e-01
-2.527546595077813096e-01
-3.156685784970615360e-01
-3.588772300256388159e-01
-3.775577042348448598e-01
-3.742400248813559926e-01
-3.559838321056104649e-01
-3.304298145399336972e-01
-3.024070524290452533e-01
-2.721015533701303668e-01
-2.358216789298887839e-01
-1.891422786228458275e-01
-1.318834186718179091e-01
-7.193094646725484154e-02
-2.370586052077042552e-02
4.160250493634912563e-04
-1.149409142516707961e-03
-1.854166431856513891e-02
-3.723986952872646722e-02
-4.531158992704761163e-02
-3.668700127747517165e-02
-1.161862932456203881e-02
2.463236840861044580e-02
6.404543455881540892e-02
9.845619047789784528e-02
1.215697724549876790e-01
1.305647396392219939e-01
1.265619523682097181e-01
1.140916034319888195e-01
1.003189535664120308e-01
9.355874086560893310e-02
1.004548742567750452e-01
1.230691442947249442e-01
1.583773249577389297e-01
2.011909044699987104e-01
2.477613408622270919e-01
2.959604973387514049e-01
3.434685762564881895e-01
3.860545536770361719e-01
4.174109817334593631e-01
4.308429100107050713e-01
4.216841781461632688e-01
3.895115668700337985e-01
3.386173989448608146e-01
2.767072958147767103e-01
2.130401157326732575e-01
1.565630595366400424e-01
1.134293615928478327e-01
8.529070192379076265e-02
6.958604740325412263e-02
6.214717388311356144e-02
5.957791528956295907e-02
5.936639582754960065e-02
5.928659513608219855e-02
5.689115123741738528e-02
4.962331274829287486e-02
3.535816077418788006e-02
1.318649798868211549e-02
-1.588826368983878648e-02
-4.846451229368204522e-02
-7.936152255087954022e-02
-1.028224236811979414e-01
-1.139858143845152577e-01
-1.106339894095949572e-01
-9.482001768013528786e-02
-7.402118664294671246e-02
-6.041639281495387453e-02
-6.620789373222595031e-02
-9.624010688403793201e-02
-1.444793080058972001e-01
-1.982724197912591191e-01
-2.463595108392928335e-01
-2.831319137218742954e-01
-3.080473996684514604e-01
-3.229683274715888230e-01
-3.294428159521748944e-01
-3.273000634016310362e-01
-3.145883328959956926e-01
-2.886962489055490688e-01
-2.480962639041442153e-01
-1.941480739172597170e-01
-1.323530154317636987e-01
-7.258452989276475975e-02
-2.629476417509619968e-02
-1.000256006648021691e-03
4.228881894201057257e-03
-2.197796405120318493e-03
-1.009634441781775277e-02
-1.224584284253820224e-02
-5.785169686856603440e-03
8.691357046198982389e-03
2.864802593102536155e-02
5.096514787578420441e-02
7.275740552943882333e-02
9.192058644432604675e-02
1.069651571607091040e-01
1.166968618508085614e-01
1.201951029384891179e-01
1.172534502987959415e-01
1.095274271089851925e-01
1.019217442633191112e-01
1.027746931979642148e-01
1.210520631087075444e-01
1.608681044754226852e-01
2.178491294396997791e-01
2.815074940508517920e-01
3.404463200464226125e-01
3.860434723586744221e-01
4.134270045348107936e-01
4.211446196978460565e-01
4.106843585642586114e-01
3.854220676579292459e-01
3.491586800093546272e-01
3.048213296266012451e-01
2.542165590339010572e-01
1.992692618445426889e-01
1.442378256761600308e-01
9.648809153146876982e-02
6.408311032885331826e-02
5.088986548385054931e-02
5.376142563766059951e-02
6.446854214426321616e-02
7.377596711883394054e-02
7.471271824190568733e-02
6.378537380239023002e-02
4.095326694429977238e-02
9.022271802703523552e-03
-2.727179861421955703e-02
-6.249534049984806217e-02
-9.160639959926830667e-02
-1.110759206077411160e-01
-1.195959298557020822e-01
-1.181782612490306500e-01
-1.099732386650370680e-01
-9.993726001820910088e-02
-9.422659411963284215e-02
-9.887191624832131209e-02
-1.176358512050628830e-01
-1.503068776797946704e-01
-1.932096998582616132e-01
-2.410745333149097169e-01
-2.886326195056107546e-01
-3.309199511750457456e-01
-3.631447760788131252e-01
-3.810227818072164929e-01
-3.814997440888220348e-01
-3.636674102919175700e-01
-3.291531202648088628e-01
-2.817503092066688253e-01
-2.266226214672414641e-01
-1.696290387194030469e-01
-1.166721045533644363e-01
-7.306536917678199683e-02
-4.235016519687840458e-02
-2.515361713301725657e-02
-1.906076087963244278e-02
-1.966840413041993918e-02
-2.219673503591196653e-02
-2.248340112825174264e-02
-1.740726775944592686e-02
-5.086498874674581956e-03
1.487671043774634744e-02
4.122279015596462537e-02
7.096368577295031344e-02
9.982630874741700577e-02
1.229486523233313533e-01
1.358818304112914821e-01
1.359992768654973150e-01
1.242563604054753856e-01
1.069404428026102805e-01
9.581818507429012977e-02
1.040864012568990526e-01
1.384128153022770036e-01
1.937107465757622604e-01
2.566118131955695270e-01
3.139986688376953938e-01
3.582395466694445196e-01
3.872366343418611745e-01
4.020080296502283601e-01
4.042216428343337609e-01
3.947759827732384430e-01
3.733547293842224279e-01
3.388874881448108445e-01
2.907814697593669173e-01
2.308438193802127558e-01
1.652744725127394398e-01
1.050630374687814561e-01
6.223263573656757919e-02
4.303528129243513328e-02
4.387885598967724426e-02
5.423552051853391259e-02
6.318512524793232221e-02
6.366647426234731122e-02
5.328388432785174239e-02
3.321246473609973382e-02
6.695217293125300777e-03
-2.229927509109537465e-02
-5.002670108270754895e-02
-7.359332237998530979e-02
-9.110359306118434586e-02
-1.016362239631397879e-01
-1.051707659836129682e-01
-1.026103575643314836e-01
-9.615924607339525199e-02
-8.993620621935653758e-02
-9.016103627097066253e-02
-1.036517873622544161e-01
-1.343475937378525165e-01
-1.803967987436812803e-01
-2.348487654956283865e-01
-2.888545141340775335e-01
-3.345161092610602349e-01
-3.661022846858346114e-01
-3.803898734871870579e-01
-3.768184716606260976e-01
-3.571454808067364706e-01
-3.245464812090277373e-01
-2.824866249111800953e-01
-2.340488987227403728e-01
-1.821055379722122947e-01
-1.302492548508899506e-01
-8.355074836693220097e-02
-4.794477348518071114e-02
-2.756732063684512457e-02
-2.202584403050282177e-02
-2.630731227362158656e-02
-3.320110465503692265e-02
-3.610891844189257488e-02
-3.056732318485724798e-02
-1.470238095257422190e-02
1.079731784920921756e-02
4.297238614758820685e-02
7.729097403582399495e-02
1.086062033112219771e-01
1.322503023016787793e-01
1.449570624371772087e-01
1.456394645029117363e-01
1.361819231502663929e-01
1.221679350561796357e-01
1.127970825801455218e-01
1.183415208949760988e-01
1.449288170496419448e-01
1.904196830189632261e-01
2.459477838674041239e-01
3.015183297870316914e-01
3.501152917958085808e-01
3.880103751349860408e-01
4.132222340372765923e-01
4.242244671500993713e-01
4.196023314922580072e-01
3.985255902830179831e-01
3.613357432560887483e-01
3.099808800862748903e-01
2.484222218252619407e-01
1.831951987878726318e-01
1.233155301929271530e-01
7.806607559646867867e-02
5.263656514500686390e-02
4.516397307808613093e-02
4.834997821202549617e-02
5.385107018135602830e-02
5.553371401284257214e-02
5.022214969230893999e-02
3.717188998857139798e-02
1.729222845494413768e-02
-7.446610714890147288e-03
-3.442269617882993960e-02
-6.060308274307112109e-02
-8.279297481441644235e-02
-9.799086855428792986e-02
-1.040224883350144430e-01
-1.004623639017055564e-01
-8.975721658254166846e-02
-7.818193537037664009e-02
-7.526296241443969359e-02
-9.016832032318121415e-02
-1.261414252090496124e-01
-1.779097924380235174e-01
-2.349840007511516671e-01
-2.873067253908032637e-01
-3.283607506232510964e-01
-3.552149650008559756e-01
-3.673497695542673469e-01
-3.655280525894940569e-01
-3.509888712028314539e-01
-3.248241096479139722e-01
-2.878079862875537187e-01
-2.409107364709188182e-01
-1.865632215420176820e-01
-1.300397827524152616e-01
-7.957880046818534281e-02
-4.373000255023894861e-02
-2.680612276009363554e-02
-2.614960993337581488e-02
-3.387526766259126021e-02
-4.120592954540132358e-02
-4.174185100287320510e-02
-3.250696816474153705e-02
-1.351881854330938028e-02
1.305377213328920427e-02
4.375451270929969078e-02
7.462583338026364255e-02
1.019461450121542656e-01
1.227769826366979095e-01
1.352997068523226487e-01
1.389713906435909307e-01
1.347768639410792391e-01
1.258286176624725528e-01
1.179638005313586591e-01
1.192351960770056535e-01
1.370254401136007383e-01
1.737880213939042018e-01
2.251583658082151607e-01
2.824371366584076948e-01
3.366137999011708515e-01
3.807043334822607927e-01
4.100945284636519084e-01
4.222409616325440984e-01
4.165142539727403337e-01
3.940159355124968621e-01
3.571562980541427290e-01
3.090127121972204294e-01
2.530126698777828698e-01
1.933215593501365626e-01
1.356544815378996627e-01
8.718036335219675470e-02
5.426704685582084409e-02
3.900890232825995896e-02
3.785076416542319105e-02
4.367992672871452015e-02
4.911935789393827301e-02
4.868730232594568885e-02
3.941493775484470469e-02
2.076925306348726893e-02
-5.650389830604935111e-03
-3.655357137904663434e-02
-6.759624144278396363e-02
-9.413537586692236059e-02
-1.120855566466470860e-01
-1.188232182479072169e-01
-1.141861081475022272e-01
-1.015031366185587952e-01
-8.817450535134220557e-02
-8.456723873810728653e-02
-9.987171453533126575e-02
-1.365503744411642739e-01
-1.884388362953822171e-01
-2.448984301848678991e-01
-2.966557867748160215e-01
-3.384120445195766824e-01
-3.680504080787476706e-01
-3.848704120922167293e-01
-3.884126540547991335e-01
-3.781336152410331164e-01
-3.536562166200333812e-01
-3.152295264042596079e-01
-2.644487344869454470e-01
-2.052440844652442808e-01
-1.446956158330134357e-01
-9.231444487812796862e-02
-5.664548283460626998e-02
-4.067692172608764617e-02
-4.018910139647168672e-02
-4.671523360730462510e-02
-5.205962365270723480e-02
-5.095740416287854180e-02
-4.136014258836743368e-02
-2.364213922170540355e-02
3.522846851487634249e-04
2.802408309701577560e-02
5.649027647458527979e-02
8.288151365795509706e-02
1.045829499550381542e-01
1.194405504639721727e-01
1.260374720171564544e-01
1.241714671174629220e-01
1.157212909137597390e-01
1.057455780089758407e-01
1.025979660714546188e-01
1.152856733418015506e-01
1.483075510138650854e-01
1.982509396455838235e-01
2.557645676637069765e-01
3.105515453643613033e-01
3.548141759767452497e-01
3.840519668205092385e-01
3.965569062863044114e-01
3.926834857998892647e-01
3.740962259224166475e-01
3.429513615379969349e-01
3.013103554016254293e-01
2.511180170367292575e-01
1.950100932107814433e-01
1.376437583933565467e-01
8.628579360178854907e-02
4.889022648704868801e-02
2.990227968204023715e-02
2.730539817597636698e-02
3.389055799361376242e-02
4.117231595289717883e-02
4.251939129261646244e-02
3.433264939591656323e-02
1.596195701327946317e-02
-1.078172144678677530e-02
-4.230915439216458712e-02
-7.410188792022978643e-02
-1.016149148601766805e-01
-1.210675936800178210e-01
-1.301216392943302935e-01
-1.285000548859427938e-01
-1.186792599479959687e-01
-1.065156428964615931e-01
-1.008572519193487449e-01
-1.108153456758187300e-01
-1.409865393621068941e-01
-1.883328286422437658e-01
-2.441727327261432878e-01
-2.991921983907944727e-01
-3.467087226989405413e-01
-3.828486733286912691e-01
-4.053556413880382570e-01
-4.127319920312534918e-01
-4.041424444624506784e-01
-3.796680450308279053e-01
-3.405147189536181784e-01
-2.891210409572631534e-01
-2.295377291275274567e-01
-1.680439778914586124e-01
-1.130013279834465451e-01
-7.258302792255488800e-02
-5.086353788386573788e-02
-4.551795485172459299e-02
-4.953807979476559931e-02
-5.509049760025240550e-02
-5.629055382235453875e-02
-4.998975399210026094e-02
-3.538791542731194867e-02
-1.341752405733261794e-02
1.378304099398118196e-02
4.327221384870003074e-02
7.165393582229322156e-02
9.547518692409523444e-02
1.117345832635067704e-01
1.184655431996348984e-01
1.154552068232808371e-01
1.051660756826800214e-01
9.357688013337221722e-02
8.980827842033257957e-02
1.029021376813603061e-01
1.365470396321667446e-01
1.863004968825381358e-01
2.424196116993686811e-01
2.951588268323316888e-01
3.378506562307982963e-01
3.670450685323468076e-01
3.815043354722624791e-01
3.812787369736328480e-01
3.670834263601291947e-01
3.399136304094385608e-01
3.009095697991889806e-01
2.517087663106893358e-01
1.953365753923556603e-01
1.372738999225276701e-01
8.553163774506816752e-02
4.829680096860491934e-02
2.970270677156945996e-02
2.724574724009849389e-02
3.345100328301674197e-02
3.996649258002400035e-02
4.063011274518332078e-02
3.236287085342903769e-02
1.482649263856049976e-02
-1.026208340173645484e-02
-3.981210146928809701e-02
-7.004000618631310571e-02
-9.713658579174679064e-02
-1.178284918147859545e-01
-1.298036769666882362e-01
-1.321413827871379953e-01
-1.259248258159652856e-01
-1.150781051294934298e-01
-1.068463340925106114e-01
-1.104490783356916750e-01
-1.330251946179983324e-01
-1.750708812686106730e-01
-2.298433955552195984e-01
-2.874232080200104233e-01
-3.391518343520147916e-01
-3.793257147940768959e-01
-4.047773684914452996e-01
-4.140539360917276923e-01
-4.069761301660614339e-01
-3.844361311056713748e-01
-3.481229277220247442e-01
-3.002927468409166689e-01
-2.439518924588777726e-01
-1.836733468155586080e-01
-1.263394017414344594e-01
-8.021614565976729894e-02
-5.156524902372124075e-02
-4.100407012232439724e-02
-4.319374700201626671e-02
-5.004263575896757826e-02
-5.427232176703223471e-02
-5.118955501168569178e-02
-3.888877581859283283e-02
-1.779824308772346916e-02
9.873187925690932176e-03
4.071641463211722600e-02
7.072580706493925007e-02
9.592063938309339233e-02
1.129876735509050684e-01
1.199374240607120334e-01
1.167814729906803267e-01
1.062951629792079772e-01
9.463160935527636930e-02
9.075938977800583618e-02
1.033954606612389332e-01
1.361080910872245475e-01
1.847397693179151923e-01
2.400904277037724799e-01
2.929652199544239277e-01
3.370498877395168846e-01
3.688771379958000751e-01
3.867289599019728130e-01
3.898471860911217335e-01
3.781485192768524461e-01
3.521642440495645898e-01
3.130784980444556442e-01
2.629770364437176156e-01
2.055044944258040407e-01
1.466264571371622694e-01
9.444418136985942291e-02
5.683953783028986018e-02
3.757443778831292408e-02
3.407717115217735043e-02
3.917603339390278439e-02
4.496209970866097555e-02
4.560179487110429392e-02
3.811709064332897273e-02
2.198146564349650819e-02
-1.518458823452347199e-03
-2.984960764175655437e-02
-5.972570358421338405e-02
-8.759751705633728180e-02
-1.101367294796410934e-01
-1.246839427121431143e-01
-1.297126636559528257e-01
-1.254804250190148796e-01
-1.149615195947051166e-01
-1.046485683937106170e-01
-1.038575463345494249e-01
-1.210790463605002087e-01
-1.587967167732427798e-01
-2.115014263907590841e-01
-2.691321177373938722e-01
-3.221614265501634988e-01
-3.641648860021584055e-01
-3.917459281981935382e-01
-4.035914681209202270e-01
-3.997198477989181153e-01
-3.810191799053425643e-01
-3.488983636908671859e-01
-3.050752395426177266e-01
-2.518168584706636515e-01
-1.928100928810069781e-01
-1.342041760584363475e-01
-8.433501301463180999e-02
-5.077731426498109657e-02
-3.610364989615230669e-02
-3.627299558125063328e-02
-4.323344054340626935e-02
-4.895507328095915350e-02
-4.789554699002028515e-02
-3.752783760550868625e-02
-1.793922471869132534e-02
8.804625539905469242e-03
3.932441197175383374e-02
6.961418377047917661e-02
9.570312142790395049e-02
1.142577902031855080e-01
1.231442369899296563e-01
1.220165751159459355e-01
1.130185113507039540e-01
1.014766292969840056e-01
9.575303305531211728e-02
1.048497187555276905e-01
1.337824301858442366e-01
1.801333456343205963e-01
2.355216924930470523e-01
2.904229801654119592e-01
3.376717632184988438e-01
3.729994287541270603e-01
3.941192874128626178e-01
3.999340914055941054e-01
3.902527879009953238e-01
3.657199088818143262e-01
3.277251110420841829e-01
2.784482262670880393e-01
2.213211773937787397e-01
1.618228875687224289e-01
1.076422173337125143e-01
6.683762583261493306e-02
4.410417227311257821e-02
3.802863221013144668e-02
4.209639909999841889e-02
4.832841049497170471e-02
5.036729811820908620e-02
4.460750558334675847e-02
3.000081473041541630e-02
7.471348942871235133e-03
-2.063175155396247337e-02
-5.103271251264501762e-02
-8.003412227246833877e-02
-1.040511762723522471e-01
-1.201459640260855999e-01
-1.265547535477085650e-01
-1.233113576252070076e-01
-1.130887281496836677e-01
-1.019796984100481974e-01
-9.902820026358417904e-02
-1.130200460741226931e-01
-1.473838420334790122e-01
-1.976381427180992356e-01
-2.542313257667796478e-01
-3.076303759998136877e-01
-3.512084851801274832e-01
-3.813339080941848813e-01
-3.964118724703429852e-01
-3.960991626779368224e-01
-3.808820301076579207e-01
-3.518235701425121431e-01
-3.104371901127440103e-01
-2.588821735647560685e-01
-2.006944546541324093e-01
-1.417296059050982826e-01
-9.009344010858784391e-02
-5.365050987977614677e-02
-3.589550436607472778e-02
-3.379505453541319093e-02
-3.979844581445636520e-02
-4.582807472866820553e-02
-4.602159147226263236e-02
-3.745963802141183407e-02
-1.980862778232132804e-02
5.287714355453577812e-03
3.482860489794281644e-02
6.507802253427717731e-02
9.217670796209276318e-02
1.127035281307344761e-01
1.241938330009105251e-01
1.256976726927204191e-01
1.184985549450239262e-01
1.069576094885585915e-01
9.881430162812429585e-02
1.034898639323076214e-01
1.276870548778057113e-01
1.709835727955230367e-01
2.258891758941415917e-01
2.823851202669375726e-01
3.322686153673247711e-01
3.704779594118710051e-01
3.943926969821384687e-01
4.028905032175398859e-01
3.958574257283262177e-01
3.739816877353523417e-01
3.385824057913427998e-01
2.915587621065156565e-01
2.357908749216528210e-01
1.760287725228297795e-01
1.194846087643437749e-01
7.459861825085833953e-02
4.743648350828222338e-02
3.816312312755865133e-02
4.104537261523575481e-02
4.787021326252802883e-02
5.151975091738220103e-02
4.762692501658889049e-02
3.461694729018571781e-02
1.314913693797852522e-02
-1.450179943298142426e-02
-4.501895635176327015e-02
-7.460814402968778125e-02
-9.956572471277448655e-02
-1.168304186379834492e-01
-1.245108526581348851e-01
-1.224591798652904934e-01
-1.130137534104020403e-01
-1.017469598257077640e-01
-9.724116668823937215e-02
-1.083962611023754352e-01
-1.395865230098330412e-01
-1.875457306311357486e-01
-2.434046389008932554e-01
-2.976141442895370304e-01
-3.431745171804901351e-01
-3.760134793123439678e-01
-3.941155105874269982e-01
-3.967683560031879941e-01
-3.841930435752965445e-01
-3.573355755000665601e-01
-3.177129410317413583e-01
-2.675047628367496211e-01
-2.101233071380290973e-01
-1.510844616996101786e-01
-9.813191227777891268e-02
-5.920572962550130214e-02
-3.855734157830142950e-02
-3.417107051558215119e-02
-3.912457434877249229e-02
-4.537606502262531150e-02
-4.673278079574380572e-02
-3.982708966374743503e-02
-2.387439417879960030e-02
-1.047249293075618341e-04
2.880175828802472582e-02
5.928477760652339779e-02
8.749270688219372427e-02
1.098542003892996194e-01
1.236130766796299518e-01
1.273793401728937624e-01
1.218235390563466303e-01
1.105549758650973963e-01
1.006822946528457968e-01
1.016692122998892334e-01
1.213567764906679225e-01
1.610570481620838823e-01
2.144156872006809378e-01
2.713916903157775340e-01
3.231047926110661161e-01
3.638488443838646114e-01
3.906435212982323768e-01
4.022042567248342859e-01
3.982981960729339854e-01
3.794689711821963574e-01
3.468645409321225448e-01
3.021692409971595272e-01
2.479156550203448217e-01
1.883345535733308984e-01
1.301552267334311341e-01
8.188658313174435044e-02
5.056978811956898412e-02
3.781345198758223614e-02
3.886792757955639249e-02
4.561172820820894036e-02
5.042479258349730903e-02
4.830350322489245646e-02
3.714761283372094991e-02
1.724717216555356550e-02
-9.355708399573395978e-03
-3.947358662491842057e-02
-6.935451947819680496e-02
-9.524835099152165196e-02
-1.139503546378020787e-01
-1.233231358854911114e-01
-1.228596846918037222e-01
-1.144044640521862943e-01
-1.029441908720344079e-01
-9.665512555114319504e-02
-1.047080055070492288e-01
-1.326011712341726156e-01
-1.783846091146944479e-01
-2.337892390717665747e-01
-2.890306597909356734e-01
-3.365597417044712270e-01
-3.718484545617589676e-01
-3.925967779314216699e-01
-3.979117501993966743e-01
-3.878889537488575678e-01
-3.633867681736036026e-01
-3.258418443695740851e-01
-2.772864918632333975e-01
-2.208466313432487782e-01
-1.616268620426788150e-01
-1.070759168940489114e-01
-6.536664763990904237e-02
-4.165028186034885199e-02
-3.498744147386123604e-02
-3.902757302677193479e-02
-4.563200102769431055e-02
-4.815338462656173352e-02
-4.273704009713727436e-02
-2.820698216398442176e-02
-5.506743822143478871e-03
2.288044425693705128e-02
5.349590593702049229e-02
8.249270295317930046e-02
1.062193343589319244e-01
1.217616338913922458e-01
1.274703561770751670e-01
1.235892472015589633e-01
1.130812322414213450e-01
1.023217397848028426e-01
1.004424345671230678e-01
1.159475085443100878e-01
1.517146385621476745e-01
2.028132784472193861e-01
2.596229137265154696e-01
3.128367726859040410e-01
3.560915206254646748e-01
3.858866195640891505e-01
4.005961759540870304e-01
3.997604268786368875e-01
3.837731040816179107e-01
3.537015605012681640e-01
3.111706082568274079e-01
2.585499295874797432e-01
1.996684740462782714e-01
1.406927633572379044e-01
8.985901324131445600e-02
5.476919035633656674e-02
3.833769680599367902e-02
3.702399236894692719e-02
4.314273167116660507e-02
4.879270844363244042e-02
4.838454526091949537e-02
3.922597269505975065e-02
2.112031033960268256e-02
-4.245102125048164261e-03
-3.389140345256374393e-02
-6.413035314372887707e-02
-9.113870016084660297e-02
-1.115131979511411325e-01
-1.228087907941050605e-01
-1.241099351204785206e-01
-1.167492692899771700e-01
-1.051431425821873211e-01
-9.707336017921401605e-02
-1.019434104535443947e-01
-1.263390011473521923e-01
-1.696684512278972545e-01
-2.243520997808358952e-01
-2.804100094175124847e-01
-3.297403592851829157e-01
-3.673782037219431307e-01
-3.907840474699771360e-01
-3.989122334108926582e-01
-3.917027145946488931e-01
-3.698460879346549546e-01
-3.346117599253137231e-01
-2.878371100724858023e-01
-2.323606860200703450e-01
-1.729121099299123221e-01
-1.166769778421300197e-01
-7.205679702063290393e-02
-4.508648383233394841e-02
-3.591946500872515019e-02
-3.882644165032910627e-02
-4.560944608771951708e-02
-4.918092537860904029e-02
-4.520792246106028478e-02
-3.214110407677543690e-02
-1.065385735178718367e-02
1.696743882086840585e-02
4.739928643421076337e-02
7.685552105391314781e-02
1.016593510922211285e-01
1.187796427012894201e-01
1.263377710139451660e-01
1.241863200237346282e-01
1.146826017743388521e-01
1.034657128729774833e-01
9.921197375367643567e-02
1.108652136773054658e-01
1.427211171730002337e-01
1.913446387052693543e-01
2.477051757265283372e-01
3.021632513970597955e-01
3.476991914823298613e-01
3.802655419578113150e-01
3.978957402003001076e-01
3.999372626295509270e-01
3.866798486926589784e-01
3.591390099991842444e-01
3.188858076624451754e-01
2.681279990940717561e-01
2.103096735321486610e-01
1.510244358038404511e-01
9.812753952277425418e-02
5.959239008151615696e-02
3.952936434381762454e-02
3.568177546646741222e-02
4.094764663022382872e-02
4.723366746560522800e-02
4.838257160598497669e-02
4.110425002593365296e-02
2.471275346243955243e-02
5.451792197400380340e-04
-2.862554553632686363e-02
-5.917506688434634454e-02
-8.722142801320273420e-02
-1.092012867982432300e-01
-1.224176739475561354e-01
-1.256030565251352871e-01
-1.196063684404896632e-01
-1.082342934252505801e-01
-9.872789167714277059e-02
-1.004949376249487519e-01
-1.210646941317836678e-01
-1.613353085807329168e-01
-2.147314601923968336e-01
-2.713030134639746183e-01
-3.224143793966331994e-01
-3.625580729985233286e-01
-3.888367859971111340e-01
-3.999656421553045016e-01
-3.956837760846695917e-01
-3.765100560569524246e-01
-3.435872010866142245e-01
-2.986318242898030051e-01
-2.442660424441637224e-01
-1.848458564289357509e-01
-1.271815762502656044e-01
-7.971161909020170466e-02
-4.923478572295036937e-02
-3.708213955585334953e-02
-3.836587025111084376e-02
-4.501290048990262693e-02
-4.955302372092938723e-02
-4.713277553684795673e-02
-3.574615364841001591e-02
-1.571453886167452699e-02
1.093345230120741120e-02
4.104006064377091478e-02
7.088348996773390087e-02
9.673928587160204873e-02
1.154190641108510385e-01
1.247839381011303928e-01
1.243068349141987078e-01
1.158148020321001503e-01
1.043137916233093931e-01
9.804825734376705626e-02
1.062602744907197305e-01
1.344502776800104993e-01
1.805802928423290987e-01
2.362631013253110590e-01
2.916258826878130317e-01
3.390820574706759905e-01
3.741174986640939948e-01
3.944849841512337307e-01
3.993616601883649420e-01
3.889051980410258569e-01
3.640133200698479898e-01
3.261349648674269353e-01
2.772934466789354069e-01
2.206012769564239251e-01
1.611805371018813215e-01
1.065435481097625481e-01
6.492633347021338486e-02
4.146013611469841209e-02
3.509023098018829862e-02
3.934120319993218706e-02
4.600997436271114099e-02
4.844658637718853716e-02
4.283043086387312154e-02
2.804416038592148774e-02
5.106082816688717156e-03
-2.342458367769196387e-02
-5.403392876270322887e-02
-8.284999244313330513e-02
-1.062260431541831862e-01
-1.212847835725785334e-01
-1.264557220734350562e-01
-1.221153598839668231e-01
-1.114077958205435120e-01
-1.008844536511327716e-01
-9.972610690466170158e-02
-1.162377379433229274e-01
-1.528987127889228914e-01
-2.044470991091879297e-01
-2.612023578929724699e-01
-3.140127804477494400e-01
-3.567075965861021269e-01
-3.859092819539392538e-01
-4.000420630490333918e-01
-3.986597389039376882e-01
-3.821616543720546821e-01
-3.516220304599337321e-01
-3.086843190689154137e-01
-2.557736904818102563e-01
-1.968320307268663638e-01
-1.381571500579619749e-01
-8.802123166978917390e-02
-5.386120745596888887e-02
-3.827869498148218225e-02
-3.747514489486823697e-02
-4.369757589759089289e-02
-4.913758412133918674e-02
-4.835657861177728584e-02
-3.879764591405601010e-02
-2.035562581455086298e-02
5.235288666057623386e-03
3.498413823196923345e-02
6.521168444102469486e-02
9.211977372899038397e-02
1.123445322318418482e-01
1.234861752574393651e-01
1.246691083652203685e-01
1.172545077820950493e-01
1.056805808703728533e-01
9.774400178233785819e-02
1.028327216774436864e-01
1.274639087488539935e-01
1.709590343185583561e-01
2.256952437290672409e-01
2.817015472493803463e-01
3.308938870422897249e-01
3.683110253093552222e-01
3.914171539262306099e-01
3.991848441779944356e-01
3.915881965486948113e-01
3.693582090778416704e-01
3.338029568792859059e-01
2.867917215212817394e-01
2.311849514071159239e-01
1.717221511399804335e-01
1.155875689789404998e-01
7.115860329047767052e-02
4.441059185525749603e-02
3.542103551084427315e-02
3.841321650031915419e-02
4.519163689208713364e-02
4.869647251095659407e-02
4.461999245793871888e-02
3.143091279053115972e-02
9.823807324611065830e-03
-1.788458744496208494e-02
-4.833574191600884667e-02
-7.771452711298079685e-02
-1.023262433989938214e-01
-1.191370040935580549e-01
-1.262942812429491968e-01
-1.237268781523104821e-01
-1.139368136010550508e-01
-1.027551227843119114e-01
-9.899687246518983075e-02
-1.115380909259883341e-01
-1.443563031192818535e-01
-1.936402445750038115e-01
-2.501789890255228244e-01
-3.043934726980102590e-01
-3.494353059739235268e-01
-3.814147871538420831e-01
-3.984615462574457867e-01
-3.999639611697295982e-01
-3.862160577675917694e-01
-3.582185438603452954e-01
-3.175280859288404089e-01
-2.663713394847374571e-01
-2.082816509905263125e-01
-1.490096339806158132e-01
-9.653870876112077837e-02
-5.879094293971937751e-02
-3.960643325807382958e-02
-3.640698218767145222e-02
-4.192191887224246127e-02
-4.808202333256007821e-02
-4.886360048340969431e-02
-4.113158765599092548e-02
-2.433015252742303999e-02
1.168736737929629971e-04
2.939733145024947189e-02
5.988945198149972504e-02
8.774389372316283853e-02
1.094510596566619504e-01
1.223801619279725889e-01
1.253303793789131426e-01
1.192094409519218468e-01
1.078691491773261651e-01
9.857046515217185445e-02
1.006849634014568007e-01
1.216270133276955712e-01
1.621511491763162061e-01
2.156105883503028064e-01
2.720801916004280119e-01
3.229788675744221793e-01
3.628268463972346702e-01
3.887326968021008189e-01
3.994276763528551988e-01
3.946909856380092507e-01
3.750964358258075948e-01
3.418382497810609211e-01
2.966718635533869830e-01
2.422450843894661254e-01
1.829256034647341600e-01
1.255116040508918451e-01
7.839085270913186132e-02
4.827079731323193762e-02
3.638677254013770318e-02
3.780307923354778860e-02
4.445873401829175675e-02
4.892526516743363890e-02
4.638542702317069444e-02
3.485480094187981548e-02
1.467199760736495086e-02
-1.210967449741648209e-02
-4.229890479598377717e-02
-7.214063162176284627e-02
-9.788919654579211760e-02
-1.163531717931819420e-01
-1.254145381548803506e-01
-1.246034782509479744e-01
-1.158545902589827176e-01
-1.043259430228857809e-01
-9.839232860513978662e-02
-1.072805873786632502e-01
-1.362658385713063636e-01
-1.830007180625757013e-01
-2.389182674401591766e-01
-2.941649094470124570e-01
-3.412788541273572562e-01
-3.758699791891103592e-01
-3.957678760330652357e-01
-4.001786424051372304e-01
-3.892603620937802322e-01
-3.639019467253803430e-01
-3.255517013991412467e-01
-2.762595661900968946e-01
-2.192152023729829480e-01
-1.596722896542414338e-01
-1.052680337339814837e-01
-6.423096095596275701e-02
-4.148763649061647241e-02
-3.569700581382085486e-02
-4.020622103674631465e-02
-4.681008945720128295e-02
-4.896375902598256585e-02
-4.297651900042957773e-02
-2.784226155835186484e-02
-4.657270436871563044e-03
2.397842134490775143e-02
5.454392934360691170e-02
8.318473728678761614e-02
1.062863685484597975e-01
1.210155892920842940e-01
1.258588549016583513e-01
1.212653213141066666e-01
1.104686714033880079e-01
1.001066154881142811e-01
9.938151889337275280e-02
1.164814540598135273e-01
1.536541376092031841e-01
2.054454861738536364e-01
2.621380881729420964e-01
3.146571766895162048e-01
3.569251521990550180e-01
3.856305459943016323e-01
3.992461144602572065e-01
3.973720186667157872e-01
3.804481582095750047e-01
3.495738441791729767e-01
3.064040989263675518e-01
2.533801546014693429e-01
1.944799968559102199e-01
1.360449287718634992e-01
8.634789560926044161e-02
5.273422053747144761e-02
3.764435506264066783e-02
3.714549926719828282e-02
4.344656970763179082e-02
4.878283796409191991e-02
4.778981935377771967e-02
3.797908505877146956e-02
1.929957068013090152e-02
-6.471995207355022393e-03
-3.631223388227292070e-02
-6.652351835010324177e-02
-9.330898238412059509e-02
-1.133267971113977590e-01
-1.242152889428364548e-01
-1.251507009853719543e-01
-1.175646104317266682e-01
-1.059846645254835101e-01
-9.828563618303787219e-02
-1.038486076048598106e-01
-1.290483655010206954e-01
-1.729985519584509301e-01
-2.279467300485760461e-01
-2.839228918317698303e-01
-3.329110950619096343e-01
-3.700144474533851313e-01
-3.927354173231074053e-01
-4.000676680719549849e-01
-3.920031891083188280e-01
-3.692963597655205543e-01
-3.332851148905874861e-01
-2.858765470172928147e-01
-2.299841342323339921e-01
-1.704213552449756475e-01
-1.144419058785430682e-01
-7.041733769429811551e-02
-4.419000608049578060e-02
-3.563842048680209568e-02
-3.885207632979621739e-02
-4.562364018019523376e-02
-4.895898767465414053e-02
-4.463191822972888134e-02
-3.118111607955880923e-02
-9.355801247669819076e-03
1.848695654420491608e-02
4.896305171564729192e-02
7.824595275684555207e-02
1.026428166955570681e-01
1.191379225319084689e-01
1.259218461482049245e-01
1.230027899316161466e-01
1.130042730107887194e-01
1.018995860013153509e-01
9.858662975103607562e-02
1.118506876195157346e-01
1.453903278673965016e-01
1.951035984813627444e-01
2.516716921045260014e-01
3.055946304946527969e-01
3.501665836137355936e-01
3.816128102413490208e-01
3.981318352410470607e-01
3.991481015699934742e-01
3.849704273594912185e-01
3.565985786395055590e-01
3.155858290978375003e-01
2.641785811335751188e-01
2.059766382528147866e-01
1.468317741067665660e-01
9.478995635325136726e-02
5.770010781105183034e-02
3.918771376081403579e-02
3.645001251426533556e-02
4.211698266396125129e-02
4.815888224426781439e-02
4.865967479367405701e-02
4.059594260497888935e-02
2.349892687708276043e-02
-1.150657007341252197e-03
-3.051219151975010507e-02
-6.096064446274233189e-02
-8.866533481367290526e-02
-1.101523136989071283e-01
-1.228357485773227120e-01
-1.255629712410397947e-01
-1.192940073699388648e-01
-1.079417448870987201e-01
-9.882363666932542090e-02
-1.013139031445584870e-01
-1.227259108965001178e-01
-1.636460822399636861e-01
-2.173069029857042367e-01
-2.737673756448575912e-01
-3.244900120475311400e-01
-3.640396302980254961e-01
-3.895560610829593706e-01
-3.998003994115892357e-01
-3.945896723421707386e-01
-3.745401495380858981e-01
-3.408845543547134316e-01
-2.954086785910458590e-01
-2.407887551003676518e-01
-1.814286952229888505e-01
-1.241634031268492033e-01
-7.737645940609111372e-02
-4.768722046653917079e-02
-3.618596600126283702e-02
-3.782579388542947618e-02
-4.452199594398712629e-02
-4.888544444394595651e-02
-4.615537088697780482e-02
-3.439887330111351255e-02
-1.400061790915550081e-02
1.294296727349726617e-02
4.320332441653663286e-02
7.299990272963263749e-02
9.857805539300436293e-02
1.167578119465591258e-01
1.254592641915930062e-01
1.242866666252547270e-01
1.152922469015770501e-01
1.037803017768523101e-01
9.823101231559615287e-02
1.078196552726730928e-01
1.375695248119505332e-01
1.848279392679627597e-01
2.408802420748968887e-01
2.959249581052003086e-01
3.426386362710831524e-01
3.767499628136798395e-01
3.961556243313263392e-01
4.000893590684591605e-01
3.887163056828055741e-01
3.629250084695003764e-01
3.241678194316531259e-01
2.745225036114482542e-01
2.172515290914106556e-01
1.577218712132393563e-01
1.036596064519019200e-01
6.325060349484208644e-02
4.121209755920878653e-02
3.594832720241379620e-02
4.066912653056110882e-02
4.718940821061145402e-02
4.907215918458386616e-02
4.274613785014740042e-02
2.730036378768941827e-02
3.893447261935801575e-03
-2.484318610305805489e-02
-5.538314479528023276e-02
-8.388617827656648374e-02
-1.067666336427363083e-01
-1.212303383666393786e-01
-1.258106948957264382e-01
-1.210144638755660529e-01
-1.101480647355319031e-01
-9.992482573289999948e-02
-9.957239431321203427e-02
-1.171863652054967037e-01
-1.548210902876415718e-01
-2.068576181429577221e-01
-2.635387976689098632e-01
-3.158430736752478318e-01
-3.577620777025613541e-01
-3.860367005386094452e-01
-3.991814661921969098e-01
-3.968373401562405589e-01
-3.794820240178992665e-01
-3.482423572534782963e-01
-3.047913164454659762e-01
-2.515904974805825423e-01
-1.926541118745032088e-01
-1.343690463830952697e-01
-8.501967449837599666e-02
-5.187557101241471041e-02
-3.722699795663256955e-02
-3.700822928718683347e-02
-4.338475380639376933e-02
-4.862734365599234720e-02
-4.743643784556750287e-02
-3.738612287506089954e-02
-1.847838349158130791e-02
7.464942169322956282e-03
3.738469203332073915e-02
6.756177588913227228e-02
9.419633945518865459e-02
1.139629599499483864e-01
1.245364431877335060e-01
1.251537931007343507e-01
1.173388191906446221e-01
1.057386907996425152e-01
9.832881538001332633e-02
1.044767953847689779e-01
1.303695347159508355e-01
1.748529760375873432e-01
2.300130814596808848e-01
2.858920746225604992e-01
3.345772420646450640e-01
3.712702759607611203e-01
3.935336101470901515e-01
4.003910756852264163e-01
3.918520956774990127e-01
3.686851376822099513e-01
3.322441400218108520e-01
2.844639580325327155e-01
2.283146205583916066e-01
1.687004878349811221e-01
1.129599445987123502e-01
6.945309629905360715e-02
4.386016051329356957e-02
3.582763066456368800e-02
3.929453192230127068e-02
4.604549749022703725e-02
4.916915623986523737e-02
4.454218350420172806e-02
3.079037016976151828e-02
8.726087340257031311e-03
-1.925372897279394729e-02
-4.974639705765342840e-02
-7.892506361208556642e-02
-1.031123558480174229e-01
-1.193231119608738344e-01
-1.257948155573984927e-01
-1.226033715338555041e-01
-1.124649730659826735e-01
-1.014559044628990103e-01
-9.852743403232307184e-02
-1.123816141566192361e-01
-1.464931585413630777e-01
-1.965393065866685995e-01
-2.531274160369698656e-01
-3.068199188968712687e-01
-3.510111498581118261e-01
-3.820031146096962704e-01
-3.980431360229162441e-01
-3.985901083332413219e-01
-3.839787990352499514e-01
-3.552259673590572042e-01
-3.138975085063027137e-01
-2.622634264274470994e-01
-2.039737650170408978e-01
-1.449492752437612220e-01
-9.327125235925519398e-02
-5.671937980047837141e-02
-3.874482650585901744e-02
-3.637033500119832286e-02
-4.215425689050419228e-02
-4.810193927848639001e-02
-4.838012617643706187e-02
-4.004763861828203320e-02
-2.270090653765437921e-02
2.131693996194558745e-03
3.157808702504251441e-02
6.199875097900554161e-02
8.956650570442264980e-02
1.108276800942187973e-01
1.232312139749229818e-01
1.256746211091349652e-01
1.191898556265015424e-01
1.077860938645166938e-01
9.887399717686552736e-02
1.018418486121930866e-01
1.238682852807787005e-01
1.653074134067882561e-01
2.192216566543843947e-01
2.756497490137060358e-01
3.261290411420911250e-01
3.653084222427695482e-01
3.903856387801860062e-01
4.001585475677272297e-01
3.944723938445823808e-01
3.739680558283371425e-01
3.398992320823092661e-01
2.940744074829161336e-01
2.392086469854390329e-01
1.797725146846474720e-01
1.226744474080661979e-01
7.630837862047624987e-02
4.717782150471801911e-02
3.617362218994370215e-02
3.809529007550450236e-02
4.482567574006889044e-02
4.903397422203693845e-02
4.604567406635790699e-02
3.400652710491244846e-02
1.336350043537468980e-02
-1.374120115101730433e-02
-4.405036646229989333e-02
-7.377257573191584039e-02
-9.915981340348828388e-02
-1.170565016637921257e-01
-1.254268466613004673e-01
-1.239438404968674495e-01
-1.147581035311849157e-01
-1.032905109147722739e-01
-9.809877430812388721e-02
-1.083012713317858811e-01
-1.386992822216759347e-01
-1.863847698030672573e-01
-2.425289333788414881e-01
-2.973797030182531720e-01
-3.437252064837396093e-01
-3.773855590571553731e-01
-3.963118978021837324e-01
-3.997695889241167366e-01
-3.879448602412772784e-01
-3.617406183862547087e-01
-3.226219672252538251e-01
-2.726920036046320273e-01
-2.152685907205295068e-01
-1.558009204032479444e-01
-1.020729459616606938e-01
-6.222127085540567204e-02
-4.078447677843959757e-02
-3.596082541553582979e-02
-4.085532630582849184e-02
-4.730491534720457358e-02
-4.896112199671349280e-02
-4.234746777360642173e-02
-2.662846814366686202e-02
-3.015917677509237418e-03
2.582590085055927465e-02
5.635643983120285777e-02
8.473905329233664963e-02
1.074077748116579745e-01
1.216017823412691851e-01
1.259012235955980774e-01
1.208778615811066937e-01
1.099260237820101488e-01
9.985164715148504844e-02
9.991505720842885907e-02
1.181079758167472710e-01
1.562670062838989737e-01
2.085881610322826152e-01
2.652705411149766102e-01
3.173557950674451011e-01
3.589190190700002892e-01
3.867622669662996726e-01
3.994406650739327214e-01
3.966270217272616638e-01
3.788262558494128740e-01
3.471866461918636237e-01
3.034004423819488538e-01
2.499596609051438767e-01
1.909335937328734689e-01
1.327772464316440693e-01
8.379847789355517051e-02
5.117900207472690643e-02
3.702806790409438747e-02
3.712022846329380427e-02
4.357024232864796509e-02
4.869328448480904348e-02
4.726972389149019377e-02
3.694987642529844185e-02
1.779749444368387487e-02
-8.318409430958417089e-03
-3.830667605761815808e-02
-6.843314796602360806e-02
-9.490058510330276476e-02
-1.144037459160617137e-01
-1.246562330538411034e-01
-1.249568892897947869e-01
-1.169209277952356213e-01
-1.053113323282701685e-01
-9.819734994130266403e-02
-1.049248885937536790e-01
-1.314882803262228672e-01
-1.764696454628642552e-01
-2.318034541827538320e-01
-2.875519443990388058e-01
-3.359071801147490155e-01
-3.721679719811807341e-01
-3.939573147851224144e-01
-4.003336051132201368e-01
-3.913289061018888071e-01
-3.677279604879716279e-01
-3.308982718477493368e-01
-2.827973743150859476e-01
-2.264453017064783635e-01
-1.668281818754791535e-01
-1.113574279116836679e-01
-6.837298354781901066e-02
-4.339608120049995993e-02
-3.585613715165539978e-02
-3.955688511699263082e-02
-4.628110916059737651e-02
-4.919826133098410825e-02
-4.428268355180450810e-02
-3.024207433571830111e-02
-7.948453495894756970e-03
2.016272176248249878e-02
5.066994420921083764e-02
7.974601349359256020e-02
1.037300998986395439e-01
1.196686779925118793e-01
1.258454913585201895e-01
1.224010743439226806e-01
1.121392947204660484e-01
1.012338179709476593e-01
9.868503738785384949e-02
1.131135080982631630e-01
1.477808134511032767e-01
1.981570252668451437e-01
2.547809513546713256e-01
3.082715733220043330e-01
3.521132010247519650e-01
3.826761198786174378e-01
3.982511361480066681e-01
3.983290314638328611e-01
3.832712927803710867e-01
3.541157617700829707e-01
3.124465384256508993e-01
2.605612452050763972e-01
2.021614706548836848e-01
1.432367391589016437e-01
9.190338561924905891e-02
5.587189202402824406e-02
3.841985889097294243e-02
3.639753070157137477e-02
4.229341917253667121e-02
4.814729024508615507e-02
4.820569583817602144e-02
3.960668353823594556e-02
2.201041027027213215e-02
-3.006703497792593063e-03
-3.253964463208841584e-02
-6.293222276316573494e-02
-9.035775749478111574e-02
-1.113799389743089091e-01
-1.234818885490733403e-01
-1.256153345652323561e-01
-1.188933817589094555e-01
-1.074335002353046381e-01
-9.874780796545803985e-02
-1.022342932294950379e-01
-1.249169513209151816e-01
-1.668944437904585076e-01
-2.210500828925534844e-01
-2.774106515852106103e-01
-3.276042560478855670e-01
-3.663772361825701207e-01
-3.909925816297232792e-01
-4.002866230759599686e-01
-3.941302141772888290e-01
-3.731831515878198391e-01
-3.387139352607713705e-01
-2.925506340047875908e-01
-2.374501673131572399e-01
-1.779574816729355136e-01
-1.210600522362778042e-01
-7.515799988567162249e-02
-4.662542646373989824e-02
-3.614086071839944098e-02
-3.834659931364640256e-02
-4.509824154749096647e-02
-4.913224773136574269e-02
-4.586891799110388857e-02
-3.353818146527979410e-02
-1.265088989127702811e-02
1.460706410252129994e-02
4.495427141497392032e-02
7.459392467830307238e-02
9.979018012616770739e-02
1.174157473164392923e-01
1.254790627692461136e-01
1.237166580083484541e-01
1.143672284603108741e-01
1.029550984573631006e-01
9.810523652219596547e-02
1.088800411928799172e-01
1.398761540386021518e-01
1.879548227401638960e-01
2.441863006410078807e-01
2.988622474318421984e-01
3.448668591448550425e-01
3.780985108358265734e-01
3.965571565343305460e-01
3.995409961591379067e-01
3.872624528818639500e-01
3.606449311626817589e-01
3.211705074133505144e-01
2.709673775180583277e-01
2.134025750641113661e-01
1.539970290052371238e-01
1.005837710866961526e-01
6.125062256424462087e-02
4.037006710552488997e-02
3.595165289022915489e-02
4.100589070220425625e-02
4.739042345307324655e-02
4.883642206031452160e-02
4.195224577768472130e-02
2.597145657879967179e-02
2.157156717198809807e-03
-2.679140045971616785e-02
-5.731538620149839031e-02
-8.557712501933205373e-02
-1.080264657624754737e-01
-1.219343826961433452e-01
-1.259303439329785279e-01
-1.206589645615161049e-01
-1.096142004283576915e-01
-9.970494616480371497e-02
-1.002241677240875012e-01
-1.190445419310746794e-01
-1.577628102733674709e-01
-2.103772010982956908e-01
-2.670463321752983288e-01
-3.188875336335821875e-01
-3.600715664861896537e-01
-3.874683718556429235e-01
-3.996741878246685697e-01
-3.963897994487570187e-01
-3.781418335541184561e-01
-3.460955459128121636e-01
-3.019616312289353788e-01
-2.482673382213415880e-01
-1.891472822166304912e-01
-1.311349102690330948e-01
-8.256276029706120789e-02
-5.051213658402773504e-02
-3.689287700363547834e-02
-3.730878762953437899e-02
-4.382484193625347385e-02
-4.880893345630055169e-02
-4.713119228959626594e-02
-3.652576848363435491e-02
-1.712191512376268904e-02
9.164529631950114885e-03
3.921380404349034815e-02
6.928136548203063516e-02
9.557712612997899815e-02
1.148194837863401596e-01
1.247622352277761720e-01
1.247643406972747671e-01
1.165271144654573682e-01
1.049208977487905009e-01
9.809958710466802623e-02
1.053827944891995716e-01
1.325782626155376231e-01
1.780202370809765289e-01
2.335058857431081547e-01
2.891197870150858940e-01
3.371514298744404114e-01
3.729879849979789719e-01
3.943086519501178833e-01
4.002070539510078628e-01
3.907412533017354805e-01
3.667156742234199407e-01
3.295133021613296798e-01
2.811136068137981558e-01
2.245823344914005815e-01
1.649791652121493646e-01
1.097789526332162008e-01
6.729702667497244883e-02
4.290210983221694890e-02
3.582152064228010663e-02
3.973655117973529105e-02
4.643149849690125786e-02
4.915201924975456244e-02
4.396257451108728787e-02
2.964657262215013300e-02
7.132412318346380807e-03
-2.110614323155730887e-02
-5.162703426754661901e-02
-8.060040040368536551e-02
-1.043799009848539183e-01
-1.200422738295797986e-01
-1.259176693808918279e-01
-1.222136917480018126e-01
-1.118268223742623080e-01
-1.010333535631756791e-01
-9.888392498213655069e-02
-1.139114952707788314e-01
-1.491548975646228015e-01
-1.998712344002019081e-01
-2.565313538372477886e-01
-3.098149014910949739e-01
-3.533005595935654886e-01
-3.834296762412788273e-01
-3.985368352841659467e-01
-3.981429334990028157e-01
-3.826337399818801610e-01
-3.530663516324172302e-01
-3.110429963568930867e-01
-2.588914910785714563e-01
-2.003704958514025691e-01
-1.415450667365216464e-01
-9.056943449745739894e-02
-5.507957658523117417e-02
-3.816896932651171748e-02
-3.650755161132024362e-02
-4.251292640529879402e-02
-4.826279504990288460e-02
-4.808831916182333688e-02
-3.921108846107116547e-02
-2.135801370767075047e-02
3.845365901925667292e-03
3.346188509991893795e-02
6.382052472950644484e-02
9.109722129756127329e-02
1.118749853276078537e-01
1.236729208017191411e-01
1.254983299649987949e-01
1.185459150160861064e-01
1.070400838256649612e-01
9.859013410127272226e-02
1.025969652220809908e-01
1.259249579153063903e-01
1.684197183691620581e-01
2.227941923562476445e-01
2.790704455841173659e-01
3.289687493710711230e-01
3.673307612495871899e-01
3.914825185045697209e-01
4.002983822772696043e-01
3.936755511407999397e-01
3.722934856952403448e-01
3.374356907751422940e-01
2.909497195790254342e-01
2.356337117647958612e-01
1.761046376566035576e-01
1.194237505369016433e-01
7.399076200956611338e-02
4.604779382425099044e-02
3.606619048598920518e-02
3.854008281117565077e-02
4.530399592196086150e-02
4.916273783357965471e-02
4.562919314376098767e-02
3.301433420437954736e-02
1.189024929503952090e-02
-1.551510302010593312e-02
-4.589675592527280718e-02
-7.545262040506794943e-02
-1.004589439055247335e-01
-1.178164230323692080e-01
-1.255771446274661918e-01
-1.235406054587327301e-01
-1.140333479256294136e-01
-1.026830328644311036e-01
-9.818070447845329840e-02
-1.095304511568800931e-01
-1.411235016792768970e-01
-1.895930665772840584e-01
-2.459117084844102130e-01
-3.004152764662126884e-01
-3.460824710999234055e-01
-3.788884354849034741e-01
-3.968811414102072499e-01
-3.993911569934031069e-01
-3.866567653195919774e-01
-3.596218362957207537e-01
-3.197858881758977034e-01
-2.693031431406823217e-01
-2.115912292899440883e-01
-1.522444450382084424e-01
-9.914544658298297952e-02
-6.033144498645084952e-02
-4.000612071833479361e-02
-3.598950209697805713e-02
-4.119884937675303421e-02
-4.751382732896208133e-02
-4.874571597450055860e-02
-4.158793422067114109e-02
-2.534348535268331551e-02
-1.327393633665465214e-03
2.772585121287249321e-02
5.823919756273975012e-02
8.637423790261840317e-02
1.085970203915202770e-01
1.222111841198665894e-01
1.258973599845690516e-01
1.203757452459752186e-01
1.092428098994037422e-01
9.951097656171842276e-02
1.005014009398330910e-01
1.199590479237533647e-01
1.592345890211352699e-01
2.121300151942587531e-01
2.687697523359439677e-01
3.203520954576603019e-01
3.611458297927410133e-01
3.880892350120908607e-01
3.998194601568665352e-01
3.960648734946793925e-01
3.773730548423897546e-01
3.449252814224439967e-01
3.004503531091956003e-01
2.465117447595491507e-01
1.873110034108874111e-01
1.294598156142732215e-01
8.131112194883863276e-02
4.983943847595515703e-02
3.675214718097283978e-02
3.748498165917342473e-02
4.405812960037772813e-02
4.889591067047659861e-02
4.695987035741236437e-02
3.606823761368990050e-02
1.641511467706300090e-02
-1.003797767344012659e-02
-4.014403020281251400e-02
-7.014948469687179444e-02
-9.627272208181415769e-02
-1.152568157790001269e-01
-1.248960499723630047e-01
-1.246087929675734479e-01
-1.161807272781554545e-01
-1.045867319014637392e-01
-9.806147057293093661e-02
-1.058947558663615313e-01
-1.337086728294398508e-01
-1.795964816525695007e-01
-2.352255151206852357e-01
-2.907046319673742829e-01
-3.384175302773846927e-01
-3.738356655946827312e-01
-3.946920004114896630e-01
-4.001148071660117211e-01
-3.901886336260116384e-01
-3.657386153154368880e-01
-3.281642874492477491e-01
-2.794678039258386981e-01
-2.227604588022894239e-01
-1.631740427590274434e-01
-1.082441169393370678e-01
-6.625862409450096469e-02
-4.243376772707523059e-02
-3.579886473660442298e-02
-3.991794613761732308e-02
-4.657925558033556429e-02
-4.910368906008450579e-02
-4.364352336009020422e-02
-2.905585080128135489e-02
-6.324531256900519510e-03
2.203847015092459671e-02
5.257016541034750107e-02
8.143741498228260212e-02
1.050077201640011726e-01
1.203878960016655369e-01
1.259553071940434921e-01
1.219870969493817014e-01
1.114760644895889108e-01
1.008041130498519428e-01
9.907069271641384678e-02
1.147138736486675303e-01
1.505414417331260579e-01
2.015950167317272501e-01
2.582810771606313671e-01
3.113450253870860274e-01
3.544635951890624526e-01
3.841510483507405982e-01
3.987862243467829582e-01
3.979195598677717216e-01
3.819597111784597820e-01
3.519814831370741692e-01
3.096044642496411647e-01
2.571876999081230686e-01
1.985498831017666888e-01
1.398343340673652846e-01
8.923225432608836161e-02
5.429936815793018345e-02
3.793870814204116509e-02
3.663805175045260071e-02
4.274660597287863878e-02
4.838374755472112099e-02
4.796829961401843923e-02
3.880744462589658800e-02
2.069578011820301724e-02
-4.692164385576769702e-03
-3.438812585729127819e-02
-6.470795127080231079e-02
-9.183200619662332254e-02
-1.123642844708710870e-01
-1.238610137747260670e-01
-1.253852698215222328e-01
-1.182123288897629909e-01
-1.066709684263815322e-01
-9.846323822087534039e-02
-1.029878848215937670e-01
-1.269480490647818816e-01
-1.699418394654052811e-01
-2.245206202540462603e-01
-2.807063327302459221e-01
-3.303098392497834657e-01
-3.682640971965793208e-01
-3.919552452552806376e-01
-4.002948041433373461e-01
-3.932069518374637362e-01
-3.713920389018625645e-01
-3.361497264670006979e-01
-2.893477446099127492e-01
-2.338252365451668757e-01
-1.742692450260031611e-01
-1.178108764222849936e-01
-7.284492932822411726e-02
-4.548043045133388224e-02
-3.598608913287593830e-02
-3.871494742898268920e-02
-4.548467855994499376e-02
-4.916829422819564421e-02
-4.536869128506681309e-02
-3.247513134572815874e-02
-1.111910565547134626e-02
1.643006495831738495e-02
4.684370788851292128e-02
7.631386325946890037e-02
1.011281802545952596e-01
1.182148668487800203e-01
1.256698348993835479e-01
1.233568848474070473e-01
1.136929920000611521e-01
1.024116525539425088e-01
9.826954966997294982e-02
1.102073059541709144e-01
1.424043265455003093e-01
1.912637382055782653e-01
2.476631868957354654e-01
3.019865080647831102e-01
3.473093963760530700e-01
3.796849623237503746e-01
3.972094329464121443e-01
3.992451108077347266e-01
3.860549065998309382e-01
3.586018655449825787e-01
3.184023495632591350e-01
2.676374982700173155e-01
2.097780715626406389e-01
1.504946953812900667e-01
9.772001531801684238e-02
5.943659628412675811e-02
3.967358187085817667e-02
3.605889045907979817e-02
4.141808349578033482e-02
4.765590890364909682e-02
4.866634417092648157e-02
4.122961416481352864e-02
2.471925141947708959e-02
5.023868012497120436e-04
-2.865188036589662313e-02
-5.914953462962938696e-02
-8.715287376248936901e-02
-1.091455230831015200e-01
-1.224649052852565118e-01
-1.258435505556184664e-01
-1.200775295279520871e-01
-1.088651408051079794e-01
-9.931972322490421889e-02
-1.007857370172011435e-01
-1.208759532387639613e-01
-1.606959320903126875e-01
-2.138578787492427802e-01
-2.704577551186812534e-01
-3.217759656914319089e-01
-3.621774111330532397e-01
-3.886667371647383185e-01
-3.999213357900586741e-01
-3.956975124320822323e-01
-3.765644257040428600e-01
-3.437198561624006388e-01
-2.989109977088372228e-01
-2.447376514147301674e-01
-1.854675696881820379e-01
-1.277880559253488091e-01
-8.006800900068263005e-02
-4.917184751875555704e-02
-3.660615818252773573e-02
-3.764431461654237782e-02
-4.426662949473756520e-02
-4.895529517694750810e-02
-4.676213397757331830e-02
-3.558756427329846234e-02
-1.568907370558448103e-02
1.092704731400531704e-02
4.108688250287704374e-02
7.102789230545962507e-02
9.697693304815060977e-02
1.157017901520294434e-01
1.250374522544848432e-01
1.244622719466446231e-01
1.158473012400455388e-01
1.042727083982766118e-01
9.805265954642897186e-02
1.064430251249687959e-01
1.348761645134876896e-01
1.812048132106527099e-01
2.369706268723497378e-01
2.923099900266499240e-01
3.397014923657254992e-01
3.747002708941436500e-01
3.950923251773355571e-01
4.000398902777850818e-01
3.896534142214106433e-01
3.647782549027555610e-01
3.268305076091091999e-01
2.778357953857314988e-01
2.209525123640977695e-01
1.613861058987560992e-01
1.067325193305917741e-01
6.524904586358040715e-02
4.199550605632109551e-02
3.580237793738207108e-02
4.011892889346811708e-02
4.674021514087130236e-02
4.906386236744302021e-02
4.333036722634831667e-02
2.847057901412126946e-02
5.523632381539815041e-03
-2.296071580804867965e-02
-5.349914715119522685e-02
-8.225594771378298697e-02
-1.056130786607300254e-01
-1.207080134150889245e-01
-1.259661534758909074e-01
-1.217352865367662129e-01
-1.111056536299458025e-01
-1.005644898424214728e-01
-9.925661547772604565e-02
-1.155194476686079580e-01
-1.519264791979176854e-01
-2.033066368445479721e-01
-2.600073575928574243e-01
-3.128429763799775998e-01
-3.555886385018314777e-01
-3.848309536782528739e-01
-3.989926112011344950e-01
-3.976535243179208368e-01
-3.812450999043597855e-01
-3.508594988949104709e-01
-3.081334976664811265e-01
-2.554578355008925716e-01
-1.967119791407797580e-01
-1.381171465159476142e-01
-8.789844689021253377e-02
-5.352684100261147215e-02
-3.771305135699757477e-02
-3.676543797331951330e-02
-4.296917004221866704e-02
-4.848798701027046132e-02
-4.782898581587698150e-02
-3.838451430078861776e-02
-2.001619306685359020e-02
5.553150137079082213e-03
3.532485055307953842e-02
6.560231344471734172e-02
9.257106348113122718e-02
1.128567664030860063e-01
1.240532565998990616e-01
1.252797299338726800e-01
1.178921989842448004e-01
1.063233229176419603e-01
9.836580809843144257e-02
1.034120538195674177e-01
1.280007521687720196e-01
1.714843379533602941e-01
2.262582492161333836e-01
2.823481203852283850e-01
3.316553671199831133e-01
3.692023934501719173e-01
3.924338782807750836e-01
4.002978495147783145e-01
3.927453842971895814e-01
3.704979023239175495e-01
3.348716183360900822e-01
2.877550979621493754e-01
2.320292360863652203e-01
1.724514158125803887e-01
1.162211825348370559e-01
7.172515415181647536e-02
4.493632779395896615e-02
3.592160438882426032e-02
3.889677847728909704e-02
4.566602384011514415e-02
4.917150418788453214e-02
4.510549439245793019e-02
3.193457877867934835e-02
1.034894981171019523e-02
-1.734113948557296919e-02
-4.778356096953835508e-02
-7.716464053063380735e-02
-1.017835634511294746e-01
-1.185962714637320004e-01
-1.257430921555718339e-01
-1.231533839792496449e-01
-1.133363493052124832e-01
-1.021323105015216476e-01
-9.836156746015738139e-02
-1.108957186176756926e-01
-1.436972259594314905e-01
-1.929395245532306846e-01
-2.494098697652992191e-01
-3.035439703588213023e-01
-3.485159727413403852e-01
-3.804570456241845311e-01
-3.975114023265139407e-01
-3.990726894129722480e-01
-3.854278739186769442e-01
-3.575584658273775474e-01
-3.169973745071395510e-01
-2.659532403422331659e-01
-2.079514873213793857e-01
-1.487401338540588480e-01
-9.630028178408985007e-02
-5.855535208164747152e-02
-3.935606963498301109e-02
-3.613861536400313906e-02
-4.164031598412176044e-02
-4.779418540799183074e-02
-4.857846316201755443e-02
-4.086066332294516212e-02
-2.408476936153907191e-02
3.304122241523718283e-04
2.958191410801788018e-02
6.005970384336600104e-02
8.792778485878639805e-02
1.096882554173737173e-01
1.227130249226100617e-01
1.257869769087998080e-01
1.197822173135163343e-01
1.084984105383301478e-01
9.914776393730866111e-02
1.010938401956645583e-01
1.218133323657800832e-01
1.621676277192702631e-01
2.155848351500743998e-01
2.721373171649611455e-01
3.231882468953959364e-01
3.631968466603464618e-01
3.892323839452428991e-01
4.000117892851745571e-01
3.953193835234717901e-01
3.757462479011496326e-01
3.425070162745252333e-01
2.973677123898930685e-01
2.429649087967370724e-01
1.836325466356543701e-01
1.261319487724223143e-01
7.884448910341629313e-02
4.852136102974590609e-02
3.646903474470777895e-02
3.780281512782116687e-02
4.446717312019202867e-02
4.900349248807896879e-02
4.655314285169803029e-02
3.509749256473862489e-02
1.495636452590558274e-02
-1.181970925565626468e-02
-4.203017726392200420e-02
-7.190367155498166019e-02
-9.767562601991001958e-02
-1.161386957288134542e-01
-1.251689985094705804e-01
-1.243058370018797487e-01
-1.155071270030913477e-01
-1.039594030784749962e-01
-9.805499102401185607e-02
-1.070110068626672073e-01
-1.360649830699759144e-01
-1.828288881005183664e-01
-2.387228807806761610e-01
-2.939147673414954087e-01
-3.409794547319494606e-01
-3.755556661770010352e-01
-3.954819987747462684e-01
-3.999541776285914785e-01
-3.891079806233438410e-01
-3.638084016397726272e-01
-3.254878597416818731e-01
-2.761960409953274076e-01
-2.191399267381772542e-01
-1.595999629098806827e-01
-1.052317149946126185e-01
-6.425796457746778267e-02
-4.157792285482207056e-02
-3.582271412047593334e-02
-4.032978949871805774e-02
-4.690422567576779667e-02
-4.902213062900374202e-02
-4.301276016868499363e-02
-2.788066697124888874e-02
-4.719979602047713781e-03
2.388232631610958182e-02
5.442345412522355680e-02
8.306593365245519556e-02
1.062070068429895181e-01
1.210154954214602008e-01
1.259654337349358777e-01
1.214758201296589346e-01
1.107345326908529409e-01
1.003329546310003928e-01
9.945758040811060463e-02
1.163402806312245630e-01
1.533190475891333671e-01
2.050144808071616698e-01
2.617204006389386439e-01
3.143220806422843405e-01
3.566922270640646708e-01
3.854883508459170383e-01
3.991763126483567348e-01
3.973654281868698179e-01
3.805099523989831090e-01
3.497194934773626418e-01
3.066482379262062685e-01
2.537191017268419224e-01
1.948726802693939719e-01
1.364071594403740706e-01
8.657842019680256351e-02
5.276874394706992238e-02
3.749583817392302537e-02
3.689214184545141356e-02
4.318315394134825125e-02
4.857911139133055944e-02
4.767529384514070101e-02
3.794826075015440142e-02
1.932574060563018239e-02
-6.421834862710654179e-03
-3.626585713328345228e-02
-6.649766502046083883e-02
-9.330827073438745234e-02
-1.133453275251094100e-01
-1.242406821390890509e-01
-1.251703084617370176e-01
-1.175718797557205181e-01
-1.059826320447547210e-01
-9.828465558008465941e-02
-1.038598243123043663e-01
-1.290777535118916852e-01
-1.730450343499862764e-01
-2.280055099157380361e-01
-2.839925367168463777e-01
-3.329992397926002656e-01
-3.701368403166923615e-01
-3.929078054772814910e-01
-4.002961355819353861e-01
-3.922794645818077353e-01
-3.695999793070143258e-01
-3.335903658855112197e-01
-2.861604937422903006e-01
-2.302341129405235665e-01
-1.706400006515896017e-01
-1.146455187408910864e-01
-7.062573491059873088e-02
-4.441376284616778414e-02
-3.587411478585520591e-02
-3.908832528640401177e-02
-4.585038907022059157e-02
-4.917324181962787893e-02
-4.483873663673480781e-02
-3.139049260937026853e-02
-9.577012203897377479e-03
1.825096986728669615e-02
4.871845197680575029e-02
7.800668347002080727e-02
1.024269539954117958e-01
1.189634937967437717e-01
1.258016957388333190e-01
1.229373142117500817e-01
1.129726017038029939e-01
1.018544999617053415e-01
9.846406561073151043e-02
1.115985951326617931e-01
1.450004336528214199e-01
1.946158217530958578e-01
2.511469908534914031e-01
3.050846439824420608e-01
3.497015526839413191e-01
3.812059771962683641e-01
3.977894300088332113e-01
3.988766486931970001e-01
3.847785080557704629e-01
3.564948329786147285e-01
3.155750767368145082e-01
2.642559329125466205e-01
2.061183445586706742e-01
1.469876964315786627e-01
9.489110734072046804e-02
5.768865061818249235e-02
3.905028846288275540e-02
3.622254545296563211e-02
4.185868294310464421e-02
4.792283287834989830e-02
4.847818459426284782e-02
4.047911461891095380e-02
2.343935559433635296e-02
-1.171253786910083456e-03
-3.051645480225687740e-02
-6.097078512069229600e-02
-8.870050638122467523e-02
-1.102266947154724175e-01
-1.229562308000318321e-01
-1.257268608760576389e-01
-1.194873666070245810e-01
-1.081391441148899374e-01
-9.899209086402351032e-02
-1.014249851537685765e-01
-1.227739338481557418e-01
-1.636557170061897215e-01
-2.173188086401773578e-01
-2.738164579549472455e-01
-3.245959056577087942e-01
-3.642098079596400306e-01
-3.897909510375976438e-01
-4.000951987955929656e-01
-3.949347025682882206e-01
-3.749223508923505976e-01
-3.412896408089724498e-01
-2.958217783554250024e-01
-2.411929322566116196e-01
-1.818039626020739041e-01
-1.244895739410394192e-01
-7.764051014572585785e-02
-4.789098680611684339e-02
-3.634678140453936890e-02
-3.796825551309251923e-02
-4.466767707646409485e-02
-4.904731939954345976e-02
-4.633811590245607431e-02
-3.460177458120065885e-02
-1.421992435203441561e-02
1.271317252088101715e-02
4.297079479780716027e-02
7.277319976849065675e-02
9.836479599944045193e-02
1.165635863563565383e-01
1.252873676296294425e-01
1.241372440207707400e-01
1.151590829611666839e-01
1.036462207279190001e-01
9.806711547775351367e-02
1.075951353158557389e-01
1.372686754348884652e-01
1.844598659198605772e-01
2.404722752114482331e-01
2.955089172629647987e-01
3.422418731122763291e-01
3.763928064899708104e-01
3.958522470543081595e-01
3.998490429558834158e-01
3.885440199009610462e-01
3.628215265173704851e-01
3.241302154904084354e-01
2.745443196056295831e-01
2.173204575435477293e-01
1.578147069156861371e-01
1.037406948977157573e-01
6.328263178548643175e-02
4.117574585376567592e-02
3.585251254509137092e-02
4.054229919464843318e-02
4.706344473618714191e-02
4.897177117674318680e-02
4.268524146100909772e-02
2.728169097327107911e-02
3.909698286081868777e-03
-2.480715378371695784e-02
-5.534721197798894710e-02
-8.387194358034702479e-02
-1.067944612720895525e-01
-1.213154887185683428e-01
-1.259582319940649731e-01
-1.212135069749707694e-01
-1.103672419475296707e-01
-1.001140049519527175e-01
-9.967840763669690018e-02
-1.171820201092922398e-01
-1.547259874517334932e-01
-2.067266637705238996e-01
-2.634292861016753196e-01
-3.157920017351357189e-01
-3.577843374143263588e-01
-3.861334630496127129e-01
-3.993476774013501873e-01
-3.970655014380905512e-01
-3.797640195808135721e-01
-3.485703031591321222e-01
-3.051561869315829734e-01
-2.519774239107241964e-01
-1.930364428502278074e-01
-1.347078823951100290e-01
-8.527550715447902718e-02
-5.202906524794452536e-02
-3.729208975824896410e-02
-3.702406398532848836e-02
-4.339483533760778167e-02
-4.866321712023206902e-02
-4.751279975366381331e-02
-3.750365216458172168e-02
-1.862890219150149101e-02
7.293958291155775396e-03
3.720689001404801216e-02
6.738956243356430953e-02
9.403886271620925941e-02
1.138248293907710151e-01
1.244178103535316521e-01
1.250512639248629876e-01
1.172455914075883621e-01
1.056432625180811491e-01
9.821436712478860687e-02
1.043258088511755111e-01
1.301733418222788541e-01
1.746175968197674067e-01
2.297552921242622115e-01
2.856316655237257085e-01
3.343327896423174406e-01
3.710581870385259995e-01
3.933673662017165285e-01
4.002798904814050540e-01
3.917996621605443486e-01
