7.289686274214116080e-02
7.177434155678499850e-02
6.768041685903404547e-02
6.132899807273974740e-02
5.279089980555200234e-02
4.290297930949842770e-02
3.171669048505812438e-02
1.918415091618905569e-02
5.501154563221169642e-03
-8.913823216956369075e-03
-2.312039252175075721e-02
-3.704262566941662893e-02
-4.939295882699941409e-02
-5.998089834474665261e-02
-6.761302019485143644e-02
-7.285100656008601516e-02
-7.576311998144148740e-02
-7.672897921813738586e-02
-7.565096325854916981e-02
-7.253608080132448177e-02
-6.752862817777395554e-02
-6.023656297316960090e-02
-5.070169288421397247e-02
-3.850545920340449346e-02
-2.506578023705197111e-02
-1.105468705371227302e-02
1.519359662313335760e-03
1.139311154433918227e-02
1.655964645364779372e-02
1.583887058775054410e-02
9.272328932174099883e-03
-2.139662180452433452e-03
-1.653138124646437793e-02
-3.249692005744725387e-02
-4.778902546697472165e-02
-6.134693124785767920e-02
-7.168208377292686895e-02
-7.913966081169400424e-02
-8.342882963889063086e-02
-8.485914812197005441e-02
-8.354323111452489903e-02
-7.978065842724890722e-02
-7.407398433776128666e-02
-6.624369311091587997e-02
-5.652950532318180843e-02
-4.483838558100135263e-02
-3.222987808250229319e-02
-1.872351395232791163e-02
-5.255254144483812069e-03
8.230174222391023822e-03
2.086314602200335308e-02
3.247972447703612736e-02
4.301433531439916025e-02
5.239913284845257313e-02
6.046064115732015937e-02
6.652088415823337320e-02
7.053414116066031303e-02
7.199588515085179885e-02
7.122773844528929033e-02
6.753655231751287680e-02
6.154450598096709163e-02
5.322930817962170935e-02
4.328772457090222098e-02
3.176921071017647924e-02
1.896512651207352823e-02
5.561853693555746971e-03
-7.636028971690394379e-03
-1.950157644569918206e-02
-2.946074014272759625e-02
-3.626606060853612701e-02
-3.982427795800854570e-02
-3.977838480200240195e-02
-3.739872068205161992e-02
-3.331609711626298820e-02
-2.843446099125683524e-02
-2.320241268174839597e-02
-1.787950690957948799e-02
-1.262672173532565154e-02
-6.916025109872824504e-03
-6.555849467272089606e-04
6.433200486709685605e-03
1.347620217104074196e-02
2.034418292565616862e-02
2.594403294163473775e-02
2.990303424865066798e-02
3.115783466953401387e-02
2.940801566480494983e-02
2.479904120293494399e-02
1.765682763567439154e-02
8.662992645277629508e-03
-1.754001641851253828e-03
-1.238130801312704345e-02
-2.262700828966587169e-02
-3.144163459908135005e-02
-3.888347843877910243e-02
-4.426797894982034687e-02
-4.771698388992297313e-02
-4.917502450638975425e-02
-4.905459011257460450e-02
-4.772989407613090207e-02
-4.512919977282372347e-02
-4.144802575855737609e-02
-3.659359822407697721e-02
-3.103134356834673022e-02
-2.451585575505452891e-02
-1.758658049114335611e-02
-1.019991058013611750e-02
-3.195912191764298423e-03
3.393239780502548594e-03
9.373631290827444049e-03
1.475787594762285014e-02
1.947741960412231396e-02
2.331808315501547602e-02
2.642606015736078534e-02
2.853737055784051971e-02
2.968817286063374361e-02
2.929289280735963841e-02
2.773395713804776078e-02
2.484581985901414616e-02
2.114118345502747146e-02
1.648747397242074017e-02
1.114583420029033496e-02
5.305181786891327231e-03
-9.322940883862913027e-04
-7.501183164222053300e-03
-1.447875661854794264e-02
-2.137525732949784735e-02
-2.803813578558143893e-02
-3.383972580320527418e-02
-3.897434737617305051e-02
-4.292310775414385354e-02
-4.579045515761925172e-02
-4.737862500266896981e-02
-4.789994529409728058e-02
-4.733281545216175279e-02
-4.544433272850539884e-02
-4.205761158141004680e-02
-3.698390583484839622e-02
-3.047516381280719264e-02
-2.238237379721380246e-02
-1.327920349777725155e-02
-3.398083257268253235e-03
6.175911967877509116e-03
1.492752227754552338e-02
2.213529082436954676e-02
2.735858767022788032e-02
3.018009011458441804e-02
3.044348066592552846e-02
2.853779503926949165e-02
2.484096037245914906e-02
2.008549853808786617e-02
1.453706375207840414e-02
9.059613612536954533e-03
3.812092872654731027e-03
-8.411499554018541129e-04
-5.213382396495945363e-03
-9.408423860258259552e-03
-1.353170815237812914e-02
-1.765234355648717321e-02
-2.169241723669039154e-02
-2.552329142430731848e-02
-2.851115799807029186e-02
-3.034673913484168400e-02
-3.048800794341192597e-02
-2.915759792785625054e-02
-2.616882068051113244e-02
-2.189099393533807530e-02
-1.659424086196227902e-02
-1.080577434996093239e-02
-4.929200087721642351e-03
8.652148544218661586e-04
6.263181694193193857e-03
1.109248016847124395e-02
1.497132595526923932e-02
1.807990635775625146e-02
2.024680537374682482e-02
2.176439507368852985e-02
2.249503523311918718e-02
2.276547035903133190e-02
2.271450515269003365e-02
2.243195881225209729e-02
2.186339230227759417e-02
2.089456373389720831e-02
1.965110254754342395e-02
1.808510124771247826e-02
1.638696057865685757e-02
1.441744727170745852e-02
1.257771883712745058e-02
1.081847348174835681e-02
9.327073864237710871e-03
7.904625053098520565e-03
6.568426529016408409e-03
5.369233588955443608e-03
4.308246385673114055e-03
3.403488973670913079e-03
2.571903389204763853e-03
1.995229271028844172e-03
1.505323044891901428e-03
1.155758719577237425e-03
5.411028888264773819e-04
-2.362588171872297366e-04
-1.308189488719801140e-03
-2.592596586908755499e-03
-4.145500177848481481e-03
-5.904815463987541854e-03
-7.722551360085904912e-03
-9.586526204317416880e-03
-1.147228394678419770e-02
-1.355104650309228373e-02
-1.557663648512647332e-02
-1.761297595273336389e-02
-1.938666615509053795e-02
-2.100559534314690169e-02
-2.224739712559616403e-02
-2.306018615861225515e-02
-2.340984517157220987e-02
-2.337804980694740617e-02
-2.301431141576912309e-02
-2.217160109705659105e-02
-2.081658003529616649e-02
-1.874883131597892064e-02
-1.608939164376671505e-02
-1.257014245293238720e-02
-8.337568546301398278e-03
-3.383919149541091305e-03
1.949819485633929759e-03
7.489298748786163418e-03
1.303340586410850141e-02
1.836303028008239024e-02
2.322004371629616398e-02
2.730359706545104972e-02
3.057966775540116311e-02
3.281593942661752139e-02
3.408801404467410451e-02
3.419988882508444294e-02
3.344173006856581559e-02
3.192081367204156750e-02
2.985668318973085100e-02
2.725951258222742216e-02
2.414459314508502624e-02
2.051172652026164722e-02
1.623274334999065885e-02
1.123668483662265336e-02
5.371694219236284283e-03
-1.032991543857873697e-03
-7.790852372254697573e-03
-1.431348381173674564e-02
-2.024869973839939219e-02
-2.495711992182466504e-02
-2.800906196692348055e-02
-2.913945018883979526e-02
-2.837897807797857413e-02
-2.595844247541236050e-02
-2.213142845432366015e-02
-1.741788742695042635e-02
-1.220192513517673501e-02
-7.075216009715556108e-03
-2.141647426846870778e-03
2.326956046212771273e-03
6.373150487174207394e-03
9.939926204802183862e-03
1.318206113320634712e-02
1.624780093653048485e-02
1.917825091008685048e-02
2.192432240202179389e-02
2.428536461585529757e-02
2.621652280881161048e-02
2.741548675137276195e-02
2.783751566394388616e-02
2.722110981497075088e-02
2.574189958762032257e-02
2.345976674249994343e-02
2.058160413224711938e-02
1.723829306136673983e-02
1.363380171777209618e-02
1.001741502142909461e-02
6.506965929551160842e-03
3.250230651201907288e-03
1.997094235180166993e-04
-2.446928508812246800e-03
-4.830018907489548076e-03
-6.909467696928275372e-03
-8.919792058042148516e-03
-1.084592313530620064e-02
-1.274292838002973223e-02
-1.460022592271860778e-02
-1.641682771123975995e-02
-1.812769232907889688e-02
-1.955320211864543592e-02
-2.067367143920927075e-02
-2.137271530847856607e-02
-2.179117378855524589e-02
-2.177724549336807619e-02
-2.145195158564068214e-02
-2.077787689682825817e-02
-1.988810474988658358e-02
-1.875902605534813042e-02
-1.739675402155239567e-02
-1.582663818283712442e-02
-1.408406268131357809e-02
-1.221822330503119676e-02
-1.008244895672041723e-02
-7.711802054508051091e-03
-4.948973578522759820e-03
-1.893199745989999081e-03
1.598558282502997481e-03
5.427885425441720396e-03
9.521884031618592717e-03
1.363102134642626452e-02
1.757424649164136474e-02
2.117388556604577615e-02
2.423613564455202526e-02
2.664432774840468435e-02
2.823490091856206002e-02
2.913388596781844170e-02
2.928029110424398840e-02
2.882198832944598416e-02
2.771653987041141493e-02
2.612727723996282128e-02
2.409985812782977979e-02
2.168743644738877277e-02
1.883396455513723297e-02
1.550308582632783233e-02
1.169714751568638744e-02
7.325154872234933973e-03
2.435963293487057330e-03
-3.008572292040963183e-03
-8.688086872805382901e-03
-1.437832723504356251e-02
-1.964222382200766365e-02
-2.416177384127812799e-02
-2.752319260022363656e-02
-2.948042806266395685e-02
-2.994724869541836448e-02
-2.904201045150007696e-02
-2.702735238422042038e-02
-2.411734891227867994e-02
-2.070152063682598881e-02
-1.697840060792531192e-02
-1.324504234318448111e-02
-9.488277185551445558e-03
-5.761472610035907327e-03
-1.993870378234812411e-03
1.820180282798332947e-03
5.760677895689238562e-03
9.851209527273314948e-03
1.400866922874475541e-02
1.808518568648559074e-02
2.178011354759326612e-02
2.492040573720871038e-02
2.714715128546749123e-02
2.829114378574186517e-02
2.814375099854387469e-02
2.679293804283462352e-02
2.438134412831313366e-02
2.117695820755226277e-02
1.744735798973350016e-02
1.349379396791278857e-02
9.602808961601616913e-03
5.883005298313198975e-03
2.437077219926105272e-03
-8.291562407379611966e-04
-3.861724730301096479e-03
-6.783409054287495299e-03
-9.612923592778257684e-03
-1.243569637441443478e-02
-1.519121348512406620e-02
-1.781896897773662530e-02
-2.022251116082311728e-02
-2.230382342641800200e-02
-2.395512393094780673e-02
-2.498464020407113392e-02
-2.536720122190630824e-02
-2.502296315051999107e-02
-2.406591085154418178e-02
-2.250821561339341401e-02
-2.051616112638574366e-02
-1.822825138479719845e-02
-1.582515734453485493e-02
-1.337809712450331590e-02
-1.091205715205931064e-02
-8.434597480700739905e-03
-5.891467885877898873e-03
-3.269445733119940353e-03
-4.236282005912755271e-04
2.619372983285407110e-03
5.894916747639973413e-03
9.291262509250454091e-03
1.277138470536005703e-02
1.619646033656101103e-02
1.941950559482023830e-02
2.223909274894680238e-02
2.450392356847969078e-02
2.612411299374229473e-02
2.698932333249551285e-02
2.712106387234385768e-02
2.651275141606808730e-02
2.535537331292064822e-02
2.373815445917243014e-02
2.180433845121086678e-02
1.959205466519161470e-02
1.716476222266707582e-02
1.450024929300103294e-02
1.153607336117069837e-02
8.187562689824751799e-03
4.387973809294810727e-03
1.956161760980371859e-04
-4.375459597548383116e-03
-9.151304666846701852e-03
-1.398733340048040515e-02
-1.856325437316646079e-02
-2.261870655041465020e-02
-2.587247218939618676e-02
-2.814035647708079679e-02
-2.927149642440916508e-02
-2.923628200671630345e-02
-2.815410858272118094e-02
-2.620803541390853350e-02
-2.367928707443925015e-02
-2.073140289358086155e-02
-1.759939070996521804e-02
-1.435794753128033854e-02
-1.107029063980392684e-02
-7.644755201510216973e-03
-4.008252480215899506e-03
-8.786813012756835445e-05
4.114801282573638495e-03
8.548713327682658236e-03
1.310318161197345649e-02
1.751869992931314943e-02
2.154423697977643840e-02
2.483484621194333511e-02
2.719481910209337744e-02
2.840192144158485907e-02
2.839331929519593387e-02
2.718334868295701340e-02
2.496283006332433371e-02
2.198208223025956490e-02
1.851712708239288893e-02
1.483426932289873788e-02
1.112968553587732543e-02
7.584820738792857550e-03
4.187259026395719411e-03
9.300617560103748927e-04
-2.314868097414251018e-03
-5.578879036417076949e-03
-8.928636363546710308e-03
-1.234394099519331260e-02
-1.576414437367933824e-02
-1.902358341516159970e-02
-2.192313748774191856e-02
-2.429036880223226294e-02
-2.594484391403402770e-02
-2.680353123128613457e-02
-2.675474783934166101e-02
-2.586819909415810290e-02
-2.421550989079406663e-02
-2.198234918644063549e-02
-1.931517396864970704e-02
-1.640710825623981767e-02
-1.341700475899199919e-02
-1.046418019934683419e-02
-7.585891683814616031e-03
-4.730248951094009370e-03
-1.867822306114251454e-03
1.107696503760049111e-03
4.216180679581327771e-03
7.530315698399448615e-03
1.097329960367141900e-02
1.445223261036226135e-02
1.778383211495530164e-02
2.081385702800388551e-02
2.336162235937732159e-02
2.527028299773799100e-02
2.643422566391834261e-02
2.679743155174970151e-02
2.642616766946893556e-02
2.535562926243722578e-02
2.373370716746879203e-02
2.166340718663377005e-02
1.932423539117739814e-02
1.680299873293505941e-02
1.416453996887931215e-02
1.139210972168787014e-02
8.459429151697386504e-03
5.304507094350001742e-03
1.841160643192527773e-03
-1.951253627345483086e-03
-6.071073523249082698e-03
-1.036153131599125247e-02
-1.468087673635770120e-02
-1.877429388893574885e-02
-2.241596830179131902e-02
-2.533487746346646183e-02
-2.736031450596150549e-02
-2.838869966667828537e-02
-2.842683691190287312e-02
-2.755057600365589526e-02
-2.588598825567837644e-02
-2.365072381450731426e-02
-2.101037090239075977e-02
-1.815455225810493067e-02
-1.513910342493018923e-02
-1.202893942868843609e-02
-8.787493889360594237e-03
-5.373367026365751149e-03
-1.689365790803121301e-03
2.302078007932604597e-03
6.578982753088550434e-03
1.103683329164577634e-02
1.547874319554608247e-02
1.968293710159621165e-02
2.332391632541071930e-02
2.614739232365464669e-02
2.791166321901348418e-02
2.854218687710865371e-02
2.802899999384302412e-02
2.649994053542560624e-02
2.414233335208641404e-02
2.121875396698831573e-02
1.797482654102128957e-02
1.459110464396740602e-02
1.120661551182864334e-02
7.853255720076793289e-03
4.557013961149909177e-03
1.227359119722864350e-03
-2.191214492376076031e-03
-5.772635674897217024e-03
-9.490731537299798917e-03
-1.329174923277750588e-02
-1.703234103661563359e-02
-2.052476881681253654e-02
-2.352951476708390818e-02
-2.580399858771171076e-02
-2.719531055398631547e-02
-2.759015318409773626e-02
-2.701453320645861092e-02
-2.553103125443411531e-02
-2.333481405963548638e-02
-2.062657210218386827e-02
-1.763257789862488975e-02
-1.450640816168533714e-02
-1.137227157837556075e-02
-8.285913057200954696e-03
-5.240413314505671695e-03
-2.191184664577496867e-03
9.561411920636258329e-04
4.229584257529499236e-03
7.665311069122937582e-03
1.120711595021053886e-02
1.478504901497692745e-02
1.822880158889724281e-02
2.135280438854778029e-02
2.394079105384161119e-02
2.583067812141034980e-02
2.690045310577024451e-02
2.708949947100779479e-02
2.643983654805788855e-02
2.504402039617235204e-02
2.308830429756708602e-02
2.072159079614547400e-02
1.811388021300015111e-02
1.536673371875892091e-02
1.256236015290439559e-02
9.692745555063223689e-03
6.718705371800200166e-03
3.567123440446220463e-03
1.845028599903118902e-04
-3.445285639230857670e-03
-7.318018332863948129e-03
-1.133236496514466313e-02
-1.535158559628664425e-02
-1.914531376744449051e-02
-2.250132184410173070e-02
-2.519008778678237526e-02
-2.704507655193079396e-02
-2.794317168858083400e-02
-2.787755942583850302e-02
-2.692959710142479868e-02
-2.524904396563264208e-02
-2.302769081603051396e-02
-2.043234202603165864e-02
-1.763770857409581450e-02
-1.472471425270305279e-02
-1.173454647975490962e-02
-8.617789923205360081e-03
-5.324653449150737808e-03
-1.784386817623575183e-03
2.031849488304544003e-03
6.121608247382259380e-03
1.040029843704200728e-02
1.469723471391737833e-02
1.879716880181906552e-02
2.243166233447958444e-02
2.536671584513785008e-02
2.737021458029892385e-02
2.831815119736416295e-02
2.817334583449534677e-02
2.703394265386675072e-02
2.506131249880926351e-02
2.247884656520103552e-02
1.951186085170882392e-02
1.635959401109308292e-02
1.316302701899908258e-02
9.958271068936645765e-03
6.741471655655134967e-03
3.440020491238826757e-03
-3.203706068091670051e-08
-3.645240414151171369e-03
-7.492394950166830943e-03
-1.148312970230708392e-02
-1.546424073242863399e-02
-1.924119889340645401e-02
-2.258300403858418126e-02
-2.525260424685176266e-02
-2.705566851725551419e-02
-2.784940899769168185e-02
-2.762139722104115999e-02
-2.643046353349692151e-02
-2.444072753422904185e-02
-2.184609056157778631e-02
-1.888100959940771512e-02
-1.574099923038725993e-02
-1.257244439121263380e-02
-9.434479572589374308e-03
-6.322830173286993899e-03
-3.194873114536722104e-03
3.220189545385397553e-05
3.412086786017772076e-03
6.983770101416383359e-03
1.069145381970671403e-02
1.443517585166471939e-02
1.804196245763304424e-02
2.132199208512074520e-02
2.405544194077897241e-02
2.605467488604247886e-02
2.718332870790772862e-02
2.738627427892350794e-02
2.670057059855283563e-02
2.521726488675245931e-02
2.311129762196184600e-02
2.056395308159407811e-02
1.777226118714133815e-02
1.486465438148903105e-02
1.192528542795648697e-02
8.962634273182902220e-03
5.947353595655706024e-03
2.804984317331552044e-03
-5.383812215140974236e-04
-4.116884331679951207e-03
-7.915563003855147564e-03
-1.183344105963662213e-02
-1.573388671270389491e-02
-1.940611234296919785e-02
-2.263385913949367972e-02
-2.519141224134812881e-02
-2.692029879858898189e-02
-2.772033936619377331e-02
-2.758410713304650097e-02
-2.657762635001466658e-02
-2.484109090756147359e-02
-2.256667564224168476e-02
-1.993333962476450533e-02
-1.710697408825802637e-02
-1.417695413660316657e-02
-1.119571035346491467e-02
-8.134566187328924267e-03
-4.936825838100366605e-03
-1.518129059702762055e-03
2.163801882346555114e-03
6.106916903547886244e-03
1.023587806286312650e-02
1.440381254931507281e-02
1.840757364689065562e-02
2.198806282744827229e-02
2.490991030203899836e-02
2.696160565570107984e-02
2.802635601560355891e-02
2.805841376438609341e-02
2.712569612972823632e-02
2.536919467832759317e-02
2.299629193403499722e-02
2.021456698761223830e-02
1.720697733133672372e-02
1.410991815104522921e-02
1.098316696416675765e-02
7.834003875146934928e-03
4.594994557914235458e-03
1.200165168390633467e-03
-2.416884265026738622e-03
-6.259450787742564491e-03
-1.028294059500722488e-02
-1.435405027734640987e-02
-1.827998372383696918e-02
-2.181506024175311823e-02
-2.471297863656483906e-02
-2.677042034617781174e-02
-2.783978100315695134e-02
-2.788076489179559803e-02
-2.693598472631392876e-02
-2.515804074387112399e-02
-2.273902147933618348e-02
-1.990098131887120189e-02
-1.683197064427890619e-02
-1.368625617000493802e-02
-1.054240414313410701e-02
-7.411972413503580513e-03
-4.250618111328594191e-03
-9.819241849026837804e-04
2.449456269959945053e-03
6.081358989411767176e-03
9.878132090951527097e-03
1.374929567023760145e-02
1.751838635388070983e-02
2.097649383775378185e-02
2.388987899044059393e-02
2.605966931789680321e-02
2.733123412113190598e-02
2.763421965925350055e-02
2.699638220162466073e-02
2.552480374491552031e-02
2.339874313352922550e-02
2.080572355287426886e-02
1.794216233605268676e-02
1.495306466581834519e-02
1.193669656998982455e-02
8.909135819851234095e-03
5.842453815144259439e-03
2.668684224533209894e-03
-6.756494471538790911e-04
-4.232641110413441939e-03
-7.998244672168846464e-03
-1.188977823518147688e-02
-1.576635180337072895e-02
-1.942075098586405063e-02
-2.263611166749668682e-02
-2.518873065525915542e-02
-2.690731073201159049e-02
-2.768155519153126659e-02
-2.750539750515217097e-02
-2.645341949578285806e-02
-2.467280509752797432e-02
-2.234919685836863831e-02
-1.966960882364532717e-02
-1.680329740007478062e-02
-1.385064229293929416e-02
-1.085793595670347077e-02
-7.800849813621654749e-03
-4.629809948642873811e-03
-1.270976229824266222e-03
2.322927338718001368e-03
6.162809010356956607e-03
1.018299414581633894e-02
1.424853944948132820e-02
1.816606216464071444e-02
2.169959297418978111e-02
2.461586546938086817e-02
2.670176647027003650e-02
2.782625444435799303e-02
2.794228689491396606e-02
2.711007904216407305e-02
2.546009831787782868e-02
2.318632137774721130e-02
2.049289010596396995e-02
1.756740820975587550e-02
1.454106885135382672e-02
1.147343240120140932e-02
8.368164173502149264e-03
5.172735627883628257e-03
1.822334614608751369e-03
-1.749577913251200130e-03
-5.557179591027341416e-03
-9.557973528296849833e-03
-1.362770261061195011e-02
-1.758712697220492574e-02
-2.120427548950452531e-02
-2.423543914747052289e-02
-2.646158783808844409e-02
-2.772528512857382749e-02
-2.796854795400479515e-02
-2.722276597177802557e-02
-2.561761332705553978e-02
-2.333842083372924051e-02
-2.060655175453791899e-02
-1.761883087055154951e-02
-1.452927473752630740e-02
-1.141750972079913842e-02
-8.301630859398749160e-03
-5.143016600984691086e-03
-1.869851337288864004e-03
1.582641524884705660e-03
5.250590799026413034e-03
9.101680717707642462e-03
1.304395150101402695e-02
1.691246554536336710e-02
2.049967203399435944e-02
2.356741296638949559e-02
2.590123590068130546e-02
2.733505614477068496e-02
2.778769821749763405e-02
2.726974570257302902e-02
2.587841641896693190e-02
2.378793774221554802e-02
2.120058991928641320e-02
1.832067560491503627e-02
1.530376256214911052e-02
1.225241333984684183e-02
9.195530646852781778e-03
6.108999444067872257e-03
2.923656535670979533e-03
-4.303957842850086564e-04
-3.997208004314871735e-03
-7.769340035082295155e-03
-1.167065560005665914e-02
-1.556445593890699343e-02
-1.925025983079698896e-02
-2.250448663363966220e-02
-2.510251694814953985e-02
-2.686874075679743928e-02
-2.769046955791572978e-02
-2.754817841275258861e-02
-2.650786795371941687e-02
-2.471632950849348212e-02
-2.236498034972481813e-02
-1.964913893846818166e-02
-1.674094218213314361e-02
-1.375332391573575591e-02
-1.074094966188739522e-02
-7.687161685673751799e-03
-4.536473879622359394e-03
-1.212932962734138620e-03
2.334175506870734152e-03
6.116050905488014042e-03
1.007598540878696866e-02
1.408894687227026793e-02
1.796643776557798819e-02
2.147747323784626738e-02
2.439203951381846772e-02
2.650534385921434963e-02
2.768208017763179596e-02
2.786650062128622624e-02
2.710475159907300979e-02
2.552219585931121693e-02
2.330578762456723615e-02
2.065577629427030326e-02
1.775853922204307517e-02
1.475264789187634255e-02
1.170931754641151880e-02
8.635249944343184603e-03
5.479019327286119116e-03
2.172508448835557774e-03
-1.349840880346848309e-03
-5.109468303436910837e-03
-9.072685965297410185e-03
-1.312640200445877071e-02
-1.709400107290254614e-02
-2.074732493155350896e-02
-2.384728219314735664e-02
-2.617655093392267165e-02
-2.757251442366603911e-02
-2.796232676035968062e-02
-2.736629620440737126e-02
-2.590177901964784216e-02
-2.374449627522053768e-02
-2.110477155933241852e-02
-1.817935254830661818e-02
-1.512879256373790386e-02
-1.204381808654378209e-02
-8.947994932134007914e-03
-5.805427583278642556e-03
-2.547754280241165074e-03
8.916726108646147887e-04
4.554586431351757489e-03
8.420704274905514361e-03
1.240324464206125042e-02
1.633918389359947931e-02
2.001894671614658228e-02
2.320471544919737450e-02
2.567591888871837910e-02
2.725569937429806605e-02
2.785011848772940904e-02
2.746027969959465714e-02
2.617778952772692458e-02
2.416786728649568047e-02
2.162922718233258393e-02
1.876779569614188403e-02
1.574991626037983844e-02
1.268681636662278601e-02
9.615067940527560059e-03
6.515793678284285267e-03
3.326012664247809687e-03
-2.426392578345465249e-05
-3.586751668641409169e-03
-7.362703892164355370e-03
-1.128294179830897567e-02
-1.521127167588819280e-02
-1.895003441756713813e-02
-2.227420297548011671e-02
-2.495431638510551067e-02
-2.680370754678440201e-02
-2.770206592270827578e-02
-2.762481410754353758e-02
-2.663447609442907982e-02
-2.487303343723549706e-02
-2.252921186088238659e-02
-1.980379281378896392e-02
-1.687505389478222498e-02
-1.386396735335322303e-02
-1.082975130724198737e-02
-7.764430326611631954e-03
-4.618487666428373536e-03
-1.317691349263337393e-03
2.195279409217296401e-03
5.939056821027625076e-03
9.863635203303503310e-03
1.385110373282135050e-02
1.771967134106500197e-02
2.124448167873397436e-02
2.419231989316128137e-02
2.635407563931644465e-02
2.758811969719659335e-02
2.783556454990859796e-02
2.713535342150197316e-02
2.560584506105455585e-02
2.342911001490068784e-02
2.080635390703604315e-02
1.792652977658524410e-02
1.492957290923865171e-02
1.189212713046930610e-02
8.826999978463487620e-03
5.691323420528494707e-03
2.417013413601596956e-03
-1.063858158953714548e-03
-4.779090390661168072e-03
-8.700546301172716948e-03
-1.272546385981753944e-02
-1.668760549348620795e-02
-2.036580283034158598e-02
-2.352115078104152768e-02
-2.593121285197808393e-02
-2.742914214580016025e-02
-2.793262255767888641e-02
-2.745219273245497887e-02
-2.609267777768146945e-02
-2.402467537514109408e-02
-2.145568541539241356e-02
-1.858288777075850842e-02
-1.556692173142549054e-02
-1.250343118040822196e-02
-9.423631323009874078e-03
-6.297275993031883901e-03
-3.058616647704962693e-03
3.618144209385181615e-04
4.006875542584636095e-03
7.863018634353130185e-03
1.185113044192637362e-02
1.581889415344460079e-02
1.956022967527647205e-02
2.283668364787758490e-02
2.542172182936778407e-02
2.713139442762281528e-02
2.786072839171274337e-02
2.759678121232456496e-02
2.642157160381782693e-02
2.449440574760430173e-02
2.201527814684035855e-02
1.918990417323163458e-02
1.618927231139373826e-02
1.313027583441586134e-02
1.005863898875940070e-02
6.959783621687210160e-03
3.772835715452635928e-03
4.273741124345000288e-04
-3.129565232785974475e-03
-6.902943701682111646e-03
-1.083257286756743147e-02
-1.478853166681589996e-02
-1.857781361916942264e-02
-2.197330001170200164e-02
-2.474359795178928539e-02
-2.669463891969100361e-02
-2.769661981947092039e-02
-2.771190487881715347e-02
-2.679507481335644328e-02
-2.508473820650050992e-02
-2.276965172354922240e-02
-2.005349333556384617e-02
-1.711881332026434638e-02
-1.409612702207478467e-02
-1.105138033096101854e-02
-7.982295432778653554e-03
-4.839891533437786809e-03
-1.551838943824554364e-03
1.941024414738927190e-03
5.660987606937853411e-03
9.566303204996998502e-03
1.354604332417752403e-02
1.742290333564976146e-02
2.097573895635021848e-02
2.397190206744215235e-02
2.620079588319791999e-02
2.751183604262008239e-02
2.783697868805400447e-02
2.720570034933778025e-02
2.573194509170892430e-02
2.359335447527610014e-02
2.099129896612379753e-02
1.811824941310299919e-02
1.512170948599235627e-02
1.208566194308217587e-02
9.026650722034608096e-03
5.905347210075653948e-03
2.654485369928761933e-03
-7.938502966906827883e-04
-4.473523036009153207e-03
-8.362933635110829725e-03
-1.236726950949454222e-02
-1.632533173594099760e-02
-2.002239867065510465e-02
-2.322319870528800206e-02
-2.570446941117219761e-02
-2.729308656479007347e-02
-2.789667329486751612e-02
-2.751691079063320680e-02
-2.624863964767346416e-02
-2.425527578830553518e-02
-2.173948905048329189e-02
-1.890126141864871545e-02
-1.590632875154596171e-02
-1.285742869303244107e-02
-9.790410357892243010e-03
-6.679731352555843410e-03
-3.462489669924960576e-03
-6.780266365515104257e-05
3.551912130847426595e-03
7.390586330422428338e-03
1.137461085155250934e-02
1.535799522649831418e-02
1.913924250702962390e-02
2.248350023366822020e-02
2.516119902083459661e-02
2.698193912560951924e-02
2.783099099311749786e-02
2.768558190735130944e-02
2.661736259624988138e-02
2.477615067397411983e-02
2.235806714299227657e-02
1.957004486706010599e-02
1.658918835376470280e-02
1.353835472769834153e-02
1.047053153677415631e-02
7.376779340618282686e-03
4.200651491645678720e-03
8.703404691779862215e-04
-2.671683577396915654e-03
-6.436477446573216250e-03
-1.036969911091461909e-02
-1.434659946006410468e-02
-1.817930453126931009e-02
-2.164169461210806514e-02
-2.449953275007946130e-02
-2.655155356793678645e-02
-2.766047463504510417e-02
-2.777917474993222072e-02
-2.695311538001943230e-02
-2.531261693503959048e-02
-2.304330932531174422e-02
-2.035084639025819611e-02
-1.742247896836516402e-02
-1.439555655910388157e-02
-1.134323763645754893e-02
-8.271145919787399603e-03
-5.134499616641030606e-03
-1.861227673911233262e-03
1.612105490565301884e-03
5.312681579680861993e-03
9.205218756004239500e-03
1.318536889431979470e-02
1.708169088727696031e-02
2.067561991883255443e-02
2.373244505811125671e-02
2.603752129832950096e-02
2.743394733740687000e-02
2.784622193714532054e-02
2.729438900237461316e-02
2.588509898153811689e-02
2.379183516265068535e-02
2.121639143474192066e-02
1.835374669155383220e-02
1.535654169375621353e-02
1.231627915660437819e-02
9.257013448886687937e-03
6.144867638136460378e-03
2.913206062602829820e-03
-5.077778654256797416e-04
-4.156689860737984230e-03
-8.018264649304034791e-03
-1.200632801550993028e-02
-1.596677714681759425e-02
-1.968924292344839677e-02
-2.293877568543526216e-02
-2.548982419118521470e-02
-2.716457316073396175e-02
-2.786232724801653016e-02
-2.757534820027258277e-02
-2.638945091503428278e-02
-2.446277447090449558e-02
-2.199506664485230065e-02
-1.918676909005700634e-02
-1.620684338721516474e-02
-1.316498006963032728e-02
-1.010432382542962235e-02
-7.004762989991666217e-03
-3.805838165238827151e-03
-4.358889527322838513e-04
3.155655812856626025e-03
6.969684648802277824e-03
1.094084732135822483e-02
1.493125168809399973e-02
1.874379179554565289e-02
2.214529638350064278e-02
2.490417155911377189e-02
2.682486172309456185e-02
2.778349070042121158e-02
2.774657705329974799e-02
2.677668748613079575e-02
2.501670743951926040e-02
2.265933052932034633e-02
1.991040427766805135e-02
1.695068914667098234e-02
1.390923020527658378e-02
1.084656698438961342e-02
7.759063384559660229e-03
4.593939519187111714e-03
1.280155234184341458e-03
-2.242116638225149974e-03
-5.989808337327715351e-03
-9.916849778660592751e-03
-1.390537939975946581e-02
-1.777269363899473126e-02
-2.129419141939790927e-02
-2.423455515608250593e-02
-2.638647674068985566e-02
-2.760366912941883064e-02
-2.782819947255019133e-02
-2.709676647512128736e-02
-2.553297691188130200e-02
-2.331861068158324821e-02
-2.065923839002700713e-02
-1.774562096399210850e-02
-1.472209626911445864e-02
-1.166842335051712469e-02
-8.596447494944821355e-03
-5.465223004263874799e-03
-2.204959522717912616e-03
1.249744344389625873e-03
4.930998439603759449e-03
8.810999018132592564e-03
1.279226061576503246e-02
1.670886082914474491e-02
2.034587519432227293e-02
2.346836869298293132e-02
2.585764966993846573e-02
2.734828703517658971e-02
2.785565921218520827e-02
2.739065659396171248e-02
2.605314458570621647e-02
2.401164639505944803e-02
2.146756679380680891e-02
1.861908975232856936e-02
1.562493822989777757e-02
1.258320793523171749e-02
9.523713747781626174e-03
6.417752206992390768e-03
3.200930819404700176e-03
-1.972502824974432952e-04
-3.820294109358083907e-03
-7.659082209754510852e-03
-1.163479174221897575e-02
-1.559966002685506288e-02
-1.934895332755561317e-02
-2.264952591498801959e-02
-2.527337492609159006e-02
-2.703632559881427935e-02
-2.782894276391442712e-02
-2.763453327106413920e-02
-2.652987102316418239e-02
-2.466698454835243234e-02
-2.224293531847013408e-02
-1.946045343228210503e-02
-1.649288722567280457e-02
-1.345621413743654585e-02
-1.039954453168647625e-02
-7.308448832397763939e-03
-4.125544858521213408e-03
-7.786011080644857129e-04
2.786512180892917936e-03
6.576704885653107333e-03
1.053320984278910064e-02
1.452565684138521461e-02
1.836272216537106899e-02
2.181450115789200159e-02
2.464755766264132078e-02
2.666131658928066681e-02
2.772353214018097312e-02
2.779103611463734635e-02
2.691627008067186064e-02
2.523410622749730145e-02
2.293363438678230892e-02
2.022106495611432353e-02
1.728119306265852098e-02
1.424854213671616909e-02
1.119071779038865143e-02
8.110010173705760675e-03
4.957626012683446874e-03
1.662397000434215734e-03
-1.838233699285368858e-03
-5.566366358001004384e-03
-9.482469972524040780e-03
-1.347580117392428029e-02
-1.736981489621075569e-02
-2.094262251755637724e-02
-2.395807181879067160e-02
-2.620397349511392054e-02
-2.752666279146450540e-02
-2.785801715537084347e-02
-2.722463713903052612e-02
-2.574158110023226989e-02
-2.358644527817582021e-02
-2.096451941153999743e-02
-1.806975789150606221e-02
-1.505244284715155992e-02
-1.199952985692185128e-02
-8.929859687967811252e-03
-5.806609608092481653e-03
-2.561145661156520939e-03
8.742087562602700269e-04
4.535781186295818196e-03
8.402425902849642095e-03
1.238367257597005819e-02
1.631984114937130165e-02
1.999921526954373183e-02
2.318671630266760236e-02
2.566029469438097649e-02
2.724775854882053108e-02
2.785536652386907605e-02
2.748385302314292761e-02
2.622495199053965012e-02
2.424201360416702866e-02
2.173538369019816299e-02
1.890533274748098028e-02
1.591621305328452807e-02
1.287343964897103184e-02
9.813978606930883267e-03
6.714124245513681567e-03
3.511332835141284942e-03
1.341837511121523599e-04
-3.464850348099248432e-03
-7.282880199660638973e-03
-1.124874143955357543e-02
-1.522108961861715938e-02
-1.899964524513617428e-02
-2.235249677919655398e-02
-2.504985502526049096e-02
-2.690207136130933971e-02
-2.779119632692680225e-02
-2.769092116553974539e-02
-2.666923827528078564e-02
-2.487208534004274607e-02
-2.249346186444928578e-02
-1.973699360851246046e-02
-1.678035303333476683e-02
-1.374654484636429579e-02
-1.069163784049776203e-02
-7.606865696723910317e-03
-4.437855830646623631e-03
-1.112447469600182440e-03
2.426687473611311048e-03
6.192663430767490415e-03
1.013417141178371388e-02
1.412798629856869444e-02
1.798793345373058544e-02
2.148681810264030032e-02
2.439029726043681970e-02
2.649321712160686293e-02
2.765517635110106148e-02
2.782345224732613032e-02
2.704122937866749316e-02
2.543590967866782293e-02
2.319215705545435782e-02
2.051553475875657340e-02
1.759436005928007377e-02
1.456924711326542006e-02
1.151487343425227315e-02
8.439487769514433801e-03
5.298571349293082489e-03
2.021972323673619076e-03
-1.455200356418354275e-03
-5.160653835586273205e-03
-9.062121682982019269e-03
-1.305596910776274204e-02
-1.697153939388717017e-02
-2.059021304810574812e-02
-2.367568249814542072e-02
-2.601136101632138542e-02
-2.743595515565593404e-02
-2.787176548885460237e-02
-2.733595881199502378e-02
-2.593539020253425934e-02
-2.384241267218605714e-02
-2.126105169599961861e-02
-1.838799057196162726e-02
-1.537922758028872385e-02
-1.232846300876632752e-02
-9.261189562231661801e-03
-6.145493056708714250e-03
-2.914927724977373590e-03
4.998495461803714561e-04
4.139841495975895777e-03
7.990726762184504825e-03
1.196911021996800543e-02
1.592166673137180438e-02
1.964081557480196888e-02
2.289195750251931880e-02
2.544954750221466167e-02
2.713430987415802950e-02
2.784362104009752495e-02
2.756858000085013471e-02
2.639253435411055906e-02
2.447292536844182867e-02
2.200835288174519261e-02
1.920110510450222241e-02
1.622060494794122509e-02
1.317884452864875530e-02
1.011960022623473524e-02
7.024867615397180874e-03
3.834886556830298041e-03
4.776870501367630906e-04
-3.098265028095244233e-03
-6.896077046803244896e-03
-1.085188270186640720e-02
-1.483116507386560493e-02
-1.863888393492957665e-02
-2.204477438309495815e-02
-2.481684959620920894e-02
-2.675967309254233262e-02
-2.774697314084263386e-02
-2.774298856565380125e-02
-2.680661572917985430e-02
-2.507726686286687948e-02
-2.274594745329888354e-02
-2.001737814823246336e-02
-1.707319995199443191e-02
-1.404268809033444240e-02
-1.098873918911591648e-02
-7.908705068428431573e-03
-4.751747082311818561e-03
-1.445956169806424541e-03
2.068880022685348763e-03
5.811424156724596772e-03
9.737378313641719893e-03
1.373103195348399606e-02
1.761205686722344677e-02
2.115629333325081546e-02
2.412840636133897765e-02
2.631878646236694708e-02
2.757928646773219472e-02
2.784765841506304726e-02
2.715741517344600481e-02
2.562828467861066883e-02
2.344083769658352606e-02
2.080021490326241715e-02
1.789788008296502517e-02
1.488004185190586019e-02
1.182841082830931971e-02
8.757534738158070237e-03
5.627189404790158313e-03
2.368273138740018338e-03
-1.085984100148405752e-03
-4.768131720953497528e-03
-8.652728539748345132e-03
-1.264362787053173454e-02
-1.657657698748605038e-02
-2.023660035760348197e-02
-2.338764910554497894e-02
-2.580941934398520848e-02
-2.733363583517951778e-02
-2.787294197806229265e-02
-2.743461033692706080e-02
-2.611698868353858408e-02
-2.408729441409397654e-02
-2.154802306942376830e-02
-1.869813573029334430e-02
-1.569896846255519618e-02
-1.265110843808751190e-02
-9.586823685605318571e-03
-6.478936697294977211e-03
-3.263141713793999820e-03
1.310872687062114702e-04
3.748742145188345507e-03
7.582040830447219631e-03
1.155488321711578385e-02
1.552058510809604767e-02
1.927583874397259533e-02
2.258715653625148825e-02
2.522635783238040552e-02
2.700778456021796226e-02
2.781973955231378109e-02
2.764328035059231831e-02
2.655302464869746873e-02
2.470023750995134146e-02
2.228117920952624176e-02
1.949952774087421528e-02
1.652964894907260965e-02
1.349029251187456452e-02
1.043220712321623993e-02
7.342793146737474838e-03
4.165202103887383732e-03
8.273069174412931662e-04
-2.725897254366959482e-03
-6.503462571346095220e-03
-1.044880449672919848e-02
-1.443414781811827585e-02
-1.826959633791371343e-02
-2.172698285545820313e-02
-2.457289943671492685e-02
-2.660654606844326669e-02
-2.769329926166842759e-02
-2.778771676799985865e-02
-2.693950286594742546e-02
-2.528114016594205579e-02
-2.300001628141732854e-02
-2.030134485423614257e-02
-1.737077672411954307e-02
-1.434407871853581561e-02
-1.129105350186270819e-02
-8.215115833847395910e-03
-5.069136253444057535e-03
-1.781944761684872225e-03
1.709364797768574184e-03
5.428933009920491881e-03
9.339481934432895816e-03
1.333242327376829225e-02
1.723320417472831018e-02
2.082096966135539920e-02
2.385999485085330343e-02
2.613649189824253719e-02
2.749473647288250278e-02
2.786314669156737117e-02
2.726568116942727424e-02
2.581417692787512166e-02
2.368438106188527556e-02
2.108061745612688220e-02
1.819742543546755062e-02
1.518675417800558446e-02
1.213723617825802382e-02
9.069838229784899647e-03
5.948991944734418127e-03
2.707140038436358937e-03
-7.242987423352444457e-04
-4.382744428068904158e-03
-8.249447021555181281e-03
-1.223551671550777292e-02
-1.618309245536006871e-02
-1.988127099788908336e-02
-2.309462992190076600e-02
-2.559953533292547156e-02
-2.722096480943039798e-02
-2.786248332271017147e-02
-2.752164190387474535e-02
-2.628806329577770828e-02
-2.432315631397077155e-02
-2.182748516025030325e-02
-1.900202868089286359e-02
-1.601319900717788208e-02
-1.296831289595196286e-02
-9.906482182691588728e-03
-6.805837190981052498e-03
-3.604570675889032325e-03
-2.311957570122299857e-04
3.363321157009266978e-03
7.177515926860242833e-03
1.114250066059132953e-02
1.511840558349131398e-02
1.890665021770350854e-02
2.227517688831075204e-02
2.499340765765306963e-02
2.686968347916874819e-02
2.778372915194332257e-02
2.770678458187950804e-02
2.670437260127912424e-02
2.492113192268219021e-02
2.255049916135647148e-02
1.979715672035727014e-02
1.683987419178468656e-02
1.380387113478701543e-02
1.074695677650958602e-02
7.662450540325122655e-03
4.496811754726260518e-03
1.177919262096073071e-03
