7.289686274214116080e-02
7.262726449239850779e-02
7.084014999089933984e-02
6.775050151950785804e-02
6.236521752156530540e-02
5.458130637902142146e-02
4.277961528150386883e-02
2.562648098611499531e-02
4.042109298408355211e-04
-3.446093909829034407e-02
-8.020987945611160463e-02
-1.360209223145999458e-01
-1.975786110955319030e-01
-2.564473478334746148e-01
-3.011590150103731767e-01
-3.240045728996654439e-01
-3.249270816577801146e-01
-3.125775041335305815e-01
-2.966985754490666927e-01
-2.859414805619675537e-01
-2.835971486330796099e-01
-2.898468326582602228e-01
-3.004160908228124538e-01
-3.085521942385616168e-01
-3.062535476477802332e-01
-2.896058461508125292e-01
-2.668651012995973959e-01
-2.639747931260343350e-01
-3.106448942842757188e-01
-4.091216539881818437e-01
-5.323020756933224407e-01
-6.468661024808819437e-01
-7.318426345571005243e-01
-7.775048532894810460e-01
-7.830158018814611376e-01
-7.551119051301630192e-01
-7.036842500383259091e-01
-6.388023168160128495e-01
-5.647939783661408697e-01
-4.809580909846722929e-01
-3.846146974332624868e-01
-2.833489486015993708e-01
-1.998755202466014069e-01
-1.589361279429613583e-01
-1.629048891262730170e-01
-1.920015593420655309e-01
-2.241596084281078372e-01
-2.445415734871047853e-01
-2.475799805387061403e-01
-2.321234038846371195e-01
-2.029687827645559883e-01
-1.681255211802805682e-01
-1.382236405562962400e-01
-1.225476693913277459e-01
-1.285662243901564972e-01
-1.573150482083892077e-01
-2.021257247114825462e-01
-2.488478873593693019e-01
-2.802216431483464110e-01
-2.848476602106367328e-01
-2.638830751072634428e-01
-2.307380152923162175e-01
-2.011328923363438492e-01
-1.871351666159277727e-01
-1.917389566298794146e-01
-2.117218883626887649e-01
-2.388710943693557187e-01
-2.648463144295725158e-01
-2.821154996325217490e-01
-2.866771109427339592e-01
-2.774535787824672917e-01
-2.568548616501056814e-01
-2.319647681157915309e-01
-2.168813546741807929e-01
-2.295425918252998743e-01
-2.783786136934549016e-01
-3.541977032727638974e-01
-4.376150032440759841e-01
-5.159529205992875456e-01
-5.840204702323406050e-01
-6.395215269175543726e-01
-6.787575249984887371e-01
-6.959498125689267400e-01
-6.859819780496319019e-01
-6.459348216553888467e-01
-5.778323563619447434e-01
-4.877239984242981441e-01
-3.878931846378139148e-01
-2.960776558164635586e-01
-2.329223350202319909e-01
-2.079890513177875544e-01
-2.121910435337583112e-01
-2.266162740526489194e-01
-2.365610288230799441e-01
-2.373010637743434292e-01
-2.288203942566091609e-01
-2.135841127508695536e-01
-1.931167690305915785e-01
-1.693281920515389560e-01
-1.434322709925787420e-01
-1.176944347616965952e-01
-9.388508896074830579e-02
-7.474790045718281151e-02
-6.275100675737688150e-02
-6.057079239994909992e-02
-7.000718850180687181e-02
-9.177637228056739760e-02
-1.249521047537995450e-01
-1.669666738613476142e-01
-2.135285284593610167e-01
-2.582162953727659693e-01
-2.948161657390144241e-01
-3.186081196123942139e-01
-3.300382482156413166e-01
-3.329569384474466709e-01
-3.334056749992547197e-01
-3.359124423324802433e-01
-3.432894228645394508e-01
-3.552228546189472036e-01
-3.693287053954700805e-01
-3.807216970924727772e-01
-3.834572918389004270e-01
-3.734279589143505440e-01
-3.542237225467598227e-01
-3.448330591282492419e-01
-3.730536846802490758e-01
-4.503815159178044536e-01
-5.567697391952202146e-01
-6.609806130465428753e-01
-7.408765148647260546e-01
-7.859600386957461549e-01
-7.934544589267870096e-01
-7.662514165041612868e-01
-7.123019909280894346e-01
-6.404064306475748536e-01
-5.575094778009261898e-01
-4.651161355117400253e-01
-3.628590301571149035e-01
-2.547271235787408883e-01
-1.579540952375409202e-01
-9.824901211081195351e-02
-8.793765062444264258e-02
-1.147161732990406163e-01
-1.549113292026245148e-01
-1.908858286453314901e-01
-2.138981246754731447e-01
-2.221782351798248512e-01
-2.173611196580721161e-01
-2.050338643267642091e-01
-1.928077295296675986e-01
-1.892945391703122482e-01
-2.011639941265231657e-01
-2.304194018498656460e-01
-2.710720258409741179e-01
-3.098190774136377890e-01
-3.317051585077139264e-01
-3.278253665162243480e-01
-3.016386084698365888e-01
-2.657717340633083958e-01
-2.353820946378786527e-01
-2.210275473555771142e-01
-2.270238841504595984e-01
-2.501936909402247000e-01
-2.823979541543920613e-01
-3.121332831523744300e-01
-3.271412357820172034e-01
-3.169136373143199847e-01
-2.794282168830972690e-01
-2.299345409739553536e-01
-2.045920626784478169e-01
-2.412744815070122228e-01
-3.405604529376112799e-01
-4.633483926428896837e-01
-5.680527386448108729e-01
-6.357529481808288363e-01
-6.674151351747119598e-01
-6.731894174786204887e-01
-6.639836491572452815e-01
-6.465020161132698506e-01
-6.210419204894023215e-01
-5.811613312346100013e-01
-5.175709428838445314e-01
-4.241667351799670582e-01
-3.105071666217298909e-01
-2.079494148033738665e-01
-1.543372567477494794e-01
-1.603537675672536689e-01
-2.008797971936288340e-01
-2.421208990486753698e-01
-2.628607567103598552e-01
-2.570737597197738644e-01
-2.284353448670223830e-01
-1.863615455131200083e-01
-1.414293720584123559e-01
-1.037111951632345153e-01
-8.024309502597407051e-02
-7.437594658342441822e-02
-8.484096848498261234e-02
-1.073201634862450959e-01
-1.357507122901773500e-01
-1.641496004795169883e-01
-1.885544955445724036e-01
-2.087230449759841233e-01
-2.272752978534106350e-01
-2.467134412381970510e-01
-2.674885205444710312e-01
-2.866560139468077861e-01
-3.006287963059505186e-01
-3.068222739868069482e-01
-3.056133010016035545e-01
-3.002947098390377767e-01
-2.963768513279572137e-01
-2.986656601928943111e-01
-3.098957301487094695e-01
-3.289057197513328146e-01
-3.499813697073231866e-01
-3.641223548094586482e-01
-3.635700528991085423e-01
-3.524035146025889520e-01
-3.551365699264912301e-01
-4.016032515539880721e-01
-4.946841530258766495e-01
-6.072563842494385078e-01
-7.059118315310588532e-01
-7.669729631425694638e-01
-7.791171821558069421e-01
-7.446450148964441906e-01
-6.775638742545373461e-01
-5.954056376012005769e-01
-5.124362336319665534e-01
-4.337513841522976921e-01
-3.555631169972846561e-01
-2.713629584733677769e-01
-1.838803726140198769e-01
-1.118460715229188523e-01
-7.663033731013274563e-02
-8.222431585707629109e-02
-1.140314220658473487e-01
-1.522564789305687338e-01
-1.815648153348392857e-01
-1.932143205363622551e-01
-1.833775626837381434e-01
-1.549247049982292179e-01
-1.170744070016304927e-01
-8.269281513441781306e-02
-6.463207334851335528e-02
-7.316593644014465769e-02
-1.100094923840436861e-01
-1.635326998868520121e-01
-2.114808310877052677e-01
-2.294879475561351079e-01
-2.058788394516097298e-01
-1.508862972750707743e-01
-8.854533053064223003e-02
-4.133983285027509336e-02
-2.181104757908420774e-02
-2.906364778396245546e-02
-5.369004053735861731e-02
-8.379270021306019223e-02
-1.090325627128024971e-01
-1.238067304535782759e-01
-1.292868833031678988e-01
-1.316036629235198263e-01
-1.384362645072678144e-01
-1.567513322498498562e-01
-1.900367498754913509e-01
-2.359233092589423930e-01
-2.851499655293445179e-01
-3.239609680689733984e-01
-3.369190222954409064e-01
-3.150569349322956403e-01
-2.684447665030142982e-01
-2.325424133283562622e-01
-2.492871140027117516e-01
-3.296453440133958468e-01
-4.410282018195740283e-01
-5.386330470244901081e-01
-5.944800203953788387e-01
-6.036885872279661447e-01
-5.788074841019965611e-01
-5.378125432550771023e-01
-4.959454237673963095e-01
-4.597940299258314600e-01
-4.249905505764043356e-01
-3.789131777664792033e-01
-3.087296733511638025e-01
-2.140817084102074330e-01
-1.175030008413612409e-01
-5.372710540498982362e-02
-4.174209486996684204e-02
-7.055822893719361499e-02
-1.115534376958753487e-01
-1.395149261042972766e-01
-1.397468654014534517e-01
-1.085701421417023249e-01
-5.233494277139533191e-02
1.670033145703713959e-02
8.545228018264458547e-02
1.423964592551178465e-01
1.792866794929365015e-01
1.940595653290676792e-01
1.905743306894978339e-01
1.768103805171318266e-01
1.637003902938257704e-01
1.633697880670946512e-01
1.828512272559507656e-01
2.202465485114070698e-01
2.658255182376375592e-01
3.114945768677489513e-01
3.582298188498298508e-01
4.114247211764766599e-01
4.731210506910868419e-01
5.369533510903898854e-01
5.894615706406542976e-01
6.150432665685469091e-01
6.023059717475649499e-01
5.495324473867483350e-01
4.664528337098295396e-01
3.703355151803484069e-01
2.831885705408710985e-01
2.248363499090915985e-01
2.006854344173482629e-01
1.977963641010257456e-01
1.966861654160664274e-01
1.875093571717363072e-01
1.713117970915496169e-01
1.527860982540011070e-01
1.351548146232649239e-01
1.186025524052503333e-01
1.000878413137333972e-01
7.493834173961005929e-02
3.815595660426464308e-02
-1.340778224476911647e-02
-7.896239470659703608e-02
-1.543545446729062687e-01
-2.336700329806682408e-01
-3.105374131998676623e-01
-3.789988064133164025e-01
-4.348286114735170349e-01
-4.763011841987666029e-01
-5.049198374040468895e-01
-5.239016042447657284e-01
-5.372193134424813055e-01
-5.484475546204455876e-01
-5.605237257911008797e-01
-5.762961988679583536e-01
-5.985488236739562318e-01
-6.271741724569829257e-01
-6.567047228303619644e-01
-6.775316476176924674e-01
-6.793391122375863622e-01
-6.546540409753671685e-01
-6.007505683220285553e-01
-5.210173876967301165e-01
-4.227604209657870871e-01
-3.137363880737061850e-01
-2.003453890811865701e-01
-8.750148957314550502e-02
1.984330619496382786e-02
1.148714846430095443e-01
1.882230014379138450e-01
2.319094867618810840e-01
2.457853430638556602e-01
2.389460643092449488e-01
2.224891277198655926e-01
2.037783975557143079e-01
1.854558503680011072e-01
1.673068858393269853e-01
1.486709439993631754e-01
1.303683414719734035e-01
1.169273842478885939e-01
1.188508808248528309e-01
1.510503015787481029e-01
2.220905345176586165e-01
3.250097481842055824e-01
4.433729004461176015e-01
5.631126483441672992e-01
6.736048413905412202e-01
7.633884364162162317e-01
8.196310857044131204e-01
8.327952947677891293e-01
8.026419887466218483e-01
7.375870775670286816e-01
6.495747334741639456e-01
5.510899168698605299e-01
4.557834503105891999e-01
3.773499714440676223e-01
3.244829072934249936e-01
2.963080515031926154e-01
2.848631398237616019e-01
2.805537750864158797e-01
2.756126072109335023e-01
2.658153027853120687e-01
2.494864592324673169e-01
2.265344751941226198e-01
1.977701642134542248e-01
1.652617761595016888e-01
1.333562669672357925e-01
1.087470036822462682e-01
9.821298309962972484e-02
1.056705046537913389e-01
1.291400731406870950e-01
1.593193428621119123e-01
1.822720038373260021e-01
1.845912606432112968e-01
1.610220326265640600e-01
1.187530546280214927e-01
7.304859035102410914e-02
3.842384695361461544e-02
2.295828381204020191e-02
2.712595005854692362e-02
4.687063763249355031e-02
7.655159367464504927e-02
1.105842070688310280e-01
1.452791456914000190e-01
1.800991091942463762e-01
2.178954036489594293e-01
2.632989349762794862e-01
3.200837452901725277e-01
3.890163539722656938e-01
4.674678374599833264e-01
5.489881961253313403e-01
6.237868607728738191e-01
6.792500763524690344e-01
7.026867573888737617e-01
6.880150056479356069e-01
6.461751702680941234e-01
6.109851065551017424e-01
6.187174444760422665e-01
6.667858162192152882e-01
7.158804008240399197e-01
7.333119971048600583e-01
7.120562751579888605e-01
6.614319390245784192e-01
5.942422914690812519e-01
5.206322631885927921e-01
4.465287596460113528e-01
3.739853699356859296e-01
3.025483642071513102e-01
2.293975733223382052e-01
1.499664664701955974e-01
5.954639248706120741e-02
-4.445665874337158263e-02
-1.602586759628598090e-01
-2.789992441773077592e-01
-3.846694472326272485e-01
-4.587119417753147688e-01
-4.910936562896329738e-01
-4.883683895052510771e-01
-4.678747745414835735e-01
-4.449811209636175269e-01
-4.256466775482797282e-01
-4.068346441666907398e-01
-3.813993142938514325e-01
-3.463023508356992686e-01
-3.144627800883948443e-01
-3.202393309194263571e-01
-3.924513057669984928e-01
-5.190308400021912405e-01
-6.606464289388709332e-01
-7.848174748586994598e-01
-8.734446710177776740e-01
-9.155397744825658490e-01
-9.068431886513915741e-01
-8.531412202983447157e-01
-7.686194557687411333e-01
-6.683342592055762088e-01
-5.602769490906487349e-01
-4.437095221661487843e-01
-3.169720454857875569e-01
-1.919367123447518197e-01
-1.014028058637163887e-01
-7.509287496014369068e-02
-1.074632078309259164e-01
-1.684345366626434359e-01
-2.319010489225678817e-01
-2.856296539459854400e-01
-3.262182236280616321e-01
-3.537211138417952760e-01
-3.707166207735216323e-01
-3.815972725807053600e-01
-3.898957100860414027e-01
-3.962651512566691125e-01
-3.981701747059701590e-01
-3.910469771221855018e-01
-3.714208302817225693e-01
-3.381311340057217008e-01
-2.935630861350370657e-01
-2.437130869954210188e-01
-1.955070957584346403e-01
-1.542002491025522837e-01
-1.225900136500366611e-01
-9.998848878425029008e-02
-8.213980461245035114e-02
-6.410372709350267706e-02
-4.550018175154546540e-02
-3.621564359182913306e-02
-5.416854347052911522e-02
-1.105820449535145078e-01
-2.003056372514860073e-01
-3.063829669011454704e-01
-4.095749672489816806e-01
-4.938179528067296875e-01
-5.471112736143657340e-01
-5.644491678027069304e-01
-5.509121760365767173e-01
-5.187327116946398586e-01
-4.816035084249548071e-01
-4.501806617178506498e-01
-4.274427637270458158e-01
-4.066617053850022367e-01
-3.776977149492982688e-01
-3.400822180144974505e-01
-3.106842912697759806e-01
-3.081490291647984714e-01
-3.343782166849799120e-01
-3.750444992948482881e-01
-4.110395690084273079e-01
-4.267444347401878613e-01
-4.124000350892523814e-01
-3.664274275055586227e-01
-2.961464662280650639e-01
-2.137193378622171125e-01
-1.306797230397592491e-01
-5.564315056481761168e-02
8.107929929798252111e-03
6.417868253422671920e-02
1.192955935220023911e-01
1.774731154552297019e-01
2.350843597333284463e-01
2.806851935404980902e-01
3.043843143602513734e-01
3.042718375209637061e-01
2.858848253231004444e-01
2.596673425144198077e-01
2.357096291933295784e-01
2.212858003279159214e-01
2.211633819891626884e-01
2.350197782815926506e-01
2.555193700366221177e-01
2.730313293241378170e-01
2.839818412955891214e-01
3.019056086020187046e-01
3.520412471511455976e-01
4.452095049091337464e-01
5.676732895334195561e-01
6.904996417295635736e-01
7.839145889436164305e-01
8.249696883584667351e-01
8.054955302194362066e-01
7.376357752307173277e-01
6.445370638482240677e-01
5.483954848317637021e-01
4.640967353954312258e-01
3.934740662149665558e-01
3.273088691185556676e-01
2.582820337763829799e-01
1.949166896678303507e-01
1.558823769819113469e-01
1.489100398227591326e-01
1.660378617784227517e-01
1.925802050111551367e-01
2.150507739846098110e-01
2.235116713549950840e-01
2.113465387268812778e-01
1.779049379010977927e-01
1.319064676317442397e-01
8.808524593381385215e-02
6.097641206505384492e-02
6.231582439363406861e-02
9.472298798843252488e-02
1.456298143922303834e-01
1.914988045613823242e-01
2.061758080310507613e-01
1.767038074817210425e-01
1.156688351589213737e-01
4.967597953453924131e-02
2.918716939857638783e-03
-1.186781549739269331e-02
2.769074571135363670e-03
3.557733694799045110e-02
7.311351471468856278e-02
1.030349818316627780e-01
1.197123566954370333e-01
1.269845763579530995e-01
1.348846077668757748e-01
1.549393281214002382e-01
1.961123047778809414e-01
2.618007173546754163e-01
3.479258501805397863e-01
4.433453503814980823e-01
5.330163307433939401e-01
6.006942189165930257e-01
6.339051741975212373e-01
6.305670191538556013e-01
6.007455200009115259e-01
5.678889646820552972e-01
5.645231667440425705e-01
6.037593405596515250e-01
6.588909429137008722e-01
6.919007411898844273e-01
6.914348918123953691e-01
6.692640408593510948e-01
6.380871004920314338e-01
6.028138753590027710e-01
5.614944050405272780e-01
5.089952790578289310e-01
4.410089919127431202e-01
3.553013519298352518e-01
2.523878400126343680e-01
1.360054920043010651e-01
1.188881304833969491e-02
-1.116189683885990269e-01
-2.221927728132195301e-01
-3.060597477380099796e-01
-3.531554144847730003e-01
-3.648356520073077203e-01
-3.547923168220284973e-01
-3.378431984947241062e-01
-3.213874780008008636e-01
-3.044207340750929025e-01
-2.806129707635022785e-01
-2.439373754301107644e-01
-1.950712598838879597e-01
-1.508628084660953439e-01
-1.485172109123304163e-01
-2.191607561613194421e-01
-3.512242747521904240e-01
-5.019204380134280052e-01
-6.371412415511131799e-01
-7.442004798029143720e-01
-8.202906424420852716e-01
-8.638148509249748974e-01
-8.734635472738342399e-01
-8.494250676734842465e-01
-7.944686076283818954e-01
-7.112278362744243188e-01
-6.004878987707975568e-01
-4.683702657823152760e-01
-3.376186245888960213e-01
-2.472116745022854556e-01
-2.213537265632371520e-01
-2.434544998999851884e-01
-2.793294239625920272e-01
-3.060421735625196149e-01
-3.164351090082676010e-01
-3.126830603520073248e-01
-3.004346916689318303e-01
-2.869042315753283501e-01
-2.791976348755950688e-01
-2.814100406685361433e-01
-2.935061986522620736e-01
-3.102229935327819876e-01
-3.215229733515246324e-01
-3.176535699006766134e-01
-2.940987542957400058e-01
-2.549435609487344934e-01
-2.112951360809250112e-01
-1.747106338838408102e-01
-1.533408657013716758e-01
-1.508317741788065269e-01
-1.656174836348258406e-01
-1.924757846052553845e-01
-2.237121129822646215e-01
-2.501079397646836511e-01
-2.634223259629910885e-01
-2.580702837966112329e-01
-2.327974170353593608e-01
-1.941480424375300329e-01
-1.594036193289046777e-01
-1.544070998562986630e-01
-1.974297990689104498e-01
-2.796138132128603848e-01
-3.729102938789153887e-01
-4.539648151764599238e-01
-5.144054407165391529e-01
-5.560729687921842634e-01
-5.827398271140797892e-01
-5.966370612499620751e-01
-5.974811093401479756e-01
-5.819509695923408277e-01
-5.454377621780485130e-01
-4.847001412271964571e-01
-4.022735872539682789e-01
-3.125181747520529574e-01
-2.405467612189940430e-01
-2.085577616590585104e-01
-2.174019070205216453e-01
-2.462402659557029194e-01
-2.717298620283533084e-01
-2.805779206496554212e-01
-2.700401029194315350e-01
-2.437636467864381096e-01
-2.071777799524228691e-01
-1.654373575179472755e-01
-1.226288069272144926e-01
-8.073205385193109318e-02
-3.976000043084638308e-02
2.263653499458353601e-03
4.909809892821884875e-02
1.045886719319500668e-01
1.715221761880763862e-01
2.509185857382295604e-01
3.408789009260804193e-01
4.366899799948057992e-01
5.314293973394929038e-01
6.169995003363305530e-01
6.870663510955906661e-01
7.384165535418517612e-01
7.697787284302951560e-01
7.797339232026719857e-01
7.648353685837649962e-01
7.231338702944426489e-01
6.656881538728741665e-01
6.234502252798951316e-01
6.244446401095358201e-01
6.593479702903156658e-01
6.957782432038357445e-01
7.115249718753721142e-01
6.999015539128055075e-01
6.625400497912276032e-01
6.046747688751555883e-01
5.339850744060412602e-01
4.599809126738896858e-01
3.914948882568790589e-01
3.345228641273523262e-01
2.910763661952603942e-01
2.590483986787107673e-01
2.341795081365270204e-01
2.121735140395178409e-01
1.899817209385084582e-01
1.673129978368300408e-01
1.463285142227080948e-01
1.300543478654328788e-01
1.212514379901837996e-01
1.209077621717953160e-01
1.270960410842696398e-01
1.352258562086919580e-01
1.383136468344787484e-01
1.282296599452894259e-01
9.867809652414570587e-02
4.925950566191134722e-02
-9.341761423620425706e-03
-5.439760567650307743e-02
-6.160396015141551135e-02
-2.260168196178287056e-02
4.765063623303221474e-02
1.233183818218517164e-01
1.843283230355023672e-01
2.219447466103868505e-01
2.371007375253487981e-01
2.362233765054083390e-01
2.267354955864685218e-01
2.146487677898634705e-01
2.029293870781356812e-01
1.903151950929156677e-01
1.719330594355522601e-01
1.409457310460277835e-01
9.182992770897500934e-02
2.623916454886816851e-02
-4.277560128974938064e-02
-9.352028708362915277e-02
-1.079087776589605502e-01
-8.498322113904414887e-02
-4.075984889394057564e-02
3.687155898751121822e-03
3.253298898657418919e-02
3.889408155402884759e-02
2.369583774073370439e-02
-7.097498121444176591e-03
-4.539088723866193525e-02
-8.362277328841104251e-02
-1.159128139222598969e-01
-1.388373860707297069e-01
-1.521342015652241142e-01
-1.578454428721041136e-01
-1.588846353555574964e-01
-1.580420240968026246e-01
-1.566178249908734554e-01
-1.544966041838894133e-01
-1.523784291121406120e-01
-1.543870834705253492e-01
-1.693672828677765529e-01
-2.063451682560246969e-01
-2.667408275071205814e-01
-3.425709143358306452e-01
-4.201153972710691686e-01
-4.851623856801084433e-01
-5.264161708861921918e-01
-5.371791071864528977e-01
-5.173704775247438548e-01
-4.732138554195003954e-01
-4.144833439396363728e-01
-3.521962561715583639e-01
-2.959225897792531201e-01
-2.512519373494757624e-01
-2.191877821339840715e-01
-1.978164236000873877e-01
-1.856725768517665520e-01
-1.819656745698256528e-01
-1.845734970373042738e-01
-1.896814931374733448e-01
-1.919120654487019018e-01
-1.852681898953471573e-01
-1.644268088492813196e-01
-1.256705060232521654e-01
-6.834163311319359224e-02
4.836653543783223964e-03
8.924549755520663763e-02
1.796587928817775515e-01
2.711324833120089539e-01
3.600582434003731791e-01
4.445449295034650250e-01
5.242478781843240565e-01
5.992719240087059918e-01
6.683421977509186318e-01
7.277116779916482647e-01
7.703185572358008937e-01
7.849810843602534893e-01
7.586814912851159720e-01
6.883983375164016705e-01
6.049039088537182529e-01
5.729011486674505660e-01
6.216582466383820949e-01
7.044270793262826791e-01
7.638439936316819834e-01
7.783475097969291268e-01
7.516571981088431276e-01
6.960691364517037627e-01
6.251989761682821278e-01
5.509574808462823770e-01
4.813181383726582441e-01
4.191062632394281784e-01
3.629587533118273091e-01
3.094270474128034132e-01
2.546394710751924695e-01
1.956065883744301237e-01
1.312804154318749639e-01
6.255157665260915878e-02
-8.802308217651873962e-03
-8.117386421103310601e-02
-1.535927734950914558e-01
-2.247208644906311392e-01
-2.905954623858394426e-01
-3.439213921388053485e-01
-3.773764906180271939e-01
-3.884968436424484084e-01
-3.810057791832083818e-01
-3.615634181694761806e-01
-3.363291266920858669e-01
-3.093382627098221760e-01
-2.819247614449568173e-01
-2.535206210672783511e-01
-2.242398256858970929e-01
-1.990034408939150845e-01
-1.911472076124179909e-01
-2.184206891466445588e-01
-2.881653675271901860e-01
-3.894502966439576386e-01
-5.035620103303897199e-01
-6.153803353237384810e-01
-7.138373006318750047e-01
-7.882283106887615354e-01
-8.279924478939948429e-01
-8.267599223914069428e-01
-7.863105863559727293e-01
-7.155716367820824653e-01
-6.256081880436452636e-01
-5.262040709151278861e-01
-4.269257776442035301e-01
-3.404048677910300746e-01
-2.814434513801891136e-01
-2.573249782658305063e-01
-2.607035920735932266e-01
-2.768843814848104823e-01
-2.940772101259547244e-01
-3.061843492517619114e-01
-3.108242851806140017e-01
-3.073404240856806857e-01
-2.966381831082524623e-01
-2.818344274387011295e-01
-2.681931964955215353e-01
-2.618806343396787306e-01
-2.678895327305543250e-01
-2.877919177489268177e-01
-3.181165421202051813e-01
-3.508779446257331291e-01
-3.769545712808660132e-01
-3.903977122016417667e-01
-3.915111527284759751e-01
-3.865407280222933895e-01
-3.839510247740183790e-01
-3.905092454462371632e-01
-4.088998123069412793e-01
-4.361802009030452121e-01
-4.635387040122931346e-01
-4.777218823437248685e-01
-4.656513568594949914e-01
-4.272199231552231136e-01
-3.917216523742360068e-01
-4.070764236786811874e-01
-4.904630581523626298e-01
-6.074423923252573188e-01
-7.107669872341532136e-01
-7.718952891598430677e-01
-7.827221344550743254e-01
-7.504892189932360624e-01
-6.910283935102968789e-01
-6.210138587764364448e-01
-5.516775161710474329e-01
-4.847588848282798901e-01
-4.129414447925986442e-01
-3.246710807425888246e-01
-2.141249031925016588e-01
-9.642962948354522057e-02
-1.006866428515721355e-02
1.217407552422501010e-02
-2.572281559345010113e-02
-9.119062588598465802e-02
-1.531633564150437221e-01
-1.946250036640228553e-01
-2.096617315909078960e-01
-2.010691047051893499e-01
-1.790575180324175397e-01
-1.577935945635947634e-01
-1.512373075428901925e-01
-1.694559248515252747e-01
-2.133344162355399476e-01
-2.708178270777399366e-01
-3.208041164487422936e-01
-3.418271619191517452e-01
-3.240893602740717028e-01
-2.778007440382257998e-01
-2.252344451438435813e-01
-1.870206066378116705e-01
-1.749682380322505892e-01
-1.890123427370500042e-01
-2.198284810741551187e-01
-2.543580366328381248e-01
-2.781116683300907666e-01
-2.776559167023374131e-01
-2.462872905853703276e-01
-1.893705302174482075e-01
-1.288068642398964292e-01
-1.025206098085812284e-01
-1.424337685928340203e-01
-2.420281553258779861e-01
-3.599350711983804185e-01
-4.572266250677783361e-01
-5.209939681379951448e-01
-5.585928589110442655e-01
-5.832711571988895560e-01
-6.045114649535560103e-01
-6.232867125644986350e-01
-6.326470349212466315e-01
-6.210775979463331042e-01
-5.765903667386129694e-01
-4.938748667100270051e-01
-3.841548569790067535e-01
-2.810416406343491103e-01
-2.264545241093004202e-01
-2.344840167193358582e-01
-2.781882531090485444e-01
-3.192113132900764594e-01
-3.352367716344279436e-01
-3.230448229600241805e-01
-2.902751823857800395e-01
-2.481859612116417146e-01
-2.072931507420049113e-01
-1.744069720873453189e-01
-1.513833736736914792e-01
-1.356214570290530663e-01
-1.219238157074620799e-01
-1.044893778060250744e-01
-7.793492157046126578e-02
-3.862744015382576362e-02
1.362605680361442077e-02
7.581192428635799563e-02
1.434071762908563086e-01
2.121060868088234797e-01
2.793842942020009490e-01
3.448218296022271812e-01
4.092681646034781462e-01
4.739751758585373231e-01
5.392792062731071034e-01
6.030518649306363388e-01
6.601612578333604375e-01
7.030350520579236040e-01
7.228608246961739647e-01
7.108406712583155151e-01
6.622816665100829114e-01
5.892447390277997243e-01
5.343874703564894801e-01
5.472845991808615862e-01
6.226401455205546887e-01
7.053375124493204140e-01
7.554404493928278397e-01
7.660708697453360028e-01
7.455126735643191616e-01
7.042744631979980241e-01
6.509398317938052125e-01
5.917976602988771484e-01
5.305867086595560389e-01
4.682904013553169098e-01
4.042578826775241607e-01
3.367887920888891218e-01
2.632361618544311055e-01
1.807766056957578471e-01
8.776270482142324580e-02
-1.282730496401989981e-02
-1.083563390741118376e-01
-1.763316122812557118e-01
-1.959821704810443543e-01
-1.660717092211589918e-01
-1.065325504207911417e-01
-4.073821967703741831e-02
1.757126385703452684e-02
6.493079362487653994e-02
1.039539367111669277e-01
1.393348784699771359e-01
1.759287701351153199e-01
2.178036576658292645e-01
2.665582811590073709e-01
3.192877276662495212e-01
3.670269552849563799e-01
3.970041639851354387e-01
4.005279844214578722e-01
3.789553964899787797e-01
3.418951349909508663e-01
3.010066052759158839e-01
2.648773130382330310e-01
2.376546988405313088e-01
2.193845387271415315e-01
2.061089214626388166e-01
1.910838700207284913e-01
1.682235948783231683e-01
1.387805194964850664e-01
1.191390051655785015e-01
1.364532599488935682e-01
2.059106915320742526e-01
3.161662441290455372e-01
4.407343471939805801e-01
5.555016242379383629e-01
6.441940810720402366e-01
6.974258591318674982e-01
7.137318885815571168e-01
6.995287390370413805e-01
6.655671290184163036e-01
6.221723437670598766e-01
5.746719376915578881e-01
5.212546842425505034e-01
4.566270334805241915e-01
3.830206338005024969e-01
3.196087989638417004e-01
2.894533811544620638e-01
2.961023590520593385e-01
3.230017970280747441e-01
3.496153956142233343e-01
3.617747335316663926e-01
3.520422399475499065e-01
3.189338506083693181e-01
2.674707648606341470e-01
2.074300942954416527e-01
1.495980234495340178e-01
1.029878533301023247e-01
7.312075269751820705e-02
6.040392719509657393e-02
6.002345256742345342e-02
6.396568401056670905e-02
6.336661300413749809e-02
5.101771606296484629e-02
2.441487102120548647e-02
-1.326328776414670285e-02
-5.540443769020075848e-02
-9.453557870215886783e-02
-1.238661308407883049e-01
-1.391839421976381885e-01
-1.408734440597156079e-01
-1.339063567393279641e-01
-1.254764416233054569e-01
-1.221566842915561280e-01
-1.274508422161063081e-01
-1.397996491878448211e-01
-1.523872248332411306e-01
-1.550631372872342262e-01
-1.377092919972524587e-01
-9.727414170534702531e-02
-4.720441477900524235e-02
-1.641254710781540199e-02
-3.082260776403487196e-02
-9.220547946397543437e-02
-1.775555473754368563e-01
-2.579797741387745980e-01
-3.127208281208303520e-01
-3.330114202707649684e-01
-3.221545268024759712e-01
-2.914092632587003684e-01
-2.538045340664826788e-01
-2.195333861940702014e-01
-1.925522881041450696e-01
-1.691453862334661995e-01
-1.403890495193170773e-01
-9.762967577392796248e-02
-4.044348434841391754e-02
1.719613454518226919e-02
5.379702112173041784e-02
5.622304149790602334e-02
2.884516254266088209e-02
-1.077962468081734675e-02
-4.337493940664214481e-02
-5.478104927253148182e-02
-3.777958332176718087e-02
6.504755885697738327e-03
6.963200213463029142e-02
1.402457463458783860e-01
2.075266082649523947e-01
2.631124952222003155e-01
3.035042189847838023e-01
3.308125162392898111e-01
3.505735285544316904e-01
3.696358940846290464e-01
3.940670000852607990e-01
4.251281998365439296e-01
4.565596568857185344e-01
4.777120251617654745e-01
4.848347564481308436e-01
4.929804365042577130e-01
5.240396145338026557e-01
5.823129394346739929e-01
6.501535274544886223e-01
7.019510239470426738e-01
7.169464446452848971e-01
6.851516030099787935e-01
6.109807569549607908e-01
5.097560493526243075e-01
3.987487480685505958e-01
2.918354075702325190e-01
1.972310651635582057e-01
1.163389416221444761e-01
4.671362339983878981e-02
-1.253368896079743063e-02
-5.695450521790168530e-02
-8.032759217626335435e-02
-8.213805884624152120e-02
-6.784839044601573277e-02
-4.556850157587311739e-02
-2.330522879441563819e-02
-7.341063916414081875e-03
-2.289889161820473067e-03
-1.032977801976339358e-02
-2.813174689279339044e-02
-4.683586781197748156e-02
-5.716066234331783347e-02
-5.594619998687795637e-02
-5.391012559377079960e-02
-7.400831287635030453e-02
-1.341165437782749492e-01
-2.333423335826908529e-01
-3.517448043287303427e-01
-4.625305254217238482e-01
-5.431035272615810650e-01
-5.796451176355131851e-01
-5.721364865401613597e-01
-5.335280098134741467e-01
-4.819770257749030340e-01
-4.354792733411001482e-01
-4.048963460635487399e-01
-3.862846121214832396e-01
-3.645553693808307738e-01
-3.282655248906360401e-01
-2.847901216557578996e-01
-2.529804627819478569e-01
-2.435732770308836892e-01
-2.530941006130321691e-01
-2.681027539927879344e-01
-2.727755901196981525e-01
-2.539070237827381615e-01
-2.036220940876509178e-01
-1.232158726728529718e-01
-2.242785436110902170e-02
8.698730396400691789e-02
1.943081924411868833e-01
2.907226901969358623e-01
3.727237335707085930e-01
4.428357550325813241e-01
5.068515529942867470e-01
5.705333715037090858e-01
6.341212480238100913e-01
6.906330138313659939e-01
7.282971264691188162e-01
7.309480907203894651e-01
6.840017834866566337e-01
5.931916305785558396e-01
5.103800104821135664e-01
5.155135723062109765e-01
6.173674824746214762e-01
7.379295986847711486e-01
8.130099014179449357e-01
8.287396745931205899e-01
7.983730155262975803e-01
7.404823551286250360e-01
6.713686723286814706e-01
6.023617016037468019e-01
5.365532026111665687e-01
4.705099994693089926e-01
3.982573853253937313e-01
3.135494907786892105e-01
2.119689068446077018e-01
9.227575389241010617e-02
-4.107431460186959649e-02
-1.723063505487401337e-01
-2.729819981997035905e-01
-3.156504346858093335e-01
-2.967471511313963806e-01
-2.408922601939711416e-01
-1.784940044403136583e-01
-1.266949103379558239e-01
-8.763375987746298279e-02
-5.374487471868295840e-02
-1.401471280388526947e-02
4.010196127633971347e-02
1.075430400857679963e-01
1.693885550609190438e-01
1.915909759642972499e-01
1.485397768474025215e-01
4.649823750284234891e-02
-8.318755963638539697e-02
-2.101216746128268253e-01
-3.179344313533067901e-01
-4.021311299445616272e-01
-4.656568028630242440e-01
-5.147432484516124562e-01
-5.554726053328288282e-01
-5.925626184642773797e-01
-6.280709885704399698e-01
-6.591377661013031464e-01
-6.763637372961491812e-01
-6.650205429474540519e-01
-6.140970256817099848e-01
-5.335699761306733624e-01
-4.635654004690513696e-01
-4.476244139225306062e-01
-4.868909865254752445e-01
-5.430749592338046661e-01
-5.791954430102452811e-01
-5.788311933572726220e-01
-5.437951333349738681e-01
-4.860930863391529355e-01
-4.201415932130584951e-01
-3.578807733247014178e-01
-3.062021770239325980e-01
-2.664402497433537298e-01
-2.346201056064687318e-01
-2.020352520587074263e-01
-1.575973132626029005e-01
-9.140404464273668705e-02
3.079579629042992431e-04
1.098412248234881816e-01
2.169179590767097709e-01
2.938277978393450951e-01
3.194492236091380222e-01
2.961426236457468386e-01
2.479032399984382184e-01
2.017543479124223327e-01
1.736789771888593015e-01
1.655092886567107180e-01
1.695824673610088484e-01
1.743288444279569860e-01
1.670770264034898422e-01
1.379425794391054561e-01
8.868376508188040297e-02
4.389229726420182387e-02
4.703854519906416204e-02
1.248574004189508396e-01
2.581576505258358911e-01
4.035859751029776676e-01
5.273636818532253523e-01
6.138069482698391699e-01
6.611711322839312066e-01
6.771114753410454323e-01
6.742185129928615073e-01
6.639320654910972896e-01
6.503255471664053378e-01
6.273597545071896153e-01
5.818572856413550820e-01
5.038791975861849348e-01
4.035732615424550973e-01
3.176693590537357226e-01
2.832547011822624250e-01
3.016595367436630259e-01
3.417442608796000814e-01
3.714226653843355486e-01
3.731780825174468297e-01
3.433121991443316423e-01
2.881663769294113830e-01
2.193941380756543880e-01
1.498538912060472517e-01
9.089269564272679791e-02
5.006827982774649660e-02
2.855714655689463657e-02
2.070629752976255872e-02
1.767996395192170458e-02
1.088599954608005654e-02
-6.439304719680014229e-03
-3.631237000417913280e-02
-7.407774476964200383e-02
-1.101596980136867326e-01
-1.323938281108666126e-01
-1.291713710233547141e-01
-9.518985240100753809e-02
-3.655872813429607293e-02
2.776912351800302561e-02
6.995166334568411748e-02
6.705888995394695962e-02
1.881832192693859082e-02
-5.124337460989146498e-02
-1.139732343873447878e-01
-1.521403902552720677e-01
-1.644899806909118911e-01
-1.595965011224320107e-01
-1.482819235947722136e-01
-1.388087691364923437e-01
-1.344994918973664855e-01
-1.325050015545179150e-01
-1.248026953351776130e-01
-1.015345785818899671e-01
-5.465166582213382834e-02
1.754981640342792235e-02
1.066014012011829853e-01
1.948719277218721735e-01
2.609462985396643897e-01
2.900745921177851350e-01
2.848143995477999679e-01
2.625781839308958254e-01
2.434241087666461356e-01
2.402944321758766766e-01
2.555132222844080370e-01
2.833406393459668715e-01
3.136360669748913810e-01
3.337664494975489671e-01
3.315465817522570413e-01
3.017704311577718013e-01
2.575340581153607311e-01
2.377094806395292081e-01
2.849393481966744912e-01
4.001604616849632756e-01
5.394946421816249060e-01
6.575974535691140321e-01
7.332050925431419230e-01
7.656092336700929257e-01
7.645568579176036383e-01
7.423505590306994639e-01
7.077074525399343896e-01
6.623983010256261350e-01
6.012497473877359555e-01
5.154201094279838857e-01
4.007786808874331808e-01
2.711975024132849410e-01
1.642393616280350688e-01
1.177069944319569100e-01
1.329628453506414842e-01
1.772236314291777692e-01
2.169327103134938706e-01
2.348139319848510931e-01
2.275240180435453285e-01
2.001108171453674367e-01
1.624599115369271540e-01
1.266385388056199268e-01
1.042723634244455688e-01
1.040149507409477980e-01
1.281966691517702206e-01
1.701153022966809536e-01
2.149487609173680869e-01
2.434903365927461594e-01
2.403797157425479059e-01
2.050142473089225092e-01
1.523760164360532798e-01
1.025840309197604688e-01
7.003079109499439625e-02
5.832039596927154207e-02
6.291234605198486873e-02
7.623908954936725602e-02
9.074886067693620217e-02
1.013727162876243704e-01
1.071720946026239463e-01
1.109334050850290659e-01
1.174524794156989044e-01
1.310746998891121617e-01
1.535245769378055236e-01
1.828662797871117296e-01
2.131049888981220441e-01
2.348735749095476333e-01
2.377897392484324690e-01
2.158252296144700932e-01
1.771144911657556997e-01
1.489991627800174023e-01
1.636923991380366816e-01
2.311770635379432060e-01
3.297702633309068099e-01
4.258943278892349249e-01
4.947677406658024246e-01
5.263712955991667330e-01
5.242821525941859795e-01
5.003074902125510537e-01
4.673717585510185901e-01
4.343545146907152876e-01
4.027675132857030382e-01
3.667767041039319276e-01
3.177313013959132681e-01
2.521216386685012911e-01
1.810382816021750552e-01
1.284560576466153570e-01
1.126031135572680003e-01
1.309454863821767345e-01
1.641725240341042058e-01
1.910063478105576973e-01
1.970125410021760781e-01
1.755393106685091409e-01
1.275930684787777714e-01
6.051012980077514342e-02
-1.573895383533388537e-02
-9.177855409233087736e-02
-1.610580569634313119e-01
-2.219801130777476761e-01
-2.781621831566561953e-01
-3.362312630448680006e-01
-4.031515205928126733e-01
-4.833874154420155778e-01
-5.752994278704610664e-01
-6.690343046039204378e-01
-7.475824324895480322e-01
-7.897189156708289692e-01
-7.774343521007059943e-01
-7.128954417711260705e-01
-6.374025108148594354e-01
-6.151756623612049113e-01
-6.620866651255875590e-01
-7.242404635828201265e-01
-7.475898743807759539e-01
-7.183113615312435307e-01
-6.500548634114007296e-01
-5.635041056542559046e-01
-4.762394450449153327e-01
-3.994429710799022315e-01
-3.368336563668665740e-01
-2.857321229106309923e-01
-2.399639727351659535e-01
-1.927546417521875388e-01
-1.389014599816779105e-01
-7.648942394364849351e-02
-7.448372302614394459e-03
6.374822358089417274e-02
1.319545554837851520e-01
1.930185339992019355e-01
2.456181758907289847e-01
2.921601168512042435e-01
3.377082438584954049e-01
3.880697449269547850e-01
4.476447037109399507e-01
5.168119032302532778e-01
5.898200485587015152e-01
6.544455348572085773e-01
6.936490198724735157e-01
6.909761017211942802e-01
6.439500255009048546e-01
5.816282876453694461e-01
5.577472060746198057e-01
5.976111495154355913e-01
6.662777709819128757e-01
7.127418989365881252e-01
7.126678575218631240e-01
6.689308432936043047e-01
5.972617354926196276e-01
5.150278806976076318e-01
4.355593496437885070e-01
3.655523337906497194e-01
3.044769481039651948e-01
2.460878023386730562e-01
1.810163778362733344e-01
9.952873275436764644e-02
-4.808470914435710765e-03
-1.298219181078722195e-01
-2.602871265154922398e-01
-3.693629817408539129e-01
-4.308466912285816020e-01
-4.380838133924204181e-01
-4.089326922787252516e-01
-3.699605484208117190e-01
-3.401870278757685995e-01
-3.257906306008102049e-01
-3.217144030400999055e-01
-3.160167396948207474e-01
-2.964149199667036050e-01
-2.627587500303298351e-01
-2.430616194930462215e-01
-2.828383500602506540e-01
-3.972252661119253792e-01
-5.541557963219344574e-01
-7.091772913440635984e-01
-8.304411416693123771e-01
-8.982381115778685921e-01
-9.058573802492704274e-01
-8.627685218999687766e-01
-7.887519945537089239e-01
-7.029860070283051598e-01
-6.147258169778025971e-01
-5.204499154076508427e-01
-4.105869200230979343e-01
-2.862734441019088583e-01
-1.768720609101250285e-01
-1.231842035445730732e-01
-1.348076599731251879e-01
-1.851874105648377844e-01
-2.423054284896382360e-01
-2.877139279231620828e-01
-3.135253700201289240e-01
-3.175446892867909154e-01
-3.041221792479353314e-01
-2.838589158671589452e-01
-2.689844232665180579e-01
-2.679903156295596611e-01
-2.802350723484714479e-01
-2.939756378230157230e-01
-2.936380741630044144e-01
-2.680866640577976301e-01
-2.165573309915533873e-01
-1.509363098403393166e-01
-8.901642706248452663e-02
-4.650197838096366276e-02
-3.357243029774760468e-02
-5.109686732961147421e-02
-8.986534322566838706e-02
-1.365307333780474419e-01
-1.773001500839613831e-01
-1.985458076449603537e-01
-1.915744482685530492e-01
-1.573806154015057746e-01
-1.051484928213104325e-01
-4.978264666396101101e-02
-1.028117280282619256e-02
-3.124091198814483387e-03
-3.240369393223640343e-02
-8.530437743249799643e-02
-1.404360605169998610e-01
-1.855215792387818197e-01
-2.230875803680173464e-01
-2.621465851212108622e-01
-3.085345895438146857e-01
-3.599551119613051964e-01
-4.075804961759609824e-01
-4.398897607954562750e-01
-4.459144751292034581e-01
-4.192912747088813896e-01
-3.620610120880106697e-01
-2.860284947149718260e-01
-2.120111213257586391e-01
-1.645179987257391341e-01
-1.577983748066565661e-01
-1.841216894501087054e-01
-2.205132662452429781e-01
-2.476282205687697913e-01
-2.600711020978371257e-01
-2.627051136621228467e-01
-2.628029823309414037e-01
-2.643963785396759025e-01
-2.661487804706335614e-01
-2.624340746139208758e-01
-2.462068278668002597e-01
-2.116072160349981857e-01
-1.555672234689771394e-01
-7.910403884050909440e-02
1.155696590326631482e-02
1.041376252516394846e-01
1.815733922280789725e-01
2.289890018484059264e-01
2.429290471790366834e-01
2.331875940318655360e-01
2.155071465870842529e-01
2.023894121754038211e-01
1.989541373361121968e-01
2.038188910862420711e-01
2.115635125269615391e-01
2.154051494315996074e-01
2.094812490981773079e-01
1.906053432805068226e-01
1.612699493416375196e-01
1.346032923282144689e-01
1.354761815648516943e-01
1.863284461564402028e-01
2.841974096451529430e-01
4.019903956338455875e-01
5.132342699243158668e-01
6.048751622575290199e-01
6.730478712884392367e-01
7.166201680582977573e-01
7.350039480972577755e-01
7.287241769797339064e-01
6.990818053822049905e-01
6.466456895635139812e-01
5.717421269340564605e-01
4.787572270033400579e-01
3.824458832987435164e-01
3.073058174196102721e-01
2.717285510533262172e-01
2.720500219225184813e-01
2.880522958141966128e-01
3.000882037041681105e-01
2.978111083352954491e-01
2.791148133661655595e-01
2.466984031047754489e-01
2.054576094757609994e-01
1.607522541186242604e-01
1.177837594935186305e-01
8.144765716991143878e-02
5.567824483709281347e-02
4.253679962025504885e-02
4.180213001615176727e-02
5.156732820188299204e-02
6.945825578312846138e-02
9.317923211606553291e-02
1.201968671985366721e-01
1.474397887699421261e-01
1.713061588049173412e-01
1.881662815089009400e-01
1.951605106568964354e-01
1.911507201776090903e-01
1.779234316629005053e-01
1.601259877274257559e-01
1.434851579010378020e-01
1.331091813051953066e-01
1.326737204126141323e-01
1.442860693712061659e-01
1.683405306907511945e-01
2.027926070337691677e-01
2.427956683911885460e-01
2.813822476776857151e-01
3.105285821693286596e-01
3.226320935077895413e-01
3.135273312095929743e-01
2.882495100276145084e-01
2.673687086037965788e-01
2.816382134573455209e-01
3.466335238631528815e-01
4.448246764820141252e-01
5.426275695923353792e-01
6.159364819009702785e-01
6.565054215584076314e-01
6.664860711267581728e-01
6.527082753576965990e-01
6.225962715450351626e-01
5.809080354605816732e-01
5.278195201843297601e-01
4.596804982134383710e-01
3.734819003421312456e-01
2.743150634469901927e-01
1.810263021061837285e-01
1.196286042453576226e-01
1.032895604908068699e-01
1.211556054806168931e-01
1.496644621107845186e-01
1.691571206653835757e-01
1.699219011874326946e-01
1.504152968105085808e-01
1.143089058954320086e-01
6.824987617870434398e-02
2.007877063658428107e-02
-2.238301077018897689e-02
-5.236285159280078261e-02
-6.557849499105063151e-02
-6.129592146051146551e-02
-4.237742421345498667e-02
-1.521495350624215391e-02
1.025013856679643683e-02
2.210269803317900517e-02
1.113019835289924368e-02
-2.335563352044020546e-02
-7.286233116051903103e-02
-1.264237182517754521e-01
-1.770780085368282575e-01
-2.225291730915316679e-01
-2.623049007913446085e-01
-2.951500035138425182e-01
-3.181348834825812322e-01
-3.270856756029799639e-01
-3.178480274669702732e-01
-2.881466286402266097e-01
-2.394121390877975153e-01
-1.782170310555553083e-01
-1.167981681989550130e-01
-7.063971021481223189e-02
-5.140639041411889515e-02
-5.913778177497271832e-02
-8.224677988270885642e-02
-1.061954380382992558e-01
-1.214468625188297041e-01
-1.249407299311377506e-01
-1.175140230738236369e-01
-1.010142230267021546e-01
-7.669843474512862136e-02
-4.473552923948619781e-02
-4.282384347136953054e-03
4.606954250361385700e-02
1.076399408632742888e-01
1.808975568822001057e-01
2.646815100460692682e-01
3.557516434029915353e-01
4.488986250426286739e-01
5.377364491063719720e-01
6.162247304000294523e-01
6.801681410103660452e-01
7.274850817207176856e-01
7.566837409636940626e-01
7.644425470016341650e-01
7.452430626307197103e-01
6.977564790436934228e-01
6.395024756686626954e-01
6.101778483156669042e-01
6.337910185841909572e-01
6.872875314993516227e-01
7.324722291918830397e-01
7.493352180325437706e-01
7.345233342379018371e-01
6.917519535222378391e-01
6.280149369285873417e-01
5.525897345097557922e-01
4.753901262081114409e-01
4.044871520263972897e-01
3.442555172445503908e-01
2.950026635645807138e-01
2.538609230967699970e-01
2.163532067379535795e-01
1.779829623340091205e-01
1.355386786000841448e-01
8.769873334485125960e-02
3.449821145526226623e-02
-2.359089790181509091e-02
-8.590929739585889680e-02
-1.510471492686675243e-01
-2.155348973910512778e-01
-2.726933639204728865e-01
-3.138687520403201647e-01
-3.327151712871861400e-01
-3.294341941863883072e-01
-3.106412258509645974e-01
-2.850439371610167805e-01
-2.595067969212260794e-01
-2.376211985521764769e-01
-2.199063617466249787e-01
-2.047302531176341256e-01
-1.893630888789908651e-01
-1.716446096248266384e-01
-1.538635381712059047e-01
-1.476584628977146152e-01
-1.721453765815609827e-01
-2.392652315474690095e-01
-3.413966407246846191e-01
-4.587037040427593415e-01
-5.721594317194774737e-01
-6.672032361527591160e-01
-7.324613850162391415e-01
-7.606688499311551332e-01
-7.517604221634488493e-01
-7.130932506784536384e-01
-6.550769883896050416e-01
-5.864857952598706570e-01
-5.126383295313124977e-01
-4.370138849839994011e-01
-3.660969282040744122e-01
-3.119658881627270786e-01
-2.850596783006074664e-01
-2.838916263251478056e-01
-2.963200545342462577e-01
-3.088631299619292170e-01
-3.123518286715121217e-01
-3.019571605205427223e-01
-2.762251718474404427e-01
-2.370848378219122810e-01
-1.899602175345464772e-01
-1.428606962745811726e-01
-1.042869091362504941e-01
-8.126435852449982733e-02
-7.771837959436730947e-02
-9.317807927734682305e-02
-1.233493194591396835e-01
-1.617558490659254111e-01
-2.010790641374930465e-01
-2.355146992600227196e-01
-2.631874468845383230e-01
-2.860235204801340747e-01
-3.077201762467127177e-01
-3.310206847282604614e-01
-3.559303028474032904e-01
-3.804286118131838257e-01
-4.016650717342285515e-01
-4.170364323895259240e-01
-4.253988356607266152e-01
-4.270426332712716211e-01
-4.228813125128618178e-01
-4.141783994191422513e-01
-4.036545867581022295e-01
-3.982616676104241416e-01
-4.100365808950497404e-01
-4.494277614282529143e-01
-5.154538784288353881e-01
-5.957119825680802228e-01
-6.754780387949320675e-01
-7.423823184807337716e-01
-7.855562876998857247e-01
-7.959144702189973053e-01
-7.690050236032450748e-01
-7.079620234098521481e-01
-6.221865680061142712e-01
-5.222144900105182286e-01
-4.162092381594983959e-01
-3.098916591989737679e-01
-2.093242845644331107e-01
-1.252461100297981855e-01
-7.220611815102009889e-02
-5.834658413657686782e-02
-7.697688935074019356e-02
-1.124736943889938778e-01
-1.516630598516350292e-01
-1.875356313574515488e-01
-2.171294140083750990e-01
-2.393203412274986230e-01
-2.541696977538132618e-01
-2.638443410546064682e-01
-2.732435894466512805e-01
-2.879140417086089587e-01
-3.109250564487482937e-01
-3.406874971283369580e-01
-3.704035557252355337e-01
-3.912058647312116610e-01
-3.966614696568140919e-01
-3.857404176722927791e-01
-3.640279634497735062e-01
-3.408402102690576974e-01
-3.244434978055495966e-01
-3.194870735392306149e-01
-3.256397940426180027e-01
-3.370046020136579501e-01
-3.434859925800649583e-01
-3.348516744101696085e-01
-3.113523796451453385e-01
-2.970037831344010115e-01
-3.283782408467884606e-01
-4.171777488122547783e-01
-5.378838201613588277e-01
-6.535937518702275018e-01
-7.370358193365916799e-01
-7.730025780079835540e-01
-7.599091791559534625e-01
-7.096657921706902572e-01
-6.406476948846975272e-01
-5.691888735020491641e-01
-5.025596461956413075e-01
-4.366337165182213598e-01
-3.612421225120889812e-01
-2.720943905776741500e-01
-1.849799069111598415e-01
-1.305205608058085942e-01
-1.257499323185650719e-01
-1.601205641193202411e-01
-2.083334464862960644e-01
-2.489044902108514257e-01
-2.693110506552126582e-01
-2.640567741393015644e-01
-2.354016228628883212e-01
-1.933013103764255614e-01
-1.516163354603112523e-01
-1.243477011292889040e-01
-1.229151860981483185e-01
-1.514989622004962455e-01
-2.035412096096424206e-01
-2.645299496824051189e-01
-3.166525675773549930e-01
-3.446992924017744930e-01
-3.452862954506800142e-01
-3.289786877928251863e-01
-3.123774216462405495e-01
-3.098292313791865538e-01
-3.267659307177693262e-01
-3.583200081882084720e-01
-3.939575960517215369e-01
-4.206644422441984110e-01
-4.256547079956854440e-01
-4.013333600901145548e-01
-3.505822109028553513e-01
-2.939903323063218221e-01
-2.729191642234968795e-01
-3.232437700285938353e-01
-4.333205936084532084e-01
-5.528062754186859884e-01
-6.425056360847911652e-01
-6.948960056903542570e-01
-7.198285247471242210e-01
-7.287988003510054158e-01
-7.273504493939820792e-01
-7.134014166921287536e-01
-6.804154038461184273e-01
-6.208608156237536146e-01
-5.292209909543519331e-01
-4.069778519855874466e-01
-2.700488454781032610e-01
-1.541930530820024847e-01
-9.949187972530312840e-02
-1.133412028012756728e-01
-1.633485060512491205e-01
-2.117130076972571773e-01
-2.398568782662695853e-01
-2.468463941211207491e-01
-2.400245010810143076e-01
-2.292845138062789279e-01
-2.241259248650311064e-01
-2.313790157707427131e-01
-2.537669855061667756e-01
-2.892540717036100606e-01
-3.316144596628122221e-01
-3.720987306161855357e-01
-4.017080979618466441e-01
-4.151603221576364855e-01
-4.142964490642268016e-01
-4.067717941896475398e-01
-4.013549014493642542e-01
-4.034150329551014491e-01
-4.131135488085919683e-01
-4.263213729567427168e-01
-4.355039892224942255e-01
-4.307670423910239799e-01
-4.040228745025648549e-01
-3.586099066753456466e-01
-3.213536575959587971e-01
-3.349919728764178539e-01
-4.163398003593751229e-01
-5.350630362986080746e-01
-6.475492977930552563e-01
-7.279103096138097584e-01
-7.688703798529221700e-01
-7.736303041379843926e-01
-7.506298560977042733e-01
-7.094761875948566443e-01
-6.569078674671346985e-01
-5.946816691548226785e-01
-5.195003262245320164e-01
-4.254418154646810168e-01
-3.115262546908976748e-01
-1.940036901398692337e-01
-1.094710544609676095e-01
-8.857152934760770258e-02
-1.244237468239367539e-01
-1.834049645426480135e-01
-2.365706270198966732e-01
-2.706692851978739212e-01
-2.835430484368035575e-01
-2.792416046289306064e-01
-2.659787004247877729e-01
-2.543244780589510867e-01
-2.542635130287674294e-01
-2.721985309378612272e-01
-3.083608821792970800e-01
-3.559474452430849145e-01
-4.036191257011261246e-01
-4.393867436137565141e-01
-4.555681038588139664e-01
-4.537539192072659877e-01
-4.437137095681418231e-01
-4.370061334967946243e-01
-4.414560403913532771e-01
-4.578864277645912639e-01
-4.795499684253927697e-01
-4.936224445367231595e-01
-4.841355439667441307e-01
-4.428773443571420443e-01
-3.910001983126796810e-01
-3.818219384505429081e-01
-4.506530141038131432e-01
-5.712024532472266269e-01
-6.898658428571315948e-01
-7.701368708130633678e-01
-7.977635212112093033e-01
-7.760239361945137082e-01
-7.203766188621426592e-01
-6.503816241942823595e-01
-5.818047062102456035e-01
-5.197270588780945610e-01
-4.575155544453115564e-01
-3.816326448814970629e-01
-2.795565197787887590e-01
-1.552694587184153818e-01
-4.293166557859401378e-02
1.006960624171574642e-02
-1.359573788491944858e-02
-8.561611912569841443e-02
-1.648738925300673452e-01
-2.252993940798797556e-01
-2.562350930836327367e-01
-2.582864650507323279e-01
-2.412112859793229536e-01
-2.199969549569885385e-01
-2.104559785681123785e-01
-2.250792514434163949e-01
-2.672822359171108664e-01
-3.271232818415621968e-01
-3.855291472139798503e-01
-4.225615659045100503e-01
-4.260078201334387971e-01
-4.000713815242769589e-01
-3.627198014813016180e-01
-3.336487402364835542e-01
-3.265874792545961358e-01
-3.443453127533347424e-01
-3.772863166191561812e-01
-4.085869385949053023e-01
-4.178660383562106673e-01
-3.866389725031673663e-01
-3.179062689994439084e-01
-2.555950398864527684e-01
-2.662306516497306430e-01
-3.723034811408504341e-01
-5.234307702243551352e-01
-6.555245296578711134e-01
-7.328951369539582483e-01
-7.501908203046773194e-01
-7.237905110906273087e-01
-6.771368261838348612e-01
-6.307986674206327304e-01
-5.941611473425799650e-01
-5.599220124955122113e-01
-5.100402837540334300e-01
-4.247347801791039323e-01
-2.980600152366533195e-01
-1.590811170089757309e-01
-6.474196375502440370e-02
-5.513664443056080083e-02
-1.141808144338776476e-01
-1.918490810689295611e-01
-2.494531182129669789e-01
-2.696267228121226323e-01
-2.527683780973176142e-01
-2.126511500986297265e-01
-1.674539397464050450e-01
-1.348143636183224692e-01
-1.299041770613955649e-01
-1.588235970620300308e-01
-2.139261682935179321e-01
-2.778285426077949372e-01
-3.287511279839941403e-01
-3.481020320218324304e-01
-3.324548546444346941e-01
-2.960000234428985522e-01
-2.604398050363178063e-01
-2.438708018558593815e-01
-2.520945601434842476e-01
-2.779750776741180540e-01
-3.085639154367887937e-01
-3.300007459048731606e-01
-3.303977231534327985e-01
-3.041436366812163006e-01
-2.544285195695237256e-01
-1.946999289795293409e-01
-1.524840780114050387e-01
-1.613285797771685792e-01
-2.319357024168078873e-01
-3.371160519872438699e-01
-4.370878776214584538e-01
-5.128729984808436670e-01
-5.683598031684874430e-01
-6.143358713201825250e-01
-6.571660388227249516e-01
-6.937790987729532954e-01
-7.133603750986290404e-01
-7.034962706088406792e-01
-6.555007791081598478e-01
-5.688005988874462737e-01
-4.544432257587347479e-01
-3.382093898816141420e-01
-2.574896018542355836e-01
-2.364135412204371733e-01
-2.609223766122411026e-01
-2.950007045701705799e-01
-3.136233278450731854e-01
-3.120944259794258269e-01
-2.967247904341458464e-01
-2.760605046762923398e-01
-2.574434557162824100e-01
-2.452087354403197916e-01
-2.399549009965885604e-01
-2.396475431543304557e-01
-2.414126803932309107e-01
-2.433823934250990695e-01
-2.456236880539241774e-01
-2.496942358401910145e-01
-2.583453534996905665e-01
-2.752053116580328584e-01
-3.034094929053678391e-01
-3.438977805830163437e-01
-3.942227109223421788e-01
-4.489606317136153324e-01
-5.016479831055645766e-01
-5.458362876495984617e-01
-5.752730988672877244e-01
-5.848312425399534442e-01
-5.726992856085992845e-01
-5.450339507198219691e-01
-5.202523782878922809e-01
-5.220716865946064544e-01
-5.588265890008545789e-01
-6.134786862424693732e-01
-6.609559942085319051e-01
-6.867331747987330814e-01
-6.879592970442646171e-01
-6.673917343484389031e-01
-6.287536113129629234e-01
-5.751555068468728882e-01
-5.096197962794571934e-01
-4.351367909669122125e-01
-3.536124295314648780e-01
-2.648936832781860762e-01
-1.675217352911501090e-01
-6.268700546799026163e-02
4.006321357516132164e-02
1.211816124197098443e-01
1.607544799387432000e-01
1.547597126343221441e-01
1.180502930514489429e-01
7.121833125740556492e-02
2.898643465177023343e-02
-2.481479176493510755e-03
-2.328011274675615902e-02
-3.696921948539316771e-02
-4.889473069955288520e-02
-6.476246430755969175e-02
-8.858279535103212587e-02
-1.192455295233526974e-01
-1.461612137142044299e-01
-1.504776669522364940e-01
-1.172615945820704442e-01
-4.769039325016574682e-02
4.263823333336205779e-02
1.349677557537089234e-01
2.151039211402311357e-01
2.743680971935371637e-01
3.091865847882976914e-01
3.214421710472579741e-01
3.175361736300225668e-01
3.055510329733739927e-01
2.921638899155001301e-01
2.805780190833663812e-01
2.694348569187161591e-01
2.533804152434334656e-01
2.267767797883686320e-01
1.909535575025715359e-01
1.604199740192386869e-01
1.559556466583777445e-01
1.866737181482875374e-01
2.425620022980722601e-01
3.035491329112275372e-01
3.511034236445434442e-01
3.729836039482874455e-01
3.642922148771075008e-01
3.280608652823848725e-01
2.734105299785504761e-01
2.111227883184564613e-01
1.500128211775069720e-01
9.482726322459510138e-02
4.536419923956951789e-02
-1.367025586649698015e-03
-4.707926653303239062e-02
-8.879496313572275701e-02
-1.187109901469836082e-01
-1.302866431761901533e-01
-1.237080001179683419e-01
-1.057590398821526972e-01
-8.657715888429461104e-02
-7.564037022056946391e-02
-7.965339300960798397e-02
-1.020547486314907770e-01
-1.413866990953510372e-01
-1.902077743122999598e-01
-2.368029413182977383e-01
-2.673776767801088194e-01
-2.696653524467167440e-01
-2.418918706573314203e-01
-2.034433594411253488e-01
-1.939709222840961533e-01
-2.472022929946958991e-01
-3.563124908764595533e-01
-4.799881042867326086e-01
-5.780541322319039388e-01
-6.310698395438636421e-01
-6.408441131349158493e-01
-6.213411674663308348e-01
-5.889457726618511080e-01
-5.555942460641928315e-01
-5.233851577855272996e-01
-4.839512188182488184e-01
-4.238235318672508023e-01
-3.356485931475732820e-01
-2.327000429198813614e-01
-1.483309403351229794e-01
-1.114607651164290503e-01
-1.223877256279728015e-01
-1.559225587720936279e-01
-1.838822688727594357e-01
-1.879941422345943469e-01
-1.613809247543062653e-01
-1.076876688002808974e-01
-3.735732587839358382e-02
3.732233067162397250e-02
1.050876612471484672e-01
1.573054552278064788e-01
1.900240403559391167e-01
2.051593369654438059e-01
2.088819872565952918e-01
2.093205781308370150e-01
2.150122558866311984e-01
2.315071081713009349e-01
2.581191724135901144e-01
2.892275598336701004e-01
3.198449825752636144e-01
3.533016444811838963e-01
3.990401543981256238e-01
4.613536515030378093e-01
5.334692564752190336e-01
5.994757401053409929e-01
6.410424669895761207e-01
6.440704149864845407e-01
6.041469509204074884e-01
5.288419277371755323e-01
4.337896836498037478e-01
3.375597599738263122e-01
2.578163342862088703e-01
2.043072303398077716e-01
1.737516554547564041e-01
1.543174166370872569e-01
1.365090041178060876e-01
1.188321462959910230e-01
1.036586949152761145e-01
9.240977483403224613e-02
8.394091316715857065e-02
7.437559870192818334e-02
5.834622882279340977e-02
3.085323266465053033e-02
-1.108214125779787354e-02
-6.627936444819147732e-02
-1.289123911638761499e-01
-1.905478475072210354e-01
-2.415060275010769142e-01
-2.719909568409653033e-01
-2.754915643478100251e-01
-2.535011890495117992e-01
-2.204033208607131256e-01
-2.039795587413615052e-01
-2.312848811851816733e-01
-3.050250758177273647e-01
-3.991102560876019223e-01
-4.814196814001861502e-01
-5.353131818448284562e-01
-5.613075964476462731e-01
-5.684200063955727744e-01
-5.656486585192924688e-01
-5.563446918777659178e-01
-5.372433265979030814e-01
-5.008074783396087026e-01
-4.394672859559384248e-01
-3.518686204511096149e-01
-2.494308659962916064e-01
-1.581787405478501662e-01
-1.063396454721507317e-01
-1.016427390265622899e-01
-1.253802667422219963e-01
-1.502977987616938571e-01
-1.579879484933964517e-01
-1.425761515063639073e-01
-1.066028190538451798e-01
-5.680801776618207843e-02
-1.280510895480297014e-03
5.274793729187156333e-02
1.002745422352825794e-01
1.394895164015117206e-01
1.715612306133643961e-01
1.988342125342466016e-01
2.235125406694726813e-01
2.469919748907303536e-01
2.687061146326695793e-01
2.859254338750847890e-01
2.958563018035297310e-01
3.008755959039503547e-01
3.137727910655097041e-01
3.511194082529965899e-01
4.173561615555835824e-01
4.999725722837111697e-01
5.784967771261589897e-01
6.344936169007553417e-01
6.557668923673883876e-01
6.386106342670193614e-01
5.888378792901024505e-01
5.181237871351009883e-01
4.386085413975069347e-01
3.594566502568073973e-01
2.856226337586244557e-01
2.193704676366488027e-01
1.628501517720666036e-01
1.196142853710897846e-01
9.330574054898854719e-02
8.351689224059263839e-02
8.466129700243912870e-02
8.845199277644348601e-02
8.681658165325695231e-02
7.376848524846874033e-02
4.575822323276979714e-02
1.877138927035302890e-03
-5.518162551799165455e-02
-1.191098565874000176e-01
-1.813085067966117014e-01
-2.322801126641815261e-01
-2.634823931278307274e-01
-2.700648701351957559e-01
-2.540110755745548787e-01
-2.279486936978481482e-01
-2.163537764341023906e-01
-2.445902623258932873e-01
-3.168566597523342354e-01
-4.095483188138488440e-01
-4.925569484196614667e-01
-5.503255975688861046e-01
-5.828454859208500594e-01
-5.968895925056557639e-01
-5.986598180480172671e-01
-5.899954434016304594e-01
-5.677333800755681725e-01
-5.253591866487654638e-01
-4.570573154300441310e-01
-3.637492448961027192e-01
-2.588243291261838053e-01
-1.682378339420553537e-01
-1.173848380161985200e-01
-1.111912306011406809e-01
-1.308262033017824622e-01
-1.507263560719398765e-01
-1.542508678794544952e-01
-1.366424387881340352e-01
-1.009361576639941777e-01
-5.358314998394338169e-02
-1.515296543747899531e-03
4.934173284387884800e-02
9.463141119557072489e-02
1.321461930068826840e-01
1.618464650285434681e-01
1.848933667449040585e-01
2.026513480633224673e-01
2.159554513725760461e-01
2.250290526735373442e-01
2.309597248059649666e-01
2.380135147190086953e-01
2.549308680855574272e-01
2.918591088868353611e-01
3.523170967637992423e-01
4.289574300407562601e-01
5.074753609317453895e-01
5.729581908238093879e-01
6.138193584987260421e-01
6.233023397556087808e-01
6.006505371040637975e-01
5.510802356472805918e-01
4.834511989792992237e-01
4.076052380150019250e-01
3.324583849085066545e-01
2.650281203998834378e-01
2.105360816404873159e-01
1.720447507108620322e-01
1.495086901296334148e-01
1.394483614043863229e-01
1.361428790632394914e-01
1.336215686635956190e-01
1.265172033408545060e-01
1.102546737005678512e-01
8.148539106013494293e-02
3.857325081511216863e-02
-1.782955963574022612e-02
-8.463177535952828845e-02
-1.571233427998084964e-01
-2.298596554857858243e-01
-2.973214345079911447e-01
-3.548889000988648679e-01
-3.996521792419647223e-01
-4.306754628972959131e-01
-4.491430989176101174e-01
-4.587699999054722366e-01
-4.665929972558297001e-01
-4.821743415958976153e-01
-5.125859316028829049e-01
-5.567450598168220965e-01
-6.060785383494077250e-01
-6.502155645272481577e-01
-6.806561206089294380e-01
-6.908322081581454999e-01
-6.760204385202362998e-01
-6.341482612423611220e-01
-5.665620856013567908e-01
-4.776598512074718972e-01
-3.731258662962571582e-01
-2.588350750303892722e-01
-1.419845162228610125e-01
-3.335394751250372186e-02
5.251364231099051039e-02
1.035448815176475135e-01
1.195542644090501067e-01
1.126965441598672957e-01
9.799894983142505567e-02
8.537349490901526006e-02
7.837969604491508424e-02
7.656641340472793156e-02
7.754689933090887222e-02
7.809524678057121194e-02
7.507052863169233481e-02
6.704432458475198531e-02
5.784511569060240416e-02
6.016972374062443812e-02
9.196709812661428562e-02
1.630478810195922224e-01
2.659099529216011337e-01
3.823943743979673071e-01
4.948039982697446937e-01
5.896578005589174776e-01
6.571472319308129251e-01
6.916627915392987713e-01
6.932954796944829079e-01
6.676359344447095889e-01
6.229176358526768986e-01
5.668969058576340814e-01
5.055299786695445219e-01
4.435788119593061518e-01
3.870225738077885946e-01
3.438618007755480099e-01
3.192349509660493134e-01
3.102489681405593003e-01
3.076585661197406285e-01
3.015079377601305732e-01
2.846063876402077364e-01
2.527651232015740712e-01
2.045292494342491607e-01
1.412293773944201525e-01
6.665515223006981960e-02
-1.393431030138605510e-02
-9.539143615438860913e-02
-1.740378844206750542e-01
-2.484273020885046923e-01
-3.196824235879960896e-01
-3.907608742365903942e-01
-4.648328562406048303e-01
-5.435251719531856152e-01
-6.245864751182144126e-01
-6.997949975591670757e-01
-7.547723512026173198e-01
-7.717849211576622848e-01
-7.405289623987116876e-01
-6.786005056135868685e-01
-6.356959417603894602e-01
-6.475642684154298001e-01
-6.921482903380372642e-01
-7.220821208322161233e-01
-7.105721087476822850e-01
-6.563392636777534150e-01
-5.722224441911641923e-01
-4.749336916049010648e-01
-3.791012285768829426e-01
-2.947357210508846359e-01
-2.257369159400402781e-01
-1.700043712756062753e-01
-1.214312753741060152e-01
-7.216262789049428250e-02
-1.472860751382626746e-02
5.583475850147330555e-02
1.404316624075661879e-01
2.358116195396781634e-01
3.360273865130151139e-01
4.340751545749262363e-01
5.234372727705507433e-01
6.001003505467831234e-01
6.634389627671639644e-01
7.149636263793281987e-01
7.558746227640743554e-01
7.833176008906472809e-01
7.875826335129951783e-01
7.564354857251794906e-01
6.925493652234121500e-01
6.314818742807696283e-01
6.144955811969765591e-01
6.387248697039326073e-01
6.684344693666727233e-01
6.751938635938685707e-01
6.485783890039579225e-01
5.903438541546729423e-01
5.102554739861616673e-01
4.224472648986964396e-01
3.410013343283339604e-01
2.766193793418471603e-01
2.343927512005030966e-01
2.125563221501892974e-01
2.040643143907558688e-01
1.998663486949516788e-01
1.919776830122341960e-01
1.772959003642379794e-01
1.599130684422570003e-01
1.485764412849013838e-01
1.524318341965593127e-01
1.774780205878853101e-01
2.230780583475714396e-01
2.816149752645093485e-01
3.416853698621477031e-01
3.920286030603088445e-01
4.267089889063432895e-01
4.483552991781445951e-01
4.654256835172456142e-01
4.869442668706503996e-01
5.182430243296066719e-01
5.579296715043871036e-01
5.964531525846656912e-01
6.166812322080682529e-01
6.004215466746870566e-01
5.495360189313068799e-01
5.082793334951963837e-01
5.327891169572348540e-01
6.224743524767045733e-01
7.247721000282411064e-01
7.932461705549237463e-01
8.072856030772006530e-01
7.677586256350292793e-01
6.908711285125800350e-01
5.986117173695204574e-01
5.102384714064330806e-01
4.356807760163946552e-01
3.729013770355680824e-01
3.109972117452708962e-01
2.346554775600239173e-01
1.304057413851976710e-01
-9.105349818136172302e-04
-1.311712154316325152e-01
-2.128095751411923919e-01
-2.154304278424222785e-01
-1.541417611305297419e-01
-7.033524184155659498e-02
2.365996245174902500e-03
4.757431283706232278e-02
6.262374309685825313e-02
5.612633971308709363e-02
4.432582848712022378e-02
4.486205834347072041e-02
7.078690460905870396e-02
1.213479223606599988e-01
1.731215707061654341e-01
1.900889082436884314e-01
1.470705018157731914e-01
4.898226363354819812e-02
-7.235882659902008462e-02
-1.826078281060878883e-01
-2.586577555579154808e-01
-2.919050283291124148e-01
-2.903273318656671154e-01
-2.707932777610198571e-01
-2.496871342497023194e-01
-2.409210520421816992e-01
-2.512192765059284016e-01
-2.738416003879038385e-01
-2.914624009498203994e-01
-2.828023173096722576e-01
-2.338864159722290892e-01
-1.563926371258063941e-01
-8.831324226374759334e-02
-7.067587478502992959e-02
-1.170364155373884441e-01
-2.013717359593520384e-01
-2.829567778489051610e-01
-3.300880861448358128e-01
-3.299027426897098714e-01
-2.912502102271631865e-01
-2.334412635527352564e-01
-1.748555272131608607e-01
-1.292761851476678658e-01
-1.014482341525015097e-01
-8.421184542013707142e-02
-6.216545890899852211e-02
-1.801771785189996977e-02
5.716154852061969965e-02
1.520587321452842311e-01
2.392981377142749388e-01
2.926143729660930504e-01
3.013556878339623268e-01
2.767741886574715537e-01
2.426273760455922579e-01
2.214504074215692675e-01
2.284031342891174876e-01
2.661417234086238537e-01
3.226095176378770413e-01
3.775369945857934284e-01
4.081473353311226293e-01
3.945744448061926923e-01
3.399206792174124803e-01
2.907033442317527028e-01
3.158015430182782857e-01
4.366709030434166028e-01
5.977932719990762811e-01
7.295966871674208765e-01
7.943209770903535416e-01
7.902707606105959792e-01
7.401711315200146801e-01
6.722776183647708459e-01
6.094498861717722038e-01
5.599407373021035861e-01
5.121574900974357192e-01
4.430280308743583251e-01
3.327429198377085395e-01
1.874269143117494041e-01
5.172856348937011906e-02
-2.027003133292216985e-02
-1.065970830733590363e-02
4.937138333611770097e-02
1.142007867584424324e-01
1.530292277261547929e-01
1.523609714448524999e-01
1.158430522110661526e-01
6.086229662006658464e-02
8.135455054732400673e-03
-2.331277931247457275e-02
-1.762410321319050552e-02
2.674500416729062163e-02
8.775418397555931338e-02
1.258961011942507369e-01
1.021824211266155330e-01
1.164854899756628641e-02
-1.101236878508606992e-01
-2.196527755894798206e-01
-2.880679568867121065e-01
-3.108034207361133894e-01
-3.035075436619941169e-01
-2.875662780146929220e-01
-2.825664903650085824e-01
-2.981752642022731381e-01
-3.264327972762399721e-01
-3.475266011475896533e-01
-3.390759485758472191e-01
-2.865313891558017301e-01
-1.996549207377399104e-01
-1.138869010264367543e-01
-7.181774173204839851e-02
-9.338014334203381672e-02
-1.566136408389917078e-01
-2.202466790153067844e-01
-2.517165307950984809e-01
-2.385330867134464461e-01
-1.893613156251334195e-01
-1.219810231656590083e-01
-5.371858532282441229e-02
1.343957088019486238e-03
3.816122784353503244e-02
6.417200482405427397e-02
9.421492540019692219e-02
1.437520968508287644e-01
2.224770533341411949e-01
3.273033687138954817e-01
4.428098640508755235e-01
5.486776448663550632e-01
6.257699641750934516e-01
6.644840102650885205e-01
6.707925550019686600e-01
6.597723253904046459e-01
6.464905811624298559e-01
6.416861171886135695e-01
6.456532235398744213e-01
6.465560637481702067e-01
6.338303402959286625e-01
6.206677647142809784e-01
6.320747197977292231e-01
6.710993613747022746e-01
7.182532535891086312e-01
7.500670168042524732e-01
7.480557326600908441e-01
7.019428757729250234e-01
6.167861489134562891e-01
5.111652041506288269e-01
4.064418787505151842e-01
3.198005877885378712e-01
2.602625306844768005e-01
2.248456239980889393e-01
2.004674620981484467e-01
1.698716211138990295e-01
1.160281298396332733e-01
2.802277229454966725e-02
-9.072756094283794537e-02
-2.205961329959609807e-01
-3.289423145578954100e-01
-3.804549937647605518e-01
-3.638735497857440992e-01
-3.035575219376204781e-01
-2.369749182750963690e-01
-1.908583242596602059e-01
-1.716111779972482598e-01
-1.696711440303798335e-01
-1.691968253731391536e-01
-1.525624362907624099e-01
-1.059103083932498857e-01
-3.328663473699303849e-02
2.989438064374062842e-02
2.841275773885242398e-02
-6.466547394455217368e-02
-2.177764088554899613e-01
-3.773985861491355176e-01
-5.062773777584944623e-01
-5.888453947705937219e-01
-6.280384780802115152e-01
-6.384387451374101685e-01
-6.381934110983570330e-01
-6.416784074602327470e-01
-6.514376248805089364e-01
-6.554596870004301135e-01
-6.317694642297365659e-01
-5.600121993869738857e-01
-4.457292375354841019e-01
-3.365621299472499328e-01
-2.919812133602106563e-01
-3.238468109355034930e-01
-3.889331455694703399e-01
-4.397218845137724763e-01
-4.508391018043398368e-01
-4.187396011527440010e-01
-3.560204235104826864e-01
-2.812542070725054799e-01
-2.124517617123254931e-01
-1.639554678509026475e-01
-1.419858095661944153e-01
-1.419685283163442391e-01
-1.521580190107300612e-01
-1.594765443779521674e-01
-1.523079646547554344e-01
-1.234357044042291296e-01
-7.469354684471193884e-02
-1.539376102749626454e-02
4.342516077033670152e-02
9.116111745387674159e-02
1.209844928998465574e-01
1.349281397206532895e-01
1.427072201605602553e-01
1.571007221129691045e-01
1.909299032558520459e-01
2.523357152355504840e-01
3.391960170372654293e-01
4.388207964874907274e-01
5.331916465956177964e-01
6.053793615540213890e-01
6.464599268569714008e-01
6.596686404980593998e-01
6.562682914969256709e-01
6.482372474964902542e-01
6.444138334511285704e-01
6.449638279769787097e-01
6.384418752200926583e-01
6.147113372973130874e-01
5.883407350734045638e-01
5.901951567253678199e-01
6.272487407831253137e-01
6.783891693803018041e-01
7.184548929178988796e-01
7.290100447837060127e-01
6.988881988975852444e-01
6.296626310316189024e-01
5.366251931704575373e-01
4.403754892271231625e-01
3.582550702846023505e-01
2.996852792330406690e-01
2.640050250247094610e-01
2.410884936787702215e-01
2.153180219882392110e-01
1.696029287391853380e-01
9.044630027907597791e-02
-2.197793165867684487e-02
-1.477154116323311783e-01
-2.510418704442993199e-01
-2.939887210939176043e-01
-2.648883068495596071e-01
-1.905552617528041282e-01
-1.110766113110373265e-01
-5.492867107822034523e-02
-2.965948302888382626e-02
-2.558130746277995429e-02
-2.693394126752704509e-02
-1.777465821137275484e-02
1.536126753287823249e-02
7.721253048039691813e-02
1.567131371078480384e-01
2.236601535457119205e-01
2.388529731119573840e-01
1.845675451541076428e-01
8.207085241151886035e-02
-2.949563412028183285e-02
-1.201444545042305717e-01
-1.782353808319422639e-01
-2.069777253158889552e-01
-2.179299169640328548e-01
-2.255295946281552499e-01
-2.422821174232347163e-01
-2.751582422464747824e-01
-3.228569468296547673e-01
-3.765484979730940873e-01
-4.246365568217040365e-01
-4.550133441012730873e-01
-4.569432891965952148e-01
-4.267439466391383940e-01
-3.716528487359508359e-01
-3.121942600396330203e-01
-2.804577207070531597e-01
-2.996334689454725475e-01
-3.611738493976012765e-01
-4.321169224176172885e-01
-4.845150554568107837e-01
-5.123696866351108437e-01
-5.236219485565226650e-01
-5.284003941460049258e-01
-5.319399548270252742e-01
-5.312844015892740357e-01
-5.186785251431133004e-01
-4.860271204460799299e-01
-4.273656653893330715e-01
-3.420126974820157373e-01
-2.373756294998762839e-01
-1.328772348576023887e-01
-5.889726623366880326e-02
-3.757960174465721503e-02
-6.264055273868428253e-02
-1.064432017483538523e-01
-1.436809937993811237e-01
-1.638656432266150931e-01
-1.674520319834879589e-01
-1.599699113283927221e-01
-1.489071785909100998e-01
-1.404613965684474164e-01
-1.379481677242982152e-01
-1.418946309685620855e-01
-1.508854894408297731e-01
-1.638124836848842414e-01
-1.804646449743784464e-01
-2.006338811344772211e-01
-2.249747857459172273e-01
-2.554898156350686733e-01
-2.944893749934050509e-01
-3.430130526705510996e-01
-3.982912652645205775e-01
-4.542222897763106837e-01
-5.050897676502267286e-01
-5.470151594122664163e-01
-5.781442748182105129e-01
-5.983545041628436367e-01
-6.079348152766658187e-01
-6.070310138828621804e-01
-5.947918604645351381e-01
-5.709056426822389785e-01
-5.437237251528372894e-01
-5.350131229904044883e-01
-5.644890103821834648e-01
-6.253944751455956519e-01
-6.916401537336120953e-01
-7.425539703401335956e-01
-7.674436653840613909e-01
-7.611994491611863145e-01
-7.236850587495167186e-01
-6.606848754940896074e-01
-5.830669901491799534e-01
-5.016865988886470840e-01
-4.229452483359102954e-01
-3.485123905003868483e-01
-2.750674922545299772e-01
-1.952463013102345712e-01
-1.027349046578752007e-01
-1.328373545162008515e-03
8.542488816134641283e-02
1.239337263021681734e-01
1.016293376537054094e-01
3.676183181403395311e-02
-4.176671805214789146e-02
-1.131196293254295299e-01
-1.674639430330763235e-01
-2.016927322534416978e-01
-2.185929881548208109e-01
-2.271315075540496220e-01
-2.386691075757338687e-01
-2.627566884937818648e-01
-3.040121450636318334e-01
-3.587761088234333595e-01
-4.153060471948315513e-01
-4.579987706832528982e-01
-4.740583267408453039e-01
-4.621359047907950268e-01
-4.335095376463996564e-01
-4.035506578368850406e-01
-3.838951643634775368e-01
-3.791999786602034406e-01
-3.865894299391059996e-01
-3.960858240476782810e-01
-3.929516310416759084e-01
-3.677485800367769064e-01
-3.367158002994509181e-01
-3.445498953197892456e-01
-4.200874688499087184e-01
-5.430246825114898312e-01
-6.702035897081709548e-01
-7.674168129655416504e-01
-8.135309679381559356e-01
-8.025875370402970610e-01
-7.464683304694580412e-01
-6.677701385738759043e-01
-5.882548043143166483e-01
-5.186484104000321782e-01
-4.549377065275874155e-01
-3.831613258920060772e-01
-2.903986051692032389e-01
-1.836465247801705170e-01
-9.870709711210251536e-02
-7.253021740316871468e-02
-1.081026215175169558e-01
-1.755881225174898141e-01
-2.427550843504126532e-01
-2.902195406736131633e-01
-3.084176326106867760e-01
-2.971931578351270087e-01
-2.664329208709248498e-01
-2.323306827185055712e-01
-2.121380677495580958e-01
-2.195229686622926502e-01
-2.580292099956043028e-01
-3.164765579668052942e-01
-3.751701922949286505e-01
-4.145250448922017106e-01
-4.222327508340915081e-01
-4.023111506793100034e-01
-3.725379322006701632e-01
-3.521214549057849474e-01
-3.551754452552797203e-01
-3.845887293422484698e-01
-4.289172763115307041e-01
-4.691116860986347947e-01
-4.820925677237710150e-01
-4.472010355760061007e-01
-3.702787955564144640e-01
-3.030452580044122324e-01
-3.182035682290359491e-01
-4.324072723202137536e-01
-5.832710986233812234e-01
-7.028767484779228081e-01
-7.586023416293568022e-01
-7.524552682619312094e-01
-7.074164229738575393e-01
-6.493569141032808911e-01
-5.985134131958533832e-01
-5.608827811427660182e-01
-5.249705577424557124e-01
-4.708423940071171931e-01
-3.782405157858610978e-01
-2.422550732521485117e-01
-9.353040021353925537e-02
9.472658735280867562e-03
2.242816662345821499e-02
-4.068308690420791712e-02
-1.266339074396637676e-01
-1.929840132781001083e-01
-2.204549322671962852e-01
-2.099454314557030465e-01
-1.768702298297436803e-01
-1.403529780587655651e-01
-1.188293654483324052e-01
-1.278940018416177549e-01
-1.716698055619166607e-01
-2.380164194829094415e-01
-3.032266286280684842e-01
-3.393930024358658981e-01
-3.290764733839565692e-01
-2.790850953683255420e-01
-2.144195067213263695e-01
-1.622480955804822267e-01
-1.393430963098828135e-01
-1.458929647373563565e-01
-1.700121485127947252e-01
-1.961445744470968755e-01
-2.096468686846163221e-01
-1.998400569792549708e-01
-1.639244297095001635e-01
-1.077010069713389417e-01
-4.393281852817357974e-02
6.200074708557227511e-03
1.811347429531222353e-02
-1.882687780820006471e-02
-9.117697061075850928e-02
-1.711630406536904514e-01
-2.392700347923740478e-01
-2.944454398182945742e-01
-3.450727876998466725e-01
-3.993266674106157321e-01
-4.587653004179579885e-01
-5.161232237075455975e-01
-5.593834103642721933e-01
-5.762676090830638476e-01
