7.289686274214116080e-02
7.205875129649289001e-02
6.873024276268976940e-02
6.345393354950232268e-02
5.594759308165828809e-02
4.677732756506629980e-02
3.551405890468665311e-02
2.181904559584953857e-02
5.131607308241319457e-03
-1.448398280692142666e-02
-3.653876038758990114e-02
-6.088865626375658535e-02
-8.608404627710330992e-02
-1.112017254744177980e-01
-1.339285810833037715e-01
-1.536491622435265381e-01
-1.695531075239745944e-01
-1.821352562597408076e-01
-1.912786737935431858e-01
-1.977663405392323936e-01
-2.018104064292519650e-01
-2.033615995701545387e-01
-2.014774730319368323e-01
-1.941564444459921712e-01
-1.803321345197370917e-01
-1.590951111803565465e-01
-1.329329881338426889e-01
-1.075868714206634630e-01
-9.423283332558257674e-02
-1.035404909817492503e-01
-1.394414357587892284e-01
-1.947010144421205957e-01
-2.564263328683156207e-01
-3.129718003345112187e-01
-3.562254821553353379e-01
-3.831538998290841547e-01
-3.929961599646271120e-01
-3.885453006982492186e-01
-3.722882218413479660e-01
-3.467749231257893361e-01
-3.125286588073942218e-01
-2.692757065428811325e-01
-2.162991834509377376e-01
-1.543208666031347653e-01
-8.793458641329647552e-02
-2.638569492846059780e-02
1.783414562934779873e-02
3.733827608404668291e-02
3.292270426199150196e-02
1.415628092555032587e-02
-8.369681665844433752e-03
-2.650312403999092320e-02
-3.677210683297031657e-02
-4.012167450850032124e-02
-4.012413907787821393e-02
-4.168170943905402659e-02
-4.797961646919809975e-02
-6.004063216114176316e-02
-7.442802349776699022e-02
-8.548611313547176127e-02
-8.516350509173317707e-02
-6.868248017453584819e-02
-3.623979220172537929e-02
5.851603773086150144e-03
4.923382859220096219e-02
8.764792079936346847e-02
1.180625483168986078e-01
1.409830441570728010e-01
1.579226794019346902e-01
1.712704480222014825e-01
1.813057539535851692e-01
1.874692797500443764e-01
1.868697939693755583e-01
1.775180111835133745e-01
1.581179764734891580e-01
1.295211830420034682e-01
9.403044307876694263e-02
5.517000454616112493e-02
1.714742334056013409e-02
-1.659479034775670006e-02
-4.361476539592239882e-02
-6.371359595593983904e-02
-7.663537367391536070e-02
-8.335651937675844780e-02
-8.428868501244528300e-02
-8.098131083121808127e-02
-7.475691149211517728e-02
-6.718078287203016474e-02
-5.979359804682884971e-02
-5.367754759121567965e-02
-4.915452748097685898e-02
-4.480028194171551542e-02
-3.870954545246556300e-02
-2.857075960771080295e-02
-1.487346088763027638e-02
-4.551454684633833266e-04
7.650836931196053695e-03
1.923747458949440908e-03
-2.236508085662214720e-02
-6.307909882911787169e-02
-1.120533878255060567e-01
-1.596277503581353674e-01
-1.980799560852393171e-01
-2.240914155238845906e-01
-2.373463546000461055e-01
-2.407449477076888944e-01
-2.372384440793546545e-01
-2.297108475339655342e-01
-2.182169016359604974e-01
-2.011132701358394892e-01
-1.755889051228037567e-01
-1.398248457494797037e-01
-9.456431592293923494e-02
-4.388494934766820621e-02
4.615570437481045576e-03
4.271942124988547390e-02
6.444251074756307540e-02
7.034353425713113506e-02
6.547715519642008375e-02
5.724815546457986265e-02
5.076616043657102006e-02
4.818163718258365591e-02
4.864613420092910728e-02
4.939858823421474504e-02
4.749940399612422731e-02
4.069673376510452023e-02
2.884047590983605802e-02
1.322529618402071110e-02
-2.574394255886462875e-03
-1.435351071792697296e-02
-1.675373601634250892e-02
-6.349058923279280592e-03
1.760652662195515833e-02
5.230447659468339533e-02
9.317921425965830506e-02
1.357651866097258631e-01
1.758958409191288264e-01
2.104274766408000541e-01
2.365226745833313715e-01
2.527257076451588369e-01
2.579462008834527698e-01
2.526645982377697663e-01
2.376965377064922946e-01
2.149128747913476301e-01
1.858425286738694115e-01
1.515477409712551460e-01
1.127756131725647093e-01
7.073710696410688559e-02
2.853392427589147157e-02
-9.224689161942873500e-03
-3.701925335964217911e-02
-5.153508284489417834e-02
-5.258146103566612578e-02
-4.426495507588747158e-02
-3.222718682261482143e-02
-2.186033811175399841e-02
-1.623921213589355622e-02
-1.571547679976881967e-02
-1.866538522453733973e-02
-2.182709752718382107e-02
-2.185853772180295848e-02
-1.595392093827946445e-02
-3.948708573067775084e-03
1.158918312756262135e-02
2.460437078185944565e-02
2.839665769735546033e-02
1.773358052138252622e-02
-7.809824651901041762e-03
-4.375340734568085310e-02
-8.313767510562465601e-02
-1.195470816980670620e-01
-1.496847533011333720e-01
-1.726214641208014544e-01
-1.891439098668073193e-01
-1.996991499934646641e-01
-2.045259523495844278e-01
-2.027213179412341304e-01
-1.933267662745334625e-01
-1.752320684036445253e-01
-1.482955595347625888e-01
-1.137030046120647703e-01
-7.379233057436397625e-02
-3.193429213000253952e-02
8.432549042465794023e-03
4.382038748337191425e-02
7.191166541753563068e-02
9.147499139953409186e-02
1.032372239698775562e-01
1.085708190312553861e-01
1.094789281771187256e-01
1.076784708328632767e-01
1.045737823489451407e-01
1.010890808906742960e-01
9.716390561639039192e-02
9.217794123080652602e-02
8.474276915089599960e-02
7.380787124305632219e-02
5.909323878704783595e-02
4.327994750316437045e-02
3.235145640546625151e-02
3.513244240411098063e-02
5.819823080896585621e-02
1.014919490848406602e-01
1.578039158131850639e-01
2.164268003026869891e-01
2.680137069142815021e-01
3.062444192112255270e-01
3.289398834584518760e-01
3.368502578844475015e-01
3.329018997517845802e-01
3.199290112398255892e-01
2.998062761113026720e-01
2.724416075780324298e-01
2.365410451532086178e-01
1.909938364917665443e-01
1.369405027858288382e-01
8.024562324631129284e-02
3.072394518274772918e-02
-1.257379661574935118e-03
-1.127909310612252962e-02
-3.045805106462989419e-03
1.401678766345732831e-02
3.038506759812006561e-02
3.992772871891371589e-02
4.107432744705530325e-02
3.609090060430709263e-02
2.911996882639814738e-02
2.470369926095746654e-02
2.559221624908535400e-02
3.246514291749752479e-02
4.302487742877714183e-02
5.309116413104751631e-02
5.743324753165576085e-02
5.234157570997247794e-02
3.702541726456871907e-02
1.407954664566112186e-02
-1.240401494383430205e-02
-3.901130143024657271e-02
-6.381311899334644877e-02
-8.656600367000602536e-02
-1.071192150186475317e-01
-1.251002803782832740e-01
-1.388371812532812610e-01
-1.462409084487285016e-01
-1.453039713369204122e-01
-1.354312307792585046e-01
-1.174279056311693520e-01
-9.335918795976297369e-02
-6.564888348894812320e-02
-3.624557913870610215e-02
-6.300633226755263799e-03
2.435370258643629673e-02
5.608492527975620506e-02
8.892876813964810390e-02
1.212512331196496096e-01
1.504712277859862612e-01
1.737217375397716868e-01
1.895440519793715750e-01
1.980975890889897228e-01
2.012166363293548532e-01
2.013344056068226695e-01
2.001675172912301681e-01
1.979100945233240039e-01
1.925988215718777985e-01
1.814694359501795862e-01
1.626947157321525783e-01
1.391141466305458874e-01
1.203639560116775004e-01
1.212634248413896193e-01
1.524108335343762055e-01
2.114718296333914227e-01
2.840570873408428398e-01
3.528318176866835909e-01
4.053095718060938379e-01
4.355440753173497881e-01
4.438263208314059405e-01
4.341085439772102150e-01
4.119635635176455701e-01
3.815536697395536803e-01
3.441145045503906652e-01
2.977599599613005021e-01
2.396328104833687633e-01
1.694965231355052837e-01
9.338809502395080397e-02
2.479218935070792371e-02
-2.084632316463648841e-02
-3.514040474556951593e-02
-2.294661623947119589e-02
2.135934838678943491e-03
2.619877272670732490e-02
4.098858837378507869e-02
4.497912428018987357e-02
4.171345293352869688e-02
3.747584228981441778e-02
3.834873624358474398e-02
4.776174403593325124e-02
6.385781883899969980e-02
7.932541893510980380e-02
8.327121757736649643e-02
6.703401857024679500e-02
2.924347122674649316e-02
-2.270635519727198792e-02
-7.712787679161174637e-02
-1.241501397802643736e-01
-1.592648298829487108e-01
-1.835488214312438471e-01
-2.008835129529209784e-01
-2.151982851309383882e-01
-2.278173991911700003e-01
-2.371067079147260448e-01
-2.388613697181727058e-01
-2.286997755850707359e-01
-2.039940743131504752e-01
-1.658138823664597195e-01
-1.192253798245915125e-01
-7.211398030549726057e-02
-3.279615141180226845e-02
-6.730640405587109444e-03
5.423312170908591544e-03
7.603509978198855733e-03
5.080818304174195346e-03
1.745199157450834067e-03
-1.383107923909579658e-03
-4.889644674361108036e-03
-9.553251873827829990e-03
-1.518278200912824213e-02
-2.046207216212956800e-02
-2.377314357090442448e-02
-2.399358449227686346e-02
-2.150910855951668546e-02
-1.816374231606087200e-02
-1.688846756625570628e-02
-1.994042991126756745e-02
-2.760766286363973074e-02
-3.680693405465743778e-02
-4.207720236282078141e-02
-3.789040560186406059e-02
-2.184254781576095220e-02
3.747898915349453294e-03
3.299670628893669466e-02
5.914306934880525501e-02
7.749915598249922100e-02
8.660247607972584860e-02
8.819663032817559589e-02
8.540975537969298925e-02
8.127661558254309360e-02
7.704315835247767252e-02
7.197491757743709750e-02
6.375817468203184846e-02
4.980519650617071248e-02
2.860859390220793844e-02
5.880279478727431586e-04
-3.184745850188649974e-02
-6.531413851495912470e-02
-9.661604190548271631e-02
-1.241690912050950890e-01
-1.481491934956416512e-01
-1.703382989623939414e-01
-1.926283943064021620e-01
-2.159561392546333614e-01
-2.392926421564045836e-01
-2.598325997474170146e-01
-2.737070913518267479e-01
-2.772432781782819822e-01
-2.681355355168278942e-01
-2.465968929448025260e-01
-2.167913056552705497e-01
-1.876355832726124551e-01
-1.718593176824811664e-01
-1.801525486923374608e-01
-2.140959226148166916e-01
-2.646046712411785906e-01
-3.185226649259181309e-01
-3.655787837794421402e-01
-4.002423760098143268e-01
-4.203577702347664480e-01
-4.252084355384340708e-01
-4.148966217876851603e-01
-3.900216941393668257e-01
-3.519191227282641443e-01
-3.021942280558622684e-01
-2.426964503018444186e-01
-1.755021679004625246e-01
-1.037344476107728286e-01
-3.264626632747168883e-02
3.014139475656148898e-02
7.630413221949741698e-02
1.007744132714557261e-01
1.045122994098226371e-01
9.387787514713641368e-02
7.673804152546349899e-02
5.929512914067273238e-02
4.458726786711524753e-02
3.283134081909964280e-02
2.225913381217487289e-02
1.035552720176216926e-02
-4.242068366016465281e-03
-1.961451623581001238e-02
-2.884805992014364412e-02
-2.178870762812805048e-02
9.493959282444463382e-03
6.471183950933453999e-02
1.350311490364308753e-01
2.077646043499750961e-01
2.717698633252770279e-01
3.201694709346242784e-01
3.507967875506757260e-01
3.654440649172477906e-01
3.678638895023262911e-01
3.617780177696173771e-01
3.488308676879583459e-01
3.280470426782345905e-01
2.964653354920008810e-01
2.517183645206759746e-01
1.954914262576760708e-01
1.364834260227433538e-01
8.907935453484296107e-02
6.608554718145615015e-02
7.025578604830945428e-02
9.253488806442763948e-02
1.189018636697076053e-01
1.378773501189672623e-01
1.443177996969915999e-01
1.390063915593517663e-01
1.265307982693726074e-01
1.125548230768228242e-01
1.015095933170818698e-01
9.521903324928077117e-02
9.262385565516778607e-02
9.076044112766748495e-02
8.622583975935882439e-02
7.714226050314026972e-02
6.414502839624081076e-02
5.043867328456366761e-02
4.003262683066226985e-02
3.577196265324762009e-02
3.773025584927534870e-02
4.327325833214586137e-02
4.838764247532273410e-02
4.976008675318547431e-02
4.652784886968747147e-02
4.074473414938922788e-02
3.643815755806290718e-02
3.739239557018340238e-02
4.546460919624777802e-02
5.962519507260786999e-02
7.671606786945421586e-02
9.273173074885099343e-02
1.045314430651689830e-01
1.108710531966546897e-01
1.127487545471364955e-01
1.124761168884221979e-01
1.122121978598676906e-01
1.125942559149186034e-01
1.120806448938021921e-01
1.076479275914612316e-01
9.634624230534633016e-02
7.789130625393013430e-02
5.670096077458827016e-02
4.187750815108662317e-02
4.300754371309149782e-02
6.423452960699048420e-02
1.010767377910633119e-01
1.431504762695780253e-01
1.797397877306519676e-01
2.039322628277315530e-01
2.141113784834442757e-01
2.128338047850260317e-01
2.047081992587481691e-01
1.936907059906983475e-01
1.813891411534486464e-01
1.664788965658351161e-01
1.457749358119202476e-01
1.159171642278340603e-01
7.537400649543674058e-02
2.579741344418918364e-02
-2.777994637544049794e-02
-7.824553785948928919e-02
-1.191379075164188395e-01
-1.472126916593884116e-01
-1.636729566250825774e-01
-1.727603809574880800e-01
-1.792169318189012761e-01
-1.857913417628897501e-01
-1.923680227609509408e-01
-1.963750010978411176e-01
-1.942367504445083881e-01
-1.829369763710282926e-01
-1.615055539637677284e-01
-1.325982538183012038e-01
-1.038435088008142215e-01
-8.776840839203382816e-02
-9.703523044962038269e-02
-1.362518048885972000e-01
-1.978193859618534167e-01
-2.675156622143636809e-01
-3.329322401429474221e-01
-3.869654456150539157e-01
-4.265655874012067028e-01
-4.505031809490168127e-01
-4.582806644184759248e-01
-4.497505657715495930e-01
-4.253115157422114878e-01
-3.857922733748859190e-01
-3.326272826116559167e-01
-2.681219736848178270e-01
-1.964785106652249813e-01
-1.250735099213085011e-01
-6.451345202589503502e-02
-2.530003660665195581e-02
-1.192214357222722877e-02
-2.001892144921906674e-02
-3.961864053792886475e-02
-6.104066543789662957e-02
-7.809704111646094404e-02
-8.848377623609238185e-02
-9.274460367047691889e-02
-9.320799567088022819e-02
-9.290093317826302044e-02
-9.429272597382255816e-02
-9.811049719784105394e-02
-1.024758484031266792e-01
-1.031753223896913763e-01
-9.514923505161751449e-02
-7.511961431882957507e-02
-4.354329691667593177e-02
-4.820354811652383976e-03
3.478627137152746213e-02
6.971791709281782712e-02
9.684372108325026152e-02
1.157639457806330097e-01
1.279737075146913095e-01
1.356521088863602842e-01
1.403706111498349007e-01
1.423549369321062685e-01
1.403134622961529354e-01
1.322096983810544801e-01
1.162322373168523243e-01
9.187156475517756216e-02
6.031775751801755903e-02
2.438678811699847987e-02
-1.216396493425712759e-02
-4.566129246417146431e-02
-7.357193585020456450e-02
-9.509711834649081652e-02
-1.108707653002323074e-01
-1.221639329683102404e-01
-1.299999753465061747e-01
-1.349321199843426244e-01
-1.370626743972772066e-01
-1.364172677211952234e-01
-1.330943125200312882e-01
-1.272971959673240283e-01
-1.190989843666897668e-01
-1.082399370715946968e-01
-9.433538058388885039e-02
-7.779498227054003345e-02
-6.138942141797474467e-02
-5.125046952097526975e-02
-5.565623793457809970e-02
-8.063488444563433888e-02
-1.256644291799738078e-01
-1.832617976274361626e-01
-2.427240396885518570e-01
-2.943092813200200997e-01
-3.315171968098719057e-01
-3.517185465161664082e-01
-3.556905545627900844e-01
-3.465206413239937944e-01
-3.278834621628048396e-01
-3.024347987156605910e-01
-2.707106862582838724e-01
-2.314233653121271217e-01
-1.830823246748845834e-01
-1.267782192141508057e-01
-6.856013363414341366e-02
-1.906310576996097725e-02
1.106420697973605968e-02
1.760038650085408996e-02
5.344101387651328978e-03
-1.522442289916168222e-02
-3.382754348955414880e-02
-4.423024081528587059e-02
-4.524285518847207671e-02
-3.968605534750690306e-02
-3.254581318043627686e-02
-2.889459473657526173e-02
-3.201137787992358597e-02
-4.205807161943311834e-02
-5.558613138599337311e-02
-6.647627699388593270e-02
-6.819663866771234761e-02
-5.692692882204514887e-02
-3.354594662091234247e-02
-3.058525803505169824e-03
2.836963163055779627e-02
5.639153365226057951e-02
7.973698090316115594e-02
9.940663627411865100e-02
1.168540819064667058e-01
1.324567817466517361e-01
1.448351341752300014e-01
1.514152114070534683e-01
1.495854510587379671e-01
1.379963783772213681e-01
1.171903269175222778e-01
8.950053007488964485e-02
5.812872392519279063e-02
2.601641028025422978e-02
-5.168745524333732445e-03
-3.531046360232963782e-02
-6.515770345184158929e-02
-9.510303603937465822e-02
-1.241235212262042920e-01
-1.498212909251420422e-01
-1.694408696432283257e-01
-1.813273388956063714e-01
-1.857328030233372507e-01
-1.847133889943220475e-01
-1.810071893728602554e-01
-1.766872546304176783e-01
-1.720775573408753478e-01
-1.654992144946403620e-01
-1.541813878582387054e-01
-1.364826180984225201e-01
-1.152505211768313220e-01
-1.001836537220057305e-01
-1.052182519794770121e-01
-1.395162577987047736e-01
-1.997055766318732162e-01
-2.716277704847651631e-01
-3.388615182586688923e-01
-3.893620736126467419e-01
-4.176198284230532853e-01
-4.241973623813728445e-01
-4.137349166846535087e-01
-3.921739065228506682e-01
-3.638189537069602131e-01
-3.295778033363350179e-01
-2.870578692462613657e-01
-2.328443776197809956e-01
-1.662971304811162176e-01
-9.352073996009986623e-02
-2.814333604903792793e-02
1.426011038513936256e-02
2.588193393975531803e-02
1.201089610828767230e-02
-1.345845386668508004e-02
-3.671098036802810521e-02
-4.967537771348962822e-02
-5.108714761117479075e-02
-4.497558679164915391e-02
-3.803106952710494371e-02
-3.672155775143285533e-02
-4.456187722856858047e-02
-6.008861858844223580e-02
-7.651820831393738032e-02
-8.384141358238060560e-02
-7.345110603927314241e-02
-4.314048488758993882e-02
1.171701764101443829e-03
4.900724294411971244e-02
9.108603093949778351e-02
1.231897569814289911e-01
1.462984157090992665e-01
1.641096878404524895e-01
1.800475550415736870e-01
1.950896545447809161e-01
2.071279202253663021e-01
2.118994339774606939e-01
2.050915549982176567e-01
1.844603161341408504e-01
1.512004554491374608e-01
1.097619344128181185e-01
6.649719827634370528e-02
2.762005024392106753e-02
-2.849843469036160946e-03
-2.422212075946562557e-02
-3.848947770215677827e-02
-4.825849608337522134e-02
-5.487272973390347475e-02
-5.806613159894996601e-02
-5.710724786396841057e-02
-5.199802631824706339e-02
-4.409312877870234793e-02
-3.575970000987056113e-02
-2.944161877694077833e-02
-2.650411185313317555e-02
-2.637578215633127471e-02
-2.651217968967076524e-02
-2.349816923571195273e-02
-1.508283299694117112e-02
-2.425355021105514170e-03
8.707005874711277668e-03
9.643115467593792525e-03
-6.648542494889979164e-03
-4.081603272581654784e-02
-8.621628020534582992e-02
-1.324793312345148577e-01
-1.703768494845384618e-01
-1.949397729263850909e-01
-2.060522214108885808e-01
-2.071000117027622101e-01
-2.026208351826803977e-01
-1.959920677394636768e-01
-1.878278156496230034e-01
-1.758834652995313330e-01
-1.563337696191357540e-01
-1.259710191416251734e-01
-8.433340920725668211e-02
-3.492798263837803424e-02
1.519827795122517637e-02
5.772426909066797479e-02
8.654207875370668879e-02
1.006189521290493938e-01
1.040578668758587316e-01
1.033001814556567949e-01
1.035249329207284935e-01
1.066462166849501819e-01
1.113462014766622848e-01
1.144779965890111023e-01
1.127293650417455773e-01
1.039809523831984189e-01
8.812796533236119667e-02
6.743639801228538955e-02
4.658543820943860519e-02
3.220863445322000307e-02
3.133421068621908973e-02
4.849940642980740679e-02
8.330387133112752973e-02
1.306498288490013371e-01
1.836265713559243618e-01
2.360969312439464840e-01
2.833523697460397783e-01
3.216396242340897604e-01
3.478255962423210113e-01
3.597021298027311409e-01
3.565089908478774050e-01
3.391554536127586728e-01
3.098098869804453703e-01
2.711571434960552973e-01
2.256927844937842986e-01
1.756988653432959013e-01
1.240272506921178408e-01
7.527110698629735364e-02
3.588627019316783379e-02
1.196275416874092654e-02
5.795398666649380880e-03
1.430689068912482584e-02
3.076089196882439078e-02
4.787079771578566650e-02
6.015434699009134661e-02
6.492245328415720274e-02
6.240836374332982273e-02
5.524427914536985534e-02
4.741796434393372867e-02
4.286720304057344000e-02
4.400600484299847098e-02
5.061442316106037898e-02
5.947119805266612436e-02
6.525673272794713098e-02
6.271797500767124778e-02
4.930972558558645996e-02
2.658719982222274014e-02
-6.825376871380691964e-04
-2.708653678586990521e-02
-4.893491361174572701e-02
-6.521538677034240117e-02
-7.702514581347093270e-02
-8.612511540949943645e-02
-9.353386032093184699e-02
-9.874581032964815930e-02
-9.995099022314403447e-02
-9.497001982068009607e-02
-8.238430180402177283e-02
-6.224775853724855146e-02
-3.619167762909376862e-02
-6.847368335208593032e-03
2.310265516546580397e-02
5.191550141710346566e-02
7.933167897231445387e-02
1.062919108961226655e-01
1.339988617256895886e-01
1.628466829558099793e-01
1.918595624018447632e-01
2.188595529910881687e-01
2.412517292256453616e-01
2.569183059277679315e-01
2.648621697108478057e-01
2.651801144845213343e-01
2.585156629806834583e-01
2.454796770393107841e-01
2.267613701758850187e-01
2.044354797245447330e-01
1.840826597918917007e-01
1.755650688224895950e-01
1.892637809048590414e-01
2.287559353093868431e-01
2.871729632295457191e-01
3.512423361528026478e-01
4.077381768650371607e-01
4.470924362388937756e-01
4.642902389673490560e-01
4.588269172728696721e-01
4.340335898937904835e-01
3.953173884939596427e-01
3.477959583103622521e-01
2.943174242394866469e-01
2.349548097964374027e-01
1.684412540399292113e-01
9.536969684203658315e-02
2.165962411089052825e-02
-4.085994904426763774e-02
-7.957337170320505360e-02
-8.917094473562590939e-02
-7.511528541460087138e-02
-4.946519545097152748e-02
-2.396482215033966107e-02
-5.847085587738903682e-03
3.142757861607264631e-03
5.909353177641932416e-03
8.118928621319717112e-03
1.536112336583259769e-02
2.959448653757196582e-02
4.592328240314146048e-02
5.249192320368160219e-02
3.602722659213294931e-02
-9.351157006886559597e-03
-7.727419202079420513e-02
-1.528562511669413204e-01
-2.207785469103646092e-01
-2.712459935807260969e-01
-3.018891910476231843e-01
-3.164232708615550282e-01
-3.213642364350116631e-01
-3.223788115055301606e-01
-3.214717839255840093e-01
-3.159439939161472477e-01
-2.997868374150892135e-01
-2.670728700855524163e-01
-2.164225795994017265e-01
-1.546478818962347956e-01
-9.662506166056961110e-02
-5.920727701009750182e-02
-5.125992335484082923e-02
-6.770555551693988039e-02
-9.380439348399094435e-02
-1.149974811416927117e-01
-1.236884168946773416e-01
-1.201825406262990448e-01
-1.097279876035009705e-01
-9.870528236167278036e-02
-9.164306338805823515e-02
-8.967878829245150285e-02
-9.064217308684657803e-02
-9.052051694957916061e-02
-8.558890217594181116e-02
-7.445211383307608066e-02
-5.906871129737421844e-02
-4.401146408416664602e-02
-3.431027287790537617e-02
-3.289266054600196304e-02
-3.895531151563130789e-02
-4.823261966567810033e-02
-5.511923547099752824e-02
-5.550177682657608108e-02
-4.895729501438234044e-02
-3.899457034706527159e-02
-3.117467588252775465e-02
-3.027998407825614399e-02
-3.803634099924342593e-02
-5.250363425973070958e-02
-6.925337043064073994e-02
-8.351540386470074351e-02
-9.222699422981758821e-02
-9.521786384672954739e-02
-9.493531551026163084e-02
-9.493149921791886603e-02
-9.785548839473114102e-02
-1.038790837082999435e-01
-1.102337654308767484e-01
-1.121463611660468429e-01
-1.049210685715750296e-01
-8.671607079146052832e-02
-6.106871305436908232e-02
-3.728889652772703761e-02
-2.705840408654884219e-02
-3.796248097464945126e-02
-6.845051697654297440e-02
-1.088002844935771068e-01
-1.470871049768047445e-01
-1.749756886415846646e-01
-1.900776369251612752e-01
-1.948837101775860725e-01
-1.939156847564693087e-01
-1.908330171693700394e-01
-1.865924034315003532e-01
-1.792381847519000093e-01
-1.651130351012349562e-01
-1.407860807969300854e-01
-1.048702556131176078e-01
-5.910030810046870003e-02
-8.145571590039372284e-03
4.180871548605247234e-02
8.522504868134095357e-02
1.191964475866866546e-01
1.441393328024578036e-01
1.627739859967322900e-01
1.780937000603844966e-01
1.915990632246539205e-01
2.026978738799381230e-01
2.093619641505156392e-01
2.093300741094399342e-01
2.011651878506204305e-01
1.847822986068626550e-01
1.616920216551353817e-01
1.354874356497350329e-01
1.126214881239654131e-01
1.022655812502142880e-01
1.133485689424478249e-01
1.493065389599016468e-01
2.053645718348741378e-01
2.715441803260505438e-01
3.376072000381000748e-01
3.954467391772140128e-01
4.390388792537063267e-01
4.641349507986861633e-01
4.686485446843305369e-01
4.531474667043976501e-01
4.205542276349542585e-01
3.748602189911985905e-01
3.196280101711995170e-01
2.573111624860184854e-01
1.901298414108659185e-01
1.223201119141278936e-01
6.202999569910403604e-02
1.973745032674354208e-02
2.475660016272965801e-03
8.873329778459719541e-03
3.021731599057314935e-02
5.576369571166659572e-02
7.711613067404186894e-02
8.984525118652479658e-02
9.343872136556820307e-02
9.059895809601496708e-02
8.595387174485920323e-02
8.412826152042957029e-02
8.747758980845178611e-02
9.428234801126372799e-02
9.859374125793918253e-02
9.259687704271486741e-02
7.083491103075065243e-02
3.375475941956964515e-02
-1.209958632714696301e-02
-5.743903902052687610e-02
-9.448867635493837791e-02
-1.196776306384917110e-01
-1.339504530048000741e-01
-1.411693948293490652e-01
-1.456955803831878060e-01
-1.501763662174591951e-01
-1.542704220515205005e-01
-1.548354145382766500e-01
-1.475184143373146073e-01
-1.289284036229013108e-01
-9.848700827160193627e-02
-5.913692338508015622e-02
-1.662021764458163076e-02
2.239029291269258731e-02
5.274363713243120089e-02
7.281923191375498650e-02
8.471712182197289887e-02
9.238715528378821373e-02
9.902454631629624415e-02
1.055142516806643060e-01
1.106973904856023289e-01
1.126853745772307680e-01
1.101991355925735772e-01
1.032867854527930729e-01
9.320337823286307943e-02
8.166287832621518805e-02
6.997104673103439476e-02
5.857912596855382320e-02
4.756771223689627848e-02
3.804133741327566515e-02
3.355815035688849979e-02
4.000234339700411978e-02
6.277582629953688820e-02
1.029305766284261264e-01
1.555381179532895342e-01
2.115151002088899446e-01
2.611165804254482747e-01
2.968665610945549482e-01
3.151707458472228773e-01
3.166479724901356541e-01
3.051129832802821351e-01
2.855264625381179755e-01
2.617213199498798493e-01
2.347677513655943848e-01
2.028464428317902357e-01
1.629486471369066269e-01
1.139643764455772479e-01
5.975266037844233213e-02
9.760069862541376554e-03
-2.469194776895583879e-02
-3.686675677898643144e-02
-2.885214247866602424e-02
-9.948996850896665509e-03
8.875131578920567380e-03
1.987273022271178122e-02
2.060711547304631269e-02
1.352546892036864123e-02
4.055283528850894305e-03
-1.790200111568383693e-03
3.441478057328748938e-04
1.143274561522505776e-02
2.831939759936173695e-02
4.438008499503184184e-02
5.180820048796356408e-02
4.510391897453357862e-02
2.396367587560233048e-02
-6.710400928682933551e-03
-3.992709780684750021e-02
-7.042205990858817211e-02
-9.650641212651821232e-02
-1.192486485739120139e-01
-1.402799658069624200e-01
-1.598365342992767169e-01
-1.760185101467477420e-01
-1.854665456517173017e-01
-1.849035711864494003e-01
-1.726796588159851265e-01
-1.495754200179411630e-01
-1.185542395896633239e-01
-8.363882784068328580e-02
-4.846242545659745077e-02
-1.506920214484237103e-02
1.638324755866921514e-02
4.672261342028815462e-02
7.618613130362099362e-02
1.033152634102059431e-01
1.252591012800273462e-01
1.393146836806717914e-01
1.445438965485815186e-01
1.424227654793729092e-01
1.362467461141086134e-01
1.296547557498549386e-01
1.250479787490964556e-01
1.225222094446135890e-01
1.197345982566939276e-01
1.129439057934428364e-01
9.926820688946504101e-02
7.988350915186626100e-02
6.266212915701119268e-02
6.079355689193587098e-02
8.535727666235895517e-02
1.368118921517353370e-01
2.039181482925226940e-01
2.707662163247982479e-01
3.243755209897413172e-01
3.581848068143848596e-01
3.720579324585175374e-01
3.702864918075937650e-01
3.586180321644910629e-01
3.412859260997144761e-01
3.190839332798277028e-01
2.893413951659392636e-01
2.479067460376840337e-01
1.925332740143000931e-01
1.265926919817118579e-01
6.082515783720701674e-02
1.027349607804475644e-02
-1.374011641341185697e-02
-1.099227959967502728e-02
8.032350252533791354e-03
2.950869940005640749e-02
4.340927479335905670e-02
4.631354339054414432e-02
4.059563975495537186e-02
3.193070922987715360e-02
2.650535008127571923e-02
2.857143191547987029e-02
3.877776526517347222e-02
5.370928770698254334e-02
6.686146170533030508e-02
7.099833398653085381e-02
6.139047670267618745e-02
3.833253629575975041e-02
6.887217581656746371e-03
-2.625307301824542777e-02
-5.642787527445114470e-02
-8.254667759371679681e-02
-1.059891479128998171e-01
-1.283523365753412582e-01
-1.496521187318273771e-01
-1.677465290244113671e-01
-1.790649524666552417e-01
-1.801778476848862331e-01
-1.694125037775111864e-01
-1.477171108960685930e-01
-1.182925446922381690e-01
-8.527751018867928134e-02
-5.220385623719378532e-02
-2.087167288379597474e-02
8.840058755385451703e-03
3.800275218944143552e-02
6.698810364613312640e-02
9.423055790585622982e-02
1.165188949669354879e-01
1.307745152606496764e-01
1.359253669478923676e-01
1.336039589680829143e-01
1.273908410387024071e-01
1.212069616773468195e-01
1.176741561959415150e-01
1.169883360724847804e-01
1.166764946031868255e-01
1.125554850982410371e-01
1.009168804554478743e-01
8.166967342495429216e-02
6.124499682455350480e-02
5.229023527192336318e-02
6.754791611174511268e-02
1.108379170700427158e-01
1.735218317094160134e-01
2.400323418087882965e-01
2.962573370989035615e-01
3.343209955766163755e-01
3.531182968502605268e-01
3.563182384903754718e-01
3.493563595865460947e-01
3.365092287848412411e-01
3.188985974599542472e-01
2.942008825578243392e-01
2.582581805438474154e-01
2.081106871560702842e-01
1.454776364371416775e-01
7.891658385252932340e-02
2.226542792540803228e-02
-1.165246041373541909e-02
-1.875294447987341934e-02
-6.071172004988861434e-03
1.352665672218558192e-02
2.888078948720474923e-02
3.475817392251956406e-02
3.193719592359549331e-02
2.500736484267504847e-02
1.964981733553439538e-02
2.028856720114534037e-02
2.845498514722154607e-02
4.212120090117973947e-02
5.618999701741433928e-02
6.416663837838634810e-02
6.076469562722039419e-02
4.441326921428099400e-02
1.794286603593453489e-02
-1.331057026860057654e-02
-4.460129128823333428e-02
-7.374939847486858269e-02
-1.008685482545019774e-01
-1.266756958776100728e-01
-1.508544626151235579e-01
-1.713961154611536308e-01
-1.851251252836885464e-01
-1.890009827769161266e-01
-1.814761153735070798e-01
-1.632327166645476668e-01
-1.369302606302567338e-01
-1.061275166810645293e-01
-7.396093256193361776e-02
-4.214875649091870402e-02
-1.083500509802843778e-02
2.052995000360685260e-02
5.173504590307623913e-02
8.078994133463826555e-02
1.043067388454827216e-01
1.192238218283634965e-01
1.246096593279229364e-01
1.223050854998481568e-01
1.161156149785717989e-01
1.101359153404389002e-01
1.070993374730403319e-01
1.073143148424799964e-01
1.084829844996757914e-01
1.065430134111890192e-01
9.748049196369608371e-02
7.996720694913417304e-02
5.818064842973704603e-02
4.271536919111456471e-02
4.674784850425841437e-02
7.785935676524174953e-02
1.320366398527512974e-01
1.960726856055337308e-01
2.554460377633382406e-01
3.004449892669907030e-01
3.278744764156003022e-01
3.396728396823307516e-01
3.402309749498874103e-01
3.336122453683242339e-01
3.215040897912637696e-01
3.025774422163713395e-01
2.734756175078537632e-01
2.310589322051830041e-01
1.752488631023289001e-01
1.113946548145414439e-01
5.046533998485158712e-02
5.415990355714144638e-03
-1.554203719279537502e-02
-1.391153411217926558e-02
6.553542387700163731e-04
1.677272827234918551e-02
2.686773618609645739e-02
2.893852998015187389e-02
2.536554673253425818e-02
2.060747078061590104e-02
1.896241357028250960e-02
2.292686525747189563e-02
3.236202619241326794e-02
4.453070723739084580e-02
5.492390524890552322e-02
5.874171389839237534e-02
5.273912238879053388e-02
3.658201135111958935e-02
1.270585188596951888e-02
-1.533299935594105261e-02
-4.471532953556371648e-02
-7.402985321094010529e-02
-1.026220168957892864e-01
-1.295531029053287875e-01
-1.529931624254960154e-01
-1.703647735909866179e-01
-1.791232635219407454e-01
-1.777429218762817953e-01
-1.663914093201251942e-01
-1.468757997240638935e-01
-1.218612405079520372e-01
-9.381483841909160626e-02
-6.419881898638106488e-02
-3.327402876779887025e-02
-6.792571985642980930e-04
3.343965365298973841e-02
6.737543710467866487e-02
9.774743994272608316e-02
1.207711898673542172e-01
1.341841047709119161e-01
1.384723738055320952e-01
1.366092615581295244e-01
1.326043548148410356e-01
1.297831328627926384e-01
1.295156553410181377e-01
1.306973576989868546e-01
1.301281739866916864e-01
1.237831082832422103e-01
1.089139114542942294e-01
8.677424680001018242e-02
6.486133971450064317e-02
5.604532462934481984e-02
7.232967208572418927e-02
1.163365576816478564e-01
1.787396744220587919e-01
2.443845428226795180e-01
3.003477054816753866e-01
3.398542831550265819e-01
3.620128659453616948e-01
3.696224191713594065e-01
3.665899704119768843e-01
3.557158407521727739e-01
3.374093481118977667e-01
3.097462969419908507e-01
2.698933755675858581e-01
2.165150126704221134e-01
1.524441855948091562e-01
8.627729008881360184e-02
3.087441468323891963e-02
-2.292072315285859519e-03
-9.933304464535936198e-03
1.231725202287183669e-03
1.945988675958431474e-02
3.471546049825158242e-02
4.219071407057142786e-02
4.219913993406387842e-02
3.826488246023776463e-02
3.489813486405697607e-02
3.571615582864405558e-02
4.213414306609531562e-02
5.278146128604262188e-02
6.377979504421345258e-02
6.992194781321647845e-02
6.662950610886879399e-02
5.200087907979495522e-02
2.766480492490139276e-02
-2.300443355309661573e-03
-3.362246988896185063e-02
-6.356617619569664146e-02
-9.113411642437910243e-02
-1.161364528489788328e-01
-1.381002053905921456e-01
-1.557034079051685671e-01
-1.669546877942329477e-01
-1.699172752734392500e-01
-1.635567429096592695e-01
-1.482584455198598106e-01
-1.257146435579382382e-01
-9.827690352428487819e-02
-6.813434387784832180e-02
-3.671089520438376025e-02
-4.589529651820310578e-03
2.796001665599903360e-02
6.012404374613732755e-02
8.995271366545999625e-02
1.146617762578988481e-01
1.318269047347798428e-01
1.406683972297533280e-01
1.425296507641247712e-01
1.402669395572248845e-01
1.369907552089980884e-01
1.348014816642797709e-01
1.339493261925152889e-01
1.326558846634996736e-01
1.277363375670901025e-01
1.160974909700124569e-01
9.710871364411463591e-02
7.526331374098027549e-02
6.109635592271014243e-02
6.741034449099472803e-02
1.011568532389570535e-01
1.577598494963587672e-01
2.238797159599994202e-01
2.851978748891715876e-01
3.320654403943231192e-01
3.608725398171655496e-01
3.728003631398338902e-01
3.715702976746371733e-01
3.610488731960741493e-01
3.433441362009766462e-01
3.179889592914529883e-01
2.825586230436405444e-01
2.346342239092618354e-01
1.746133903044412850e-01
1.082923819215954736e-01
4.716263490940120207e-02
4.360514017838779295e-03
-1.261629314665663019e-02
-6.649171356670844496e-03
1.149059089978131561e-02
3.004977409906987862e-02
4.155794037179903755e-02
4.419635146000119169e-02
4.052933666858098832e-02
3.528375381999274141e-02
3.315373067527049855e-02
3.702591788113517718e-02
4.685293709816268359e-02
5.941915306079972869e-02
6.918073067837578194e-02
7.023295859493934590e-02
5.894032539222796713e-02
3.579316801334390258e-02
5.004008145663881892e-03
-2.797743854498691701e-02
-5.912934730901407004e-02
-8.690407236819291947e-02
-1.114997575858125423e-01
-1.333964041361594688e-01
-1.521808339305972813e-01
-1.662031905287528755e-01
-1.731049927119206189e-01
-1.708549093877369529e-01
-1.587274720349774737e-01
-1.377031268304394485e-01
-1.101149668715512009e-01
-7.880287827913122489e-02
-4.619453661481495721e-02
-1.371950277279176782e-02
1.814111102673335654e-02
4.914651657338286322e-02
7.836039016997201068e-02
1.037637599636463959e-01
1.229119234960551477e-01
1.342287798227003726e-01
1.379701007477660835e-01
1.362220957469398308e-01
1.320154309409034832e-01
1.280764257870965483e-01
1.257193900697783362e-01
1.242391035514454484e-01
1.210672667043122402e-01
1.128598404000965699e-01
9.755876768198935844e-02
7.713003919601618685e-02
5.956856434178389725e-02
5.729300990095250595e-02
8.038073752463466282e-02
1.290329717213737626e-01
1.927764033651252484e-01
2.569290391623372249e-01
3.095807691196231781e-01
3.446753218723977441e-01
3.617566807901285708e-01
3.640686519171006386e-01
3.560621913862848098e-01
3.410489426431512205e-01
3.197143530031321124e-01
2.900850979735700719e-01
2.490703776592505525e-01
1.951763436504095339e-01
1.315228685386837515e-01
6.743267797001374630e-02
1.623969761842779247e-02
-1.123255014710712422e-02
-1.338662813753240324e-02
1.483515875323492862e-03
2.106477632693167651e-02
3.562787758279168521e-02
4.107417197529359548e-02
3.855514601276759795e-02
3.242843776558262253e-02
2.788773041824711349e-02
2.889565256507025184e-02
3.670817610064162906e-02
4.926318962610549967e-02
6.164053392472522430e-02
6.765987954868191157e-02
6.239739094600978836e-02
4.457000023798870364e-02
1.711805666331090922e-02
-1.465630208064983529e-02
-4.602140149253983875e-02
-7.464604859838896989e-02
-1.003963168356583197e-01
-1.238830323463524230e-01
-1.450087082014663020e-01
-1.623020933135941868e-01
-1.732449370262773847e-01
-1.753018160221070376e-01
-1.670868142133386525e-01
-1.490590016527492678e-01
-1.233843323359287009e-01
-9.309272720471251095e-02
-6.099498036893057085e-02
-2.884436262068723958e-02
2.853041519897045724e-03
3.422396983019470457e-02
6.491493192289309044e-02
9.325530843259069447e-02
1.164954760645815490e-01
1.321235119546694814e-01
1.393067989991308431e-01
1.394463705400275644e-01
1.355670250208683980e-01
1.309927221629652583e-01
1.279746075415901241e-01
1.267475793415077934e-01
1.253225564535865033e-01
1.202204297840882841e-01
1.082345635626991986e-01
8.911841722406732558e-02
6.834393321051147885e-02
5.743999065713317059e-02
6.904306754432437687e-02
1.083250756481329846e-01
1.685093016905166996e-01
2.351451372746835022e-01
2.941267090805735340e-01
3.367363226512045671e-01
3.605352156000474761e-01
3.678334859524821088e-01
3.631640170790161326e-01
3.506582785609416164e-01
3.320786618741120022e-01
3.061998253362426814e-01
2.698565506277980641e-01
2.203988398936765070e-01
1.588588790352900848e-01
9.241658545750228160e-02
3.382359072745515227e-02
-3.881518477675284778e-03
-1.503212475884604417e-02
-4.851956944263218115e-03
1.464062678663616106e-02
3.194247054085312676e-02
4.072441232765797170e-02
4.050097616009466772e-02
3.490351970059851067e-02
2.922617046858097187e-02
2.813986732257383466e-02
3.394637972455685770e-02
4.563515093207566597e-02
5.898741605733207743e-02
6.784424936308475207e-02
6.645701758644000090e-02
5.216944947807461430e-02
2.676408154347700852e-02
-4.736780834530380027e-03
-3.700872565392750863e-02
-6.686552778814947029e-02
-9.367285572267340654e-02
-1.180860812942439164e-01
-1.404167767385918753e-01
-1.596279490250414879e-01
-1.733574937471756283e-01
-1.788215159494316864e-01
-1.740632930702155634e-01
-1.589007425558907061e-01
-1.350749141000038012e-01
-1.055647887286555175e-01
-7.348466377851251008e-02
-4.107706670654769077e-02
-9.250996696464931779e-03
2.204621272402977269e-02
5.276925865578310088e-02
8.170669094181932934e-02
1.063212921726828936e-01
1.238395620322589596e-01
1.328248475874412027e-01
1.340851519487960553e-01
1.303804756985162683e-01
1.252142081247170080e-01
1.213843364351756132e-01
1.198504629785495795e-01
1.192605960340908378e-01
1.163827647543169003e-01
1.075450356388742423e-01
9.103875113513815176e-02
6.999700106559125778e-02
5.391947113045338774e-02
5.581511829572190220e-02
8.443334934406498959e-02
1.374327477640691908e-01
2.024870289610219143e-01
2.647428698638215061e-01
3.133597662028637099e-01
3.437976493522862387e-01
3.569627541483433864e-01
3.568932974522763257e-01
3.480717927734235384e-01
3.331523282329878488e-01
3.118320999721883036e-01
2.813385900347676882e-01
2.384295172631832327e-01
1.823399425237722249e-01
1.176229048582502767e-01
5.497135999274655599e-02
7.913593005232685829e-03
-1.425881352342196588e-02
-1.230386457159851968e-02
3.997108171282935836e-03
2.245321546688766601e-02
3.453279346254617410e-02
3.754255172248960326e-02
3.365730437876681552e-02
2.763470696311249100e-02
2.444584545175879434e-02
2.735782425932601833e-02
3.673084555483205338e-02
4.974781912227780462e-02
6.118235563819375555e-02
6.517925309278482793e-02
5.769625252821054123e-02
3.843860172493192978e-02
1.082508400084789511e-02
-2.016483292443731548e-02
-5.063211377906078753e-02
-7.896723522819479313e-02
-1.052042043883849032e-01
-1.295440317294558885e-01
-1.511867631200055628e-01
-1.680556662883688213e-01
-1.774331202497857196e-01
-1.770915857016613359e-01
-1.663205832667769279e-01
-1.463042387196366867e-01
-1.196485238593657241e-01
-8.936438566436073760e-02
-5.782319181920497764e-02
-2.614952984325568525e-02
5.615827052995341941e-03
3.759670422734075895e-02
6.891861525055868742e-02
9.718083617032201305e-02
1.192059466584108607e-01
1.326761829575105189e-01
1.374698459742213219e-01
1.358123848949134294e-01
1.312503189359907618e-01
1.271214665498655305e-01
1.252157621975343305e-01
1.250321488931470659e-01
1.238759062680000189e-01
1.179212315185605570e-01
1.042453850588873770e-01
8.363875214308369443e-02
6.306568150240127180e-02
5.502893369022555242e-02
7.148310741234371879e-02
1.153399882274291632e-01
1.776651128945464508e-01
2.434236170467209692e-01
2.994012091489454130e-01
3.383495950776153061e-01
3.591194599926804676e-01
3.647011100394513816e-01
3.595753104362794383e-01
3.472278600820631889e-01
3.285361540649440193e-01
3.016091375191813362e-01
2.632002434067375329e-01
2.113102213092393766e-01
1.481985810135076354e-01
8.229290565150070014e-02
2.675225497583486739e-02
-6.427995643915869126e-03
-1.361278468820471474e-02
-1.601936273423514717e-03
1.743734209536359353e-02
3.298360921152177633e-02
3.996550389557121385e-02
3.879607209855191058e-02
3.341402468285367688e-02
2.887617431215612138e-02
2.925422308700187726e-02
3.613926763167047557e-02
4.797363577558255709e-02
6.037733679413301302e-02
6.751550568888516068e-02
6.435834043302288143e-02
4.901399999022657689e-02
2.360940994457307041e-02
-7.121114558999944860e-03
-3.853016701356899720e-02
-6.799730850395251103e-02
-9.499085977954892235e-02
-1.198163306006300721e-01
-1.422444500974852644e-01
-1.608232406753145327e-01
-1.731240523796494513e-01
-1.766819687502294289e-01
-1.700995559278467850e-01
-1.537343111811707852e-01
-1.295948981745975725e-01
-1.005456536022397568e-01
-6.927123497808287955e-02
-3.747125738438212422e-02
-5.671845496287356708e-03
2.618900759316954499e-02
5.768417053263914795e-02
8.705664101860051407e-02
1.114224970529802405e-01
1.280911500499308242e-01
1.360707872776164007e-01
1.366957653973588649e-01
1.330390329361180179e-01
1.285587716456005614e-01
1.256878499281272321e-01
1.248549291713673959e-01
1.242265522397894006e-01
1.203526473475340502e-01
1.097738304967747908e-01
9.152621475994551781e-02
6.992331700977330589e-02
5.552972120886318780e-02
6.135375706241259774e-02
9.461987651511480357e-02
1.509024310639091870e-01
2.167748911562379366e-01
2.776994621294834875e-01
3.238997172778409483e-01
3.518839378502885973e-01
3.631684646842002762e-01
3.618574449407306881e-01
3.520581472715299531e-01
3.358507603430075372e-01
3.124724401058747159e-01
2.790684234904039496e-01
2.328304226614531236e-01
1.739322084276024583e-01
1.081228479997734526e-01
4.695921293092689824e-02
3.727415929920731112e-03
-1.385496421768153512e-02
-8.486106281913225607e-03
9.095020962747182858e-03
2.705941359422943393e-02
3.790183478336071887e-02
3.988455850530289726e-02
3.571318785792194916e-02
3.021965296476017068e-02
2.810209985818414025e-02
3.215269523533081930e-02
4.220453848052125451e-02
5.500673490786810865e-02
6.513218707192289236e-02
6.689160986088761585e-02
5.679747360252525995e-02
3.526447564666253948e-02
6.191326205072768263e-03
-2.540063543391388873e-02
-5.586714297237264926e-02
-8.384773847157347970e-02
-1.094561186244931983e-01
-1.328387471428496835e-01
-1.531275291306417041e-01
-1.682738651710201927e-01
-1.757261437098308066e-01
-1.735205544403271016e-01
-1.612081771352830428e-01
-1.401183509069330591e-01
-1.128347850307201972e-01
-8.221903144677371322e-02
-5.046222127635828503e-02
-1.859120900597300077e-02
1.328731396316428122e-02
4.507720545791882999e-02
7.565698599465330021e-02
1.025591966640791303e-01
1.228497695816747060e-01
1.346739346334521747e-01
1.383451579304719181e-01
1.362751692054092190e-01
1.318864236175617544e-01
1.281691536777865570e-01
1.264839039721561420e-01
1.259644182687169323e-01
1.237525812545084009e-01
1.161815489811455215e-01
1.009185531480462361e-01
7.978566059203132110e-02
6.086800006919305950e-02
5.699056590584306026e-02
7.883888399599890684e-02
1.270256720985904753e-01
1.910032487217224462e-01
2.557167458713173747e-01
3.089620433798251353e-01
3.446354205526068193e-01
3.623905074438771856e-01
3.655649414571325861e-01
3.585808473587621115e-01
3.445920881107089606e-01
3.240732148372256760e-01
2.948872024734461861e-01
2.538886400778072039e-01
1.996378205365650638e-01
1.353637744629651862e-01
7.049166836134303227e-02
1.844886470053372710e-02
-9.831920350889072208e-03
-1.265449026046439919e-02
1.726820194555469612e-03
2.099195506175265125e-02
3.541807659505784994e-02
4.093760477978118650e-02
3.870926547855201016e-02
3.302858699711367502e-02
2.895483660010885613e-02
3.028711514862218734e-02
3.816219254711732817e-02
5.050705840984023171e-02
6.251865545563627113e-02
6.821830817429316851e-02
6.286604093218073341e-02
4.522989242929346954e-02
1.812120213855235307e-02
-1.339342496628060687e-02
-4.477860578094990107e-02
-7.374737361878880293e-02
-1.000476899905988343e-01
-1.240882156464720859e-01
-1.455906342313575130e-01
-1.630018409628442577e-01
-1.738475307910008483e-01
-1.757334745781640173e-01
-1.674414361690972908e-01
-1.495433444374448528e-01
-1.242066018828263951e-01
-9.435092719601034794e-02
-6.261746317749858348e-02
-3.061078664095869678e-02
1.212560795847492405e-03
3.289144013299540731e-02
6.387979246918354392e-02
9.230681518631467242e-02
1.153305478573820320e-01
1.305090502570680211e-01
1.371959910181239362e-01
1.369902134282085515e-01
1.330296461586692458e-01
1.286311909126633679e-01
1.259440348985201852e-01
1.250635103829201289e-01
1.238876662210803697e-01
1.188950779696830579e-01
1.069018770229972215e-01
8.769271322545368896e-02
6.669991551225308568e-02
5.533257326265383913e-02
6.616230969392337957e-02
1.044894869169072926e-01
1.638017888880365092e-01
2.298773693358820147e-01
2.887301939913767268e-01
3.316750821067477317e-01
3.562234681431853400e-01
3.645466844464446687e-01
3.609853756728141905e-01
3.494956028103778367e-01
3.317517029340971702e-01
3.065599388757089261e-01
2.708701696187030272e-01
2.221309722577993473e-01
1.613207191331261225e-01
9.533965628913097790e-02
3.656742346665622923e-02
-2.092447633543771147e-03
-1.465548474611479135e-02
-5.771126848187586693e-03
1.296917870496882251e-02
3.016375003336338456e-02
3.933686866612524230e-02
3.973663633799922462e-02
3.470664551459514552e-02
2.930510630767999697e-02
2.808259778977179738e-02
3.338852799867957771e-02
4.444541221940034870e-02
5.740502931564108596e-02
6.648088284403357029e-02
6.609081115111369031e-02
5.337890609978257483e-02
2.962349757029917111e-02
-6.766333661849140407e-04
-3.245702343148886698e-02
-6.245615305712497872e-02
-8.975757657507076048e-02
-1.147138143004165223e-01
-1.374493242239835655e-01
-1.569092008340977895e-01
-1.708539168831552102e-01
-1.766750075724322910e-01
-1.725432372597414110e-01
-1.582884130602255912e-01
-1.355380761898712094e-01
-1.070739449734974535e-01
-7.579849678528197132e-02
-4.379983609632136232e-02
-1.194023728480700722e-02
1.977694126360696192e-02
5.120562984280687541e-02
8.104894331547166098e-02
1.067091602889002067e-01
1.253440683990743321e-01
1.354226295346840359e-01
1.376528200322050532e-01
1.347157771361190137e-01
1.300711084088287395e-01
1.265168334049911192e-01
1.250626152009160497e-01
1.244511249802446318e-01
1.215525021282606033e-01
1.127344275547756819e-01
9.619087984130332558e-02
7.480764479369232667e-02
5.784347963343790949e-02
5.838002077996785194e-02
8.567295741966535205e-02
1.379846870627444155e-01
2.032503713115459132e-01
2.664759270824537118e-01
3.164903199103255571e-01
3.483926552475944405e-01
3.627691027809459290e-01
3.634386470391992585e-01
3.548166404788932748e-01
3.396553519170869007e-01
3.178644445977375499e-01
2.868907899845283827e-01
2.436054766805013927e-01
1.871859898956500790e-01
1.219930520142749192e-01
5.855733024916197349e-02
1.046806821052012788e-02
-1.267129741098380752e-02
-1.126880715737166652e-02
5.036717490862591476e-03
2.395158410289117273e-02
3.671099993652415794e-02
4.037350533690726301e-02
3.692626527168604150e-02
3.104159136902917213e-02
2.771800466690226700e-02
3.034249657935976160e-02
3.943039574741639963e-02
5.227571225754234358e-02
6.365583899620542996e-02
6.760240845888554340e-02
5.990791222580840042e-02
4.017652438719233193e-02
1.187962328204443183e-02
-1.980345307624740633e-02
-5.072521341373664727e-02
-7.911010386672778782e-02
-1.049934273559930825e-01
-1.287426103864906246e-01
-1.498110842849140201e-01
-1.663498798206668738e-01
-1.757486253101379903e-01
-1.757283473334056434e-01
-1.654001320949487208e-01
-1.457300875795102812e-01
-1.191702552938270487e-01
-8.871230479431764515e-02
-5.685387956876856302e-02
-2.493457162853587872e-02
6.809997606879772056e-03
3.843994540741863669e-02
6.919593938582423165e-02
9.691579633482888534e-02
1.186473399986463922e-01
1.321566873357104821e-01
1.372282419872278281e-01
1.358822922929410482e-01
1.314671662470792701e-01
1.272242581003379391e-01
1.249814132346899059e-01
1.243832121736066082e-01
1.229214434367647962e-01
1.169167638187778302e-01
1.034815241416938286e-01
8.328197298194425779e-02
6.301616842840652988e-02
5.491548959624927007e-02
7.087339510429210843e-02
1.140468121561655362e-01
1.758719808171223808e-01
2.415315750485628188e-01
2.977759648102467072e-01
3.371495966723873083e-01
3.582635116740733316e-01
3.639578950774530197e-01
3.587130357245333911e-01
3.461525280568878427e-01
3.273566081421985241e-01
3.005969750182971856e-01
2.626636117892323097e-01
2.114297216546521807e-01
1.488912241613898346e-01
8.318795710038008606e-02
2.734153036909911516e-02
-6.504115819778709742e-03
-1.434167085170473706e-02
-2.644454720615257645e-03
1.648945712438692340e-02
3.237362627996474146e-02
3.969115064119293351e-02
3.866626047679876110e-02
3.316978975243990713e-02
2.831347069943170730e-02
2.831124302971247536e-02
3.492593713954623980e-02
4.673524480290019295e-02
5.940450678747933450e-02
6.702719786872372854e-02
6.440132873173777528e-02
4.944206970762935610e-02
2.417580461648357812e-02
-6.612453459859815065e-03
-3.812545643450929861e-02
-6.761217349348197514e-02
-9.451448318176118579e-02
-1.192146440508246585e-01
-1.416031226088610984e-01
-1.603185484128404614e-01
-1.729439968297913632e-01
-1.769391012990198520e-01
-1.707770227614287262e-01
-1.546920762015347173e-01
-1.306334917809785223e-01
-1.014937457494590745e-01
-7.005506634244125508e-02
-3.813528312010686788e-02
-6.336311187132688538e-03
2.541774539829099941e-02
5.680358112137851717e-02
8.619843789446512972e-02
1.107917000038253497e-01
1.278496783654627378e-01
1.362446988847432483e-01
1.371614035429170597e-01
1.335864831282423670e-01
1.289891005794589485e-01
1.258963302095875703e-01
1.248724119139887484e-01
1.242056928322703702e-01
1.205010283123267301e-01
1.102496014284409381e-01
9.232128309213914752e-02
7.078855378901441342e-02
5.603576929495884817e-02
6.113328587527517427e-02
9.364432599216758468e-02
1.495219795580162991e-01
2.154787600922722923e-01
2.768457068166825241e-01
3.235986102736677084e-01
3.520295617790280551e-01
3.635492803063145595e-01
3.622808991281815660e-01
3.524428227618711662e-01
3.362561301351011944e-01
3.130563115981656597e-01
2.799923636739095056e-01
2.341521033906215077e-01
1.755279522064061015e-01
1.096881640932406976e-01
4.812095424803795873e-02
4.242278800177602498e-03
-1.394419768839460193e-02
-8.888169837527111483e-03
8.716302676887182146e-03
2.690122543883878212e-02
3.797076480741813642e-02
4.005377215753222475e-02
3.581842888708493960e-02
3.014211555052642363e-02
2.781581494436582633e-02
3.173026694199723025e-02
4.178395603493551685e-02
5.473210701124404248e-02
6.508992283407705193e-02
6.706746327026644194e-02
5.708198847951326954e-02
3.551605021496190284e-02
6.320342653627374942e-03
-2.538693647669880080e-02
-5.589042378357433200e-02
-8.383025310086911208e-02
-1.093833378434612563e-01
-1.327768010638772089e-01
-1.531930854488507965e-01
-1.685763309822979894e-01
-1.763125043913716383e-01
-1.743491302853399372e-01
-1.621630278382605872e-01
-1.410583120113295119e-01
-1.136527631258393983e-01
-8.288415522107195343e-02
-5.102739039573225832e-02
-1.916102740556148779e-02
1.261511404999502740e-02
4.426596017827914842e-02
7.474878891844542739e-02
1.016420797181975533e-01
1.219960930593204929e-01
1.338929987182397308e-01
1.375778606224566658e-01
1.354295088012890669e-01
1.308897708190454867e-01
1.270097676890059868e-01
1.252262839335189504e-01
1.247342823116719956e-01
1.226959159112336051e-01
1.154085017058573970e-01
1.004402422551895768e-01
7.945939863009122972e-02
6.039494796702261220e-02
5.602584502145010331e-02
7.719748725203294526e-02
1.248148239250425201e-01
1.885360633550551279e-01
2.533084911951569707e-01
3.067975761106693788e-01
3.427584773098790727e-01
3.607638805475611443e-01
3.641438355723668474e-01
3.573665846692169468e-01
3.436517593836977968e-01
3.235214788123287888e-01
2.948397250760539379e-01
2.544030712348575030e-01
2.006554605680785919e-01
1.366691399290984599e-01
7.172693415556323504e-02
1.922927219593967979e-02
-9.725277752489111874e-03
-1.315666498801566948e-02
8.835057947319412044e-04
2.008655303032816017e-02
3.461072193389227308e-02
4.025292690305536103e-02
3.808444990128413699e-02
3.237200842458333450e-02
2.819093042607817567e-02
2.938461098627445992e-02
3.714957601035046714e-02
4.947738911340179152e-02
6.162033612103985647e-02
6.762125544441578706e-02
6.270077426400919030e-02
4.552890483626699514e-02
1.880660550514692483e-02
-1.246775654658542273e-02
-4.376905015207618183e-02
-7.278712550020395577e-02
-9.924035349023990760e-02
-1.235099911609675583e-01
-1.452910274842079408e-01
-1.630024118559752766e-01
-1.741419008790134615e-01
-1.762916877612211997e-01
-1.682196354732745647e-01
-1.504975179747513603e-01
-1.253042343031428585e-01
-9.557266334503211613e-02
-6.394744618283002002e-02
-3.202017243722175832e-02
-2.192028642848237153e-04
3.152707151497210342e-02
6.269195929241568044e-02
9.139068909687368680e-02
1.147264439370059980e-01
1.301812508894097109e-01
1.370490835071064839e-01
1.369138473527764521e-01
1.329447918463957101e-01
1.285158146479076224e-01
1.258347056188956758e-01
1.250390234085704821e-01
1.240401973337545843e-01
1.192917481492020287e-01
1.075351578813546899e-01
8.842389406331258028e-02
6.723153146501875677e-02
5.528596878693241290e-02
6.529012785916943340e-02
1.028708093052023709e-01
1.618046077370030034e-01
2.279309608551634281e-01
2.871403629650491340e-01
3.305807680499325274e-01
3.556369802338200103e-01
3.644116059937236862e-01
3.612270980628832229e-01
3.500590481368717199e-01
3.326213300662335670e-01
3.077560881630878598e-01
2.724196688577948944e-01
2.240147844280379885e-01
1.634106107632159743e-01
9.736193659541270140e-02
3.815923470590672911e-02
-1.211322255191948005e-03
-1.450830315486449466e-02
-6.120102014415396488e-03
1.245699899883375913e-02
2.974840350965459596e-02
3.913874208226952867e-02
3.975096044509573295e-02
3.484880772829914569e-02
2.945870096070176899e-02
2.814245603316668093e-02
3.329777472641026748e-02
4.422202432397682320e-02
5.714895852319360620e-02
6.635094018738110777e-02
6.624502031715984174e-02
5.389879631784624814e-02
3.047189396222009516e-02
3.691487684799771600e-04
-3.136835943667981574e-02
-6.144051704465026270e-02
-8.887239646322103725e-02
-1.139732392582110954e-01
-1.368528450528316565e-01
-1.564654452625132142e-01
-1.705895557091095804e-01
-1.766276643617387399e-01
-1.727444899944250434e-01
-1.587472004201246900e-01
-1.362335065367494547e-01
-1.079588985450757599e-01
-7.681045323929500124e-02
-4.487438604915335028e-02
-1.302087320115276163e-02
1.873782671837963612e-02
5.025419983914275468e-02
8.023608594628456325e-02
1.060829131558130439e-01
1.249298847290267883e-01
1.352082405465029336e-01
1.375908104091757012e-01
1.347422371993692580e-01
1.301291435109752093e-01
1.265760410695305482e-01
1.251309064904497781e-01
1.245753987629771437e-01
1.218031139312965028e-01
1.131673556816516768e-01
9.678418019721687915e-02
7.539078388910648576e-02
5.808847083640789749e-02
5.794009410355974860e-02
8.442219361964550806e-02
1.361329148938138500e-01
2.012104412941875531e-01
2.646436725827912007e-01
3.151192143598027240e-01
3.475759398480465778e-01
3.624743201038150842e-01
3.635627560060165075e-01
3.552475584463642977e-01
3.403252463562438934e-01
3.187760889989823543e-01
2.881031656360412696e-01
2.451777358614790348e-01
1.890912269900136555e-01
1.240377875786741607e-01
6.037985010851527196e-02
1.168016056087853131e-02
-1.225547386686472867e-02
-1.151456136276718216e-02
4.475668080037701647e-03
2.342287543577226475e-02
3.642528009926364330e-02
4.037597224336576113e-02
3.713427168666639383e-02
3.130580799770077416e-02
2.788574520717441996e-02
3.031409323154066887e-02
3.919990733230180324e-02
5.194446652182602847e-02
6.340900009173509877e-02
6.764282692812693953e-02
6.036330359957557679e-02
4.103372476454373446e-02
1.299815589472054847e-02
-1.860668407940638605e-02
-4.958634234270305891e-02
-7.808273947302324380e-02
-1.040706966275253137e-01
-1.279042675117768590e-01
-1.490640223236849027e-01
-1.657433491618353072e-01
-1.753605713463839422e-01
-1.756327727755009616e-01
-1.656331813362094119e-01
-1.462728677923728071e-01
-1.199553390494643712e-01
-8.964751494449253733e-02
-5.785166887739516539e-02
-2.593392433743547942e-02
5.841435779935245584e-03
3.752607263711611740e-02
6.838080333662428789e-02
9.627365274075913582e-02
1.182584925073513760e-01
1.320657900704700627e-01
1.374170804144811964e-01
1.362743546222447422e-01
1.319580550063180202e-01
1.277208569899876967e-01
1.254357934018284215e-01
1.248115007986376063e-01
1.233985022928139191e-01
1.175399022042066255e-01
1.043007869299180379e-01
8.420942672175767141e-02
6.377129170546390335e-02
5.510786332755387290e-02
7.024561369245906073e-02
1.126874161788328915e-01
1.741732433739237584e-01
2.399545610883620506e-01
2.966552940131295668e-01
3.366275851078973091e-01
3.583116996823976219e-01
3.644405800013433838e-01
3.594673840856671965e-01
3.470632385256097741e-01
3.284005441227926259e-01
3.018381144200291133e-01
2.641968552135632864e-01
2.132890022347935233e-01
1.509556752420633252e-01
8.515007621025201534e-02
2.880751033856079543e-02
-5.795076798084447187e-03
-1.434255606635668860e-02
-3.042086461823881489e-03
1.606858183217843919e-02
3.218493000387395719e-02
3.981142185620686891e-02
3.902305107386433436e-02
3.360931013837044345e-02
2.867327704543193301e-02
2.848178904317101232e-02
3.489065317624284734e-02
4.657921039576305711e-02
5.928713825435227153e-02
6.712149755713690824e-02
6.481482145820793850e-02
5.016058176711290367e-02
2.507542047738523655e-02
-5.687631239218418795e-03
-3.727734337323411473e-02
-6.685581538435259041e-02
-9.380817263233684478e-02
-1.185172548084991728e-01
-1.409198506338065482e-01
-1.597136565308687750e-01
-1.725182670874994550e-01
-1.767862057814266474e-01
-1.709408820627200398e-01
-1.551465773713930352e-01
-1.312944326605627321e-01
-1.022544433328189256e-01
-7.082777624677166761e-02
-3.888028977815722459e-02
-7.063233694083120330e-03
2.468006304694072423e-02
5.605292437535316225e-02
8.548911822641527825e-02
1.102207687881691101e-01
1.275059962203818065e-01
1.361580813640507481e-01
1.372846936291301501e-01
1.338176106654994924e-01
1.292165997460608673e-01
1.260461959148414524e-01
1.249400333163958737e-01
1.242612379525107474e-01
1.206616519571110796e-01
1.106177371359337164e-01
9.289575419757445385e-02
7.138352342338899481e-02
5.629323436800120345e-02
6.070320523823607983e-02
9.243954838963416853e-02
1.478015619586471596e-01
2.136776629221613655e-01
2.753442936436386046e-01
3.226014945298180114e-01
3.515579539452450275e-01
3.634970852449585510e-01
3.624970636722789075e-01
3.528120354160831917e-01
3.367523626093780198e-01
3.137479773295890340e-01
2.809952676463692844e-01
2.355444848730268437e-01
1.772545469687825670e-01
1.115022367324647323e-01
4.963281087781934442e-02
5.103286984877350094e-03
-1.382507680113804170e-02
-9.292736502338362972e-03
8.152474590723645179e-03
2.647922315489699419e-02
3.782192528897897199e-02
4.014513033634118516e-02
3.601612066534165546e-02
3.028709601284316003e-02
2.778898852177081116e-02
3.149651826200454419e-02
4.140730202988874425e-02
5.435772094741565114e-02
6.489485993658658525e-02
6.718867481714731194e-02
5.755032633958372112e-02
3.624292491993377080e-02
7.154764714667744344e-03
-2.457157088181064972e-02
-5.514500936343961351e-02
-8.314210342552753874e-02
-1.087255273139300649e-01
-1.321538861404260856e-01
-1.526589167274665648e-01
-1.682190020721056889e-01
-1.762174995248248222e-01
-1.745603251686006774e-01
-1.626611964353554540e-01
-1.417686828153257306e-01
-1.144763611766835137e-01
-8.373574208393476381e-02
-5.186329980360118719e-02
-1.998332714974696001e-02
1.178274048549723604e-02
4.341928469514164113e-02
7.393479114142564868e-02
1.009533076274560237e-01
1.215252189738849770e-01
1.336800137493506235e-01
1.375860542518971830e-01
1.355625851040383190e-01
1.310359100061473658e-01
1.270887594438005752e-01
1.252227052581960931e-01
1.247064908349735379e-01
1.227551062171139684e-01
1.156674363445922976e-01
1.009354083234444560e-01
8.006647520604637247e-02
6.080125741192420052e-02
5.584901693562616815e-02
7.623453043696443165e-02
1.232102999192976056e-01
1.866893625744108220e-01
2.516352734295502769e-01
3.055631267141774576e-01
3.420407945504654879e-01
3.604974031850371463e-01
3.641960481808239614e-01
3.576171215679823656e-01
3.440511772762977483e-01
3.241097643065667944e-01
2.957163166990957603e-01
2.556577378271696066e-01
2.022803210969902066e-01
1.384867209231681329e-01
7.339298983319050840e-02
2.036266269008568663e-02
-9.326383305519585915e-03
-1.338613566725015656e-02
3.498158811574892161e-04
1.958114101791857270e-02
3.432659251386070004e-02
4.021511687964467868e-02
3.819772904572564520e-02
3.249209443698045097e-02
2.818970034382809950e-02
2.919775554536731266e-02
3.680071116460689046e-02
4.907396156869683890e-02
6.132097763854179456e-02
6.757793257572219936e-02
6.299128115617215473e-02
4.611845091776750616e-02
1.957268800770996589e-02
-1.166175013392294763e-02
-4.300798090569784432e-02
-7.209080763996830732e-02
-9.859659379681247338e-02
-1.229177721733547002e-01
-1.447856401614101007e-01
-1.626525040802141997e-01
-1.740234741332066515e-01
-1.764542937084083996e-01
-1.686621403628776883e-01
-1.511665588827060258e-01
-1.261159539103947624e-01
-9.644481005761386394e-02
-6.482664299813245545e-02
-3.289237781237654146e-02
-1.096422750231835748e-03
3.063841189717371113e-02
6.182260805185909452e-02
9.061456646430240958e-02
1.141295995195473062e-01
1.298139503746858769e-01
1.368957104229575616e-01
1.368990011290031894e-01
1.329685919306112796e-01
1.284970593903379255e-01
1.257443519553617384e-01
1.249143474425174899e-01
1.239739659741071059e-01
1.193946682662036934e-01
1.078728479735821394e-01
8.893665490829810727e-02
6.767748130985112853e-02
5.529182234558427389e-02
6.455657877575028680e-02
1.013985474169704637e-01
1.599090810708110044e-01
2.260382087404698981e-01
2.855805019187981353e-01
3.295071338354957358e-01
3.550452055863909662e-01
3.642034574196917895e-01
3.612849225572677403e-01
3.503092848912495727e-01
3.330683909453185931e-01
3.084736013073047789e-01
2.735005954040740095e-01
2.254938984329436513e-01
1.651833020027958787e-01
9.914615207146483533e-02
3.956479597727666220e-02
-4.912144564670423499e-04
-1.450622253547983846e-02
-6.587393419841229905e-03
1.187037013924892130e-02
2.930609027667243141e-02
3.894114075366834210e-02
3.975550929806187517e-02
3.493216102103631482e-02
2.948282851747498559e-02
2.800870762461449975e-02
3.298302120293201273e-02
4.379142833861650319e-02
5.674145875012594903e-02
6.613602185748626572e-02
6.635543706324116553e-02
5.436718086557605634e-02
3.121711829678913350e-02
1.247986867458838675e-03
-3.048367060257347466e-02
-6.061709821026194100e-02
-8.812480884626261446e-02
-1.133004066589941849e-01
-1.362714751264336166e-01
-1.560225663826944331e-01
-1.703508960194161925e-01
-1.766510387189531295e-01
-1.730529240806684965e-01
-1.593162512846540146e-01
-1.369999918877510825e-01
-1.088447704994280063e-01
-7.774883036452118201e-02
-4.582642328125000053e-02
-1.397487025165890934e-02
1.778632075285529329e-02
4.933060512221859595e-02
7.940225355550950548e-02
1.054211019774605046e-01
1.245017045184581839e-01
1.350188302190765410e-01
1.375832056477347687e-01
1.348231921025249136e-01
1.302091078563809290e-01
1.266045429691081414e-01
1.251170355671201440e-01
1.245872395065215077e-01
1.219426307401684090e-01
1.135196215741532955e-01
9.734341400260258792e-02
7.598638585899671061e-02
5.838121910882414223e-02
5.756988806335180259e-02
8.325599017075539787e-02
1.343831601988807745e-01
1.992962120168107754e-01
2.629577489016088343e-01
3.138945689268089478e-01
3.468719146446954116e-01
3.622255746081096128e-01
3.636497237159477258e-01
3.555655891722350748e-01
3.408341495172326208e-01
3.195130694361856261e-01
2.891525108962545998e-01
2.466047342501880013e-01
1.908580372776104706e-01
1.259374628560701037e-01
6.205193113469282401e-02
1.275719464288435981e-02
-1.193203181326323720e-02
-1.179531929612266487e-02
3.929210600929024244e-03
2.293140753236886861e-02
3.616422169982445867e-02
4.036052007602794478e-02
3.726824394593584999e-02
3.144791470279874324e-02
2.790999224161790776e-02
3.015579836544574066e-02
3.888136244978080552e-02
5.157416788336897234e-02
6.315117714061913023e-02
6.765744482630141332e-02
6.073337585386542198e-02
4.172378137385419211e-02
1.387979537685128835e-02
-1.767908903807346999e-02
-4.870851698480397479e-02
-7.728528803203150999e-02
-1.033483794054807225e-01
-1.272563123047729394e-01
-1.485197714753580533e-01
-1.653626875185818801e-01
-1.752124268012263952e-01
-1.757647940468390069e-01
-1.660485546718295513e-01
-1.469270037285375918e-01
-1.207732091382898443e-01
-9.055064148193070483e-02
-5.878235048342228541e-02
-2.686560540650174272e-02
4.914216581728756209e-03
3.661417674155666158e-02
6.752628553316969429e-02
9.555127564866804091e-02
1.177446112263692696e-01
1.317962200520143290e-01
1.373648879836954773e-01
1.363608647829097353e-01
1.320874978013761580e-01
1.278193067790764914e-01
1.254803290015722161e-01
1.248414959194377033e-01
1.235032196998165355e-01
1.178195189599204329e-01
1.048005971898272742e-01
8.483831323350873865e-02
6.425467339569278236e-02
5.506599398265896866e-02
6.942151906456690835e-02
1.111514264625172582e-01
1.722876073813871811e-01
2.381498932881183361e-01
2.952425867700754769e-01
3.357381985883948761e-01
3.579243666856881112e-01
3.644456462385993745e-01
3.597401308728864766e-01
3.475265692589302735e-01
3.290574587351046132e-01
3.027604343303458845e-01
2.654715382007509783e-01
2.149360464344197974e-01
1.528453148829957420e-01
8.697445686825865108e-02
3.017322842584237857e-02
-5.158596316339201897e-03
-1.440961557358904147e-02
-3.523630519151989878e-03
1.552760087183545704e-02
3.183078259547722499e-02
3.972251402408678855e-02
3.913890747823015048e-02
3.379475270795478242e-02
2.878461506985091622e-02
2.842143960600305649e-02
3.464335840417928636e-02
4.622274115577711812e-02
5.897282291372832330e-02
6.702336773838267481e-02
6.505589530082139804e-02
5.075185798384142938e-02
2.591426951654021704e-02
-4.753339540499464284e-03
-3.636862877773830438e-02
-6.602395445505736260e-02
-9.305151515838508414e-02
-1.178239620349166572e-01
-1.403039317392557883e-01
-1.592266354341221046e-01
-1.722342511762968709e-01
-1.767708880450291342e-01
-1.712210339193318553e-01
-1.556962417786335595e-01
-1.320449314712356936e-01
-1.031207655840259002e-01
-7.173772552920198997e-02
-3.979362345582219268e-02
-7.970726205139180842e-03
2.377920742610363167e-02
5.518269347423796628e-02
8.471308094841466241e-02
1.096237810424390835e-01
1.271506093402440252e-01
1.360480592079494622e-01
1.373601172334349418e-01
1.339817452360627936e-01
1.293767686686683460e-01
1.261504936923299736e-01
1.249989323252225781e-01
1.243465633718076196e-01
1.208783794822475000e-01
1.110474186879010783e-01
9.351607834497935312e-02
7.199570546825979911e-02
5.653830275909651343e-02
6.023943484093056966e-02
9.119081206967649678e-02
1.460339357089693868e-01
2.118261403332508952e-01
2.737855630440874655e-01
3.215405342446213677e-01
3.510260503388099029e-01
3.634061814365672771e-01
3.627141170905957002e-01
3.532306571848774501e-01
3.373412072300799314e-01
3.145577683744568698e-01
2.821195416775506559e-01
2.370445992840428950e-01
1.790707900129761831e-01
1.133952090685450415e-01
5.122291302694138154e-02
6.043732816263290043e-03
-1.363514686834880162e-02
-9.649082891680720378e-03
7.606176457589221805e-03
2.604655746669742866e-02
3.764664423974711099e-02
4.021225951788832964e-02
3.620873019664020559e-02
3.045561984276383416e-02
2.781225836540301977e-02
3.132602572352501114e-02
4.108756801131141501e-02
5.401708843348537736e-02
6.470523140874770429e-02
6.729801373544413989e-02
5.801240014614017504e-02
3.699118086352346652e-02
8.046218189418250996e-03
-2.367394790025133255e-02
-5.431400805376781354e-02
-8.238596525798337622e-02
-1.080273592299516444e-01
-1.315143166633153393e-01
-1.521178265252974282e-01
-1.678486158488871061e-01
-1.760938005097446024e-01
-1.747288385876729078e-01
-1.631147783395199835e-01
-1.424493162232084997e-01
-1.152984976297292963e-01
-8.461781056191300388e-02
-5.275323065045642995e-02
-2.086603403831711195e-02
1.090168167089899595e-02
4.254630193959741541e-02
7.311569089713243486e-02
1.002699956080058408e-01
1.210578304574379954e-01
1.334616020496418587e-01
1.375820528460213743e-01
1.356859768274839562e-01
1.311857870928166414e-01
1.271916947755067639e-01
1.252624949427398604e-01
1.247333715271280452e-01
1.228684232668477566e-01
1.159697045386812730e-01
1.014593383379271962e-01
8.069191379310114431e-02
6.122327241816680893e-02
5.568802133631059470e-02
7.528091583212953575e-02
1.215979511408759733e-01
1.848123270566521537e-01
2.499133960519878406e-01
3.042742668387995453e-01
3.412800331151970568e-01
3.602148680501255917e-01
3.642673350489167294e-01
3.579191318393800669e-01
3.445221919067737448e-01
3.247736671771890293e-01
2.966601232938988475e-01
2.569680915383422137e-01
2.039564267852432278e-01
1.403630768584271937e-01
7.513207682748189453e-02
2.157669544661836372e-02
-8.857464445398369884e-03
-1.357323137504572348e-02
-1.728314897118934587e-04
1.906614922349332900e-02
3.403028369468791281e-02
4.017955719279992649e-02
3.833763424884870097e-02
3.266327305977285989e-02
2.825483378024952127e-02
2.907766232302718551e-02
3.650428433720361715e-02
4.870038140953969474e-02
6.103144518138169106e-02
6.753805518721267553e-02
6.329781350477178825e-02
4.675090271649012807e-02
2.041003324748348266e-02
-1.076741279888893815e-02
-4.215753503423395193e-02
-7.131510668882211357e-02
-9.788465943825618021e-02
-1.222613673297204134e-01
-1.442101358147459544e-01
-1.622203827587274660e-01
-1.738124160460978174e-01
-1.765234463928338493e-01
-1.690240170034766065e-01
-1.517797025901701236e-01
-1.269016772566233797e-01
-9.731732124469441580e-02
-6.572196495956203477e-02
-3.378324639933368012e-02
-1.984519360325052908e-03
2.975083550667686344e-02
6.096498858323438907e-02
8.985836281260678460e-02
1.135615740724478656e-01
1.294892834833880069e-01
1.368053292791389652e-01
1.369717400331882107e-01
1.331035986164426921e-01
1.286064464051552558e-01
1.257884382251803768e-01
1.249192528832021171e-01
1.240245994072494418e-01
1.195998702937012409e-01
1.083027357436450178e-01
8.953998827912507119e-02
6.821922537417947352e-02
5.539796299979999478e-02
6.391851556584626781e-02
1.000068148443376687e-01
1.580780629327196429e-01
2.242037634626419806e-01
2.840874564390996615e-01
3.285213184610970005e-01
3.545673505630808631e-01
3.641309348960417580e-01
3.614877282980178963e-01
3.506980597567615487e-01
3.336342041946517845e-01
3.092838871783759047e-01
2.746506950349689169e-01
2.270274727530545433e-01
1.670064849005206131e-01
1.009841082451018307e-01
4.102758093754627078e-02
2.833056593917332986e-04
-1.445942528777461634e-02
-7.020121643324779559e-03
1.131535236389338665e-02
2.890256695161608561e-02
3.879691242677214824e-02
3.982960523422014731e-02
3.509714938455804623e-02
2.959321186715508159e-02
2.795821291786349666e-02
3.274342779983939467e-02
4.342645319943419513e-02
5.639127205713464347e-02
6.597175843596113365e-02
6.650975932933204937e-02
5.487007877966892239e-02
3.198329849447378859e-02
2.131348923951775689e-03
-2.960921125579978747e-02
-5.981097248276715656e-02
-8.738987674342003908e-02
-1.126243470851101408e-01
-1.356648952207686054e-01
-1.555337773180077432e-01
-1.700534377998613178e-01
-1.766135349425798362e-01
-1.733074701284515184e-01
-1.598420314948641452e-01
-1.377310298627674456e-01
-1.096958801686700458e-01
-7.864583296815749747e-02
-4.672735286254034448e-02
-1.487154704703160836e-02
1.688916483509773567e-02
4.844795457333552630e-02
7.859008555146021480e-02
1.047641902397481867e-01
1.240714913360466132e-01
1.348322582630512856e-01
1.375909171985810753e-01
1.349319952429265390e-01
1.303226822248319261e-01
1.266624575919198803e-01
1.251196063988191387e-01
1.245985773858248880e-01
1.220671400169032611e-01
1.138508237638178877e-01
9.788785099106110665e-02
7.658558961864041226e-02
5.870166104353839037e-02
5.724530941752940111e-02
8.213746281948056116e-02
1.326690596245500564e-01
1.974025418727737569e-01
2.612834607002163523e-01
3.126803440256490374e-01
3.461804171802241870e-01
3.619888855402274563e-01
3.637419025469300071e-01
3.558755025996920285e-01
3.413185187146548505e-01
3.202111653600518415e-01
2.901551801725092417e-01
2.479860128845487455e-01
1.925882342474545539e-01
1.278149045760942071e-01
6.371670825824636564e-02
1.383687333563035811e-02
-1.160403585066785946e-02
-1.207507565636422447e-02
3.380757021704572027e-03
2.243894070833636969e-02
3.590604080976859264e-02
4.035123406303791488e-02
3.740838495525086738e-02
3.159246775359535880e-02
2.793092229118295314e-02
2.998914144625167838e-02
3.855233025485944875e-02
5.119462198554985272e-02
6.288696395842718889e-02
6.766722210432821183e-02
6.109645389744869370e-02
4.240059872230639293e-02
1.473991223732208818e-02
-1.677970228383082393e-02
-4.786053865760625525e-02
-7.651294117398108052e-02
-1.026417222365424847e-01
-1.266135557360951736e-01
-1.479730614600684724e-01
-1.649768738039791294e-01
-1.750610934567446986e-01
-1.758977419430975409e-01
-1.664676363872077125e-01
-1.475835510979776333e-01
-1.215874293359673897e-01
-9.144117912134258619e-02
-5.969216005233379807e-02
-2.777257446554587395e-02
4.008984425778740548e-03
3.571558869272929704e-02
6.667378475112156755e-02
9.482156244044694093e-02
1.172193622831771836e-01
1.315169149727938025e-01
1.373075313797816333e-01
1.364458140177497447e-01
1.322151295144888550e-01
1.279112270164591003e-01
1.255106474202232480e-01
1.248493439151117795e-01
1.235804108352283187e-01
1.180708883589802055e-01
1.052773479599862644e-01
8.545552853597621068e-02
6.474222560755765743e-02
5.504320673710719203e-02
6.862325406282403228e-02
1.096374229648748588e-01
1.704145548535152543e-01
2.363491289414127172e-01
2.938278184086901001e-01
3.348419539530003708e-01
3.575244631087862723e-01
3.644308137129900205e-01
3.599849182001748638e-01
3.479548215754266205e-01
3.296747217081676395e-01
3.036417879241054552e-01
2.667070979259246188e-01
2.165486356444016880e-01
1.547080793827870226e-01
8.878236073203399359e-02
3.153356024272482849e-02
-4.519880194762525109e-03
-1.447281880989631682e-02
-4.004009045750767971e-03
1.498385400430593886e-02
3.147010525063101416e-02
3.962331586276311712e-02
3.924064929695145199e-02
3.396277760697478248e-02
2.887680501098032620e-02
2.834246900882775311e-02
3.437989549896867947e-02
4.585299189315539259e-02
5.864644522308071900e-02
6.691120310954692951e-02
6.527798240721674472e-02
5.131822684178837662e-02
2.672383450193138027e-02
-3.849626821816653447e-03
-3.548871222233302564e-02
-6.521728729723867690e-02
-9.231642860233853221e-02
-1.171501859428463882e-01
-1.397075823101855130e-01
-1.587606877894356949e-01
-1.719727165405497693e-01
-1.767777158316179154e-01
-1.715202793324797637e-01
-1.562593531034674466e-01
-1.328018307282665678e-01
-1.039868866409014714e-01
-7.264306422789414130e-02
-4.070116149734388095e-02
-8.874370728245690662e-03
2.287796610877966888e-02
5.430662445847958542e-02
8.392540207871303226e-02
1.090095469881014606e-01
1.267727319751221493e-01
1.359105771794240358e-01
1.374032911134148993e-01
1.341091558535512374e-01
