7.289686274214116080e-02
7.184522696252429452e-02
6.794164627542433055e-02
6.185664868638166697e-02
5.357337608099656256e-02
4.386400061969559366e-02
3.266704443924228068e-02
1.987100794441548982e-02
5.503146106945308071e-03
-1.008206571176345837e-02
-2.602434767887736380e-02
-4.222272582537457686e-02
-5.734654328346361352e-02
-7.107410700704762385e-02
-8.199345469504761008e-02
-9.047863180978134301e-02
-9.644165470824508923e-02
-1.003061528000475516e-01
-1.018867244186314747e-01
-1.012560776572913740e-01
-9.840862859306619137e-02
-9.288864783853771623e-02
-8.438981367601165740e-02
-7.207228792810119189e-02
-5.690049809282487353e-02
-3.940150824044753863e-02
-2.195916978582765355e-02
-6.783917111425202817e-03
2.485313834640839360e-03
3.096221144707882091e-03
-5.996924737241545421e-03
-2.341754529464938964e-02
-4.602501970438178935e-02
-7.063161158790273730e-02
-9.349794564917832118e-02
-1.125984842200308950e-01
-1.260369250553890486e-01
-1.342810204558330667e-01
-1.373879592808587013e-01
-1.361371324203917710e-01
-1.308464928791577830e-01
-1.219741810966476492e-01
-1.098935469621336036e-01
-9.442899839309716603e-02
-7.570060911638178125e-02
-5.372180012884558709e-02
-2.980740225611858488e-02
-4.404548424851148503e-03
2.107351191686858416e-02
4.634842335106108963e-02
7.018182032340909704e-02
9.215936994988835340e-02
1.117867583873625864e-01
1.288077983461549392e-01
1.426326037755010767e-01
1.523781635579201377e-01
1.577060482603206970e-01
1.580860053962341027e-01
1.538642683696179181e-01
1.443559528136737491e-01
1.301681571460218123e-01
1.114484373483795587e-01
8.988611825032133407e-02
6.767605175038436671e-02
4.893405428803757756e-02
3.896110363105947938e-02
4.227198524921988582e-02
6.028759650197298287e-02
8.967309775125233140e-02
1.250901789718174284e-01
1.598611351878703457e-01
1.893063336843654187e-01
2.098195040624696861e-01
2.207008133738961042e-01
2.226319250544019079e-01
2.171136989405678119e-01
2.056825482135171967e-01
1.889305077839360525e-01
1.673661733831307563e-01
1.403854363861606058e-01
1.078911444454629387e-01
6.964383650569611062e-02
2.761983188978053491e-02
-1.573545127112087327e-02
-5.656324005229095703e-02
-9.184275132367884786e-02
-1.192055255262830654e-01
-1.377028307933100271e-01
-1.482639437703062724e-01
-1.523785353756337557e-01
-1.519437867069138304e-01
-1.473152888576844677e-01
-1.386897891154924845e-01
-1.252093738907159859e-01
-1.070022135413239983e-01
-8.415721533271883215e-02
-5.906631285425355260e-02
-3.631219683264657466e-02
-2.285671339258929513e-02
-2.566865342178403439e-02
-4.752653269823402943e-02
-8.621940428415625357e-02
-1.345693253281194657e-01
-1.847740587595633477e-01
-2.297820096259418632e-01
-2.655429794996774784e-01
-2.899140217859929036e-01
-3.026037321814529779e-01
-3.040267544349524176e-01
-2.949579535833292687e-01
-2.767036847822905155e-01
-2.497379619370485582e-01
-2.147856017344839108e-01
-1.718144752634496453e-01
-1.223972904044219601e-01
-6.928191926235487130e-02
-1.768309870200153802e-02
2.625621657004337944e-02
5.661367766560297665e-02
7.051039380602411311e-02
6.958504705909412946e-02
5.856285490942311073e-02
4.336710050536959904e-02
2.762075853224599947e-02
1.341758796776625247e-02
3.518836325670856181e-04
-1.241229799630461962e-02
-2.611944110764720731e-02
-4.058686610216710039e-02
-5.361127014324661849e-02
-6.083637027267786018e-02
-5.723488941043543277e-02
-3.984307045082514237e-02
-8.830917369843543571e-03
3.147675271299481964e-02
7.544252230202033727e-02
1.170487485447194997e-01
1.527290074194954939e-01
1.808830231811493494e-01
2.016570169602382723e-01
2.157536012183472185e-01
2.235222044836378263e-01
2.250176497059380443e-01
2.194410077490196176e-01
2.060747834774978582e-01
1.840364324769442339e-01
1.540746809309455900e-01
1.177352376543724377e-01
7.831999492007575558e-02
3.944661242672031776e-02
5.172620770130212375e-03
-2.105459527341118145e-02
-3.743237878846811945e-02
-4.397078688605079999e-02
-4.259302407361831300e-02
-3.546755932413536011e-02
-2.509604767235643769e-02
-1.316538376885022926e-02
-1.334203506109924754e-03
9.815389344472430500e-03
1.987698070333705769e-02
2.895108533046156576e-02
3.713564375586719118e-02
4.424395945213113052e-02
4.984592533191080366e-02
5.237639059342927284e-02
4.986896820290259019e-02
4.011265409971576795e-02
2.257309706199594340e-02
-1.814144756432962448e-03
-3.013817836536009445e-02
-5.906319315799030828e-02
-8.521328707116303247e-02
-1.062746568551067583e-01
-1.215081219445509203e-01
-1.311698925060507115e-01
-1.364141590868941933e-01
-1.378495880670849716e-01
-1.359164046688489114e-01
-1.301340155386815078e-01
-1.200068455181075161e-01
-1.046946652877822070e-01
-8.426893585665601316e-02
-5.946181605206202203e-02
-3.198934642343366497e-02
-3.851517443977921749e-03
2.331696406396821866e-02
4.810530824069761402e-02
6.992338336164399815e-02
8.828971562335348466e-02
1.032466535447157246e-01
1.143944541185391295e-01
1.214540389253300073e-01
1.239088967313699691e-01
1.219362329704280073e-01
1.159370346764305726e-01
1.065341022714019897e-01
9.433744637673317779e-02
7.965192121992988039e-02
6.310683965491688252e-02
4.547311584735909407e-02
2.894570828244209804e-02
1.706498690155562950e-02
1.473991381989316236e-02
2.563110345220332223e-02
5.031576909369454148e-02
8.527249704043093903e-02
1.244849532013977134e-01
1.616839127956479494e-01
1.917386333346967342e-01
2.121333463446521406e-01
2.223507940707004638e-01
2.239273602625404536e-01
2.186484364032450223e-01
2.080728959448693571e-01
1.925901787266791343e-01
1.717578471212274915e-01
1.445658854369380741e-01
1.104301754445158185e-01
7.016983200173848578e-02
2.629998147512010304e-02
-1.687673620217021095e-02
-5.499505251971802122e-02
-8.432672964696218132e-02
-1.035230804234596319e-01
-1.132968398979709856e-01
-1.161048026442562248e-01
-1.144890213441337457e-01
-1.100309302073513296e-01
-1.029898867169621590e-01
-9.271636386582023104e-02
-7.862611489154949784e-02
-6.048091465451195525e-02
-3.950033004998276809e-02
-1.823607875121441638e-02
-1.405591864246988733e-03
5.576701089760448087e-03
-1.823183306587306679e-03
-2.481310393875803266e-02
-6.066579700539562886e-02
-1.040325588059311801e-01
-1.488173766733876802e-01
-1.900823333220660882e-01
-2.242319848578255281e-01
-2.493820594086485765e-01
-2.644119066458646139e-01
-2.693004912255859140e-01
-2.644392660609406476e-01
-2.507885455643624750e-01
-2.292726676134169694e-01
-2.005084005145641723e-01
-1.650794802285379670e-01
-1.237626024662335095e-01
-7.849438691100760201e-02
-3.246906905634269064e-02
9.417755812822732608e-03
4.204431547195362079e-02
6.146093919084515134e-02
6.717201557324078975e-02
6.191789030076075978e-02
5.026143008380122568e-02
3.656087873833625823e-02
2.346041012893241434e-02
1.196912672165046168e-02
1.362407022775622041e-03
-9.551295592733172884e-03
-2.183839899531500595e-02
-3.493327919673300946e-02
-4.653843524058511733e-02
-5.250779185364885110e-02
-4.859720951581405352e-02
-3.220558790058080517e-02
-3.958900337285796954e-03
3.217544532312404532e-02
7.090412537081333677e-02
1.072395357543843020e-01
1.382601864843761574e-01
1.626966269951618527e-01
1.807293860680487252e-01
1.928249428051913850e-01
1.994055050434901111e-01
2.002107295587968738e-01
1.945200260807017911e-01
1.815535632864928861e-01
1.609703689866708309e-01
1.335301535123940841e-01
1.007196363979260406e-01
6.502657729852492907e-02
2.915792752560680129e-02
-3.909250267233563801e-03
-3.178887330612204659e-02
-5.274423577078293096e-02
-6.610008563108588087e-02
-7.201397564782598126e-02
-7.142714495280545750e-02
-6.591250668620642073e-02
-5.708669463291180662e-02
-4.660937300254461985e-02
-3.547782296552649123e-02
-2.442492735749820718e-02
-1.345215285640810089e-02
-2.385164854121113627e-03
8.966873011617904760e-03
1.983221806664254433e-02
2.810547149647786222e-02
3.044290230718759913e-02
2.345489024649933391e-02
5.520991046915076257e-03
-2.234752669568526237e-02
-5.625604114976266029e-02
-9.123996782840584907e-02
-1.225469543316473064e-01
-1.472487958146347087e-01
-1.642980014166167402e-01
-1.742478125197272076e-01
-1.783603149662109089e-01
-1.777702187760940578e-01
-1.729510726153332123e-01
-1.633877668867666499e-01
-1.481701440076327037e-01
-1.263901149522628498e-01
-9.828682850647575686e-02
-6.514996945591421118e-02
-2.956166265896247730e-02
5.464433144399670483e-03
3.697721760438014982e-02
6.292766106144852267e-02
8.250710430407595664e-02
9.597352705105588466e-02
1.041581914836453571e-01
1.077222774540318589e-01
1.072119804649966229e-01
1.027971219569640271e-01
9.482981159249206926e-02
8.357195962570829195e-02
6.959526251717472467e-02
5.357865425304399881e-02
3.654389104220816253e-02
2.002933159591504392e-02
6.466680183817888686e-03
-6.283926255724704224e-04
2.499219967720631066e-03
1.841814848601518173e-02
4.668698025058434092e-02
8.393872641872350548e-02
1.247013358023023322e-01
1.633431006119705764e-01
1.952219456336766468e-01
2.175503535193406557e-01
2.296137421731358486e-01
2.322543100513591030e-01
2.272313192259648729e-01
2.160942633033728633e-01
1.997402898551461636e-01
1.779485908917441128e-01
1.500244379476922962e-01
1.153600053658308811e-01
7.474401838308514234e-02
3.080779545238849018e-02
-1.198509115657033983e-02
-4.847449707352514264e-02
-7.461544908173553536e-02
-8.886955714968206022e-02
-9.280456370396909793e-02
-8.979972489661049162e-02
-8.343772511646775636e-02
-7.583421315206036184e-02
-6.748643488131009227e-02
-5.755983990380118126e-02
-4.496478695082476579e-02
-2.912684539385927349e-02
-1.079126154447427113e-02
7.409512454723026637e-03
2.118417348271283210e-02
2.546526465027834293e-02
1.658069726860821394e-02
-6.144484434497846093e-03
-3.980852644368076954e-02
-7.944444683581719513e-02
-1.198232309696500575e-01
-1.569243170012483701e-01
-1.882035257643623616e-01
-2.122439199945582444e-01
-2.283634211303381123e-01
-2.361476241185737346e-01
-2.355950612142062306e-01
-2.268452233873207713e-01
-2.103566338244571288e-01
-1.866462323737560769e-01
-1.564895643352534338e-01
-1.209208689544016696e-01
-8.155083743538793506e-02
-4.074146126725600864e-02
-1.754952868699592890e-03
3.151519106525951103e-02
5.563991910528695573e-02
6.872792021668673590e-02
7.137029917505811893e-02
6.602818094855082698e-02
5.607837549787588610e-02
4.447163932366762079e-02
3.307628242167399979e-02
2.243101718439873341e-02
1.202785909730063295e-02
9.596383917212767973e-04
-1.132436168159895763e-02
-2.411495010319934101e-02
-3.513172236785670755e-02
-4.053154692425528505e-02
-3.635031176973742978e-02
-2.019940886848487632e-02
7.131205732870212269e-03
4.189065711403543862e-02
7.892418528978359382e-02
1.135108309304495022e-01
1.425630028961717977e-01
1.647421847809485140e-01
1.801513498621611920e-01
1.894399152344139470e-01
1.932567455052834060e-01
1.915984417476655766e-01
1.840088741573066011e-01
1.697933053465927045e-01
1.486276984182789140e-01
1.209329762055194879e-01
8.806899073565477298e-02
5.232179031484351234e-02
1.649078960034578920e-02
-1.653281208852762363e-02
-4.442260815072157643e-02
-6.561470547006995058e-02
-7.961596871725411251e-02
-8.672659408013992655e-02
-8.793632110420018799e-02
-8.446781809700915078e-02
-7.753679214360860439e-02
-6.821625997425513621e-02
-5.728803994155903800e-02
-4.527830400563745417e-02
-3.234861222914692247e-02
-1.864563559697460932e-02
-4.647964036623803037e-03
8.059407083763962115e-03
1.663428025094699711e-02
1.726767688278872670e-02
6.721030787277809150e-03
-1.598234418463016782e-02
-4.865040033714167211e-02
-8.650418457756116342e-02
-1.240205504319499691e-01
-1.564750512441416552e-01
-1.810380617873718068e-01
-1.967773074360385233e-01
-2.043641380436896082e-01
-2.051637959801118627e-01
-2.004870294113742790e-01
-1.908437898069767491e-01
-1.758585634564486244e-01
-1.546846018994811611e-01
-1.267030974522637410e-01
-9.237281591608534348e-02
-5.353739974920302541e-02
-1.351474438857509439e-02
2.368394008348806076e-02
5.432655135831085391e-02
7.622971422412325171e-02
8.919217691108832780e-02
9.472213661136728857e-02
9.496606225871848106e-02
9.172615360113745009e-02
8.598797938327372437e-02
7.786779304536733948e-02
6.714455559435640597e-02
5.359612178976531222e-02
3.755978049608916375e-02
2.009174858023418317e-02
3.310440492226806621e-03
-9.658136932305241146e-03
-1.498231579539267659e-02
-9.284543088319370183e-03
8.936331387359859948e-03
3.844202662306953761e-02
7.553111402595964752e-02
1.154126242733278657e-01
1.533411989108292295e-01
1.855974973020432239e-01
2.097132934777639346e-01
2.246290494314436004e-01
2.304284149173330964e-01
2.279870363634272645e-01
2.184324586935271206e-01
2.026502845431287780e-01
1.810328680311038829e-01
1.534944667200522361e-01
1.200571908932250853e-01
8.142885021601395379e-02
3.977685394940285585e-02
-1.266455898188592827e-03
-3.710532804858262396e-02
-6.363693216589308421e-02
-7.875185677995115430e-02
-8.313463218537227306e-02
-7.969611664528192252e-02
-7.200527130132249043e-02
-6.287161779363016623e-02
-5.353681985830526652e-02
-4.389961543371009856e-02
-3.298522471945664752e-02
-1.989739599645685281e-02
-4.536236961033408149e-03
1.161503977972552781e-02
2.529427066107385949e-02
3.201432431448220789e-02
2.760476820825397137e-02
1.017366012246042478e-02
-1.885089967358287433e-02
-5.522280099644742701e-02
-9.376369948159501977e-02
-1.299733178155337010e-01
-1.609674487875578930e-01
-1.852973290579890409e-01
-2.025207862180828378e-01
-2.126306418761567951e-01
-2.156929873153291266e-01
-2.117178165590740124e-01
-2.006189440712566052e-01
-1.824303846715032706e-01
-1.574394194055031559e-01
-1.264646809385857051e-01
-9.087855864684744878e-02
-5.277960688307863774e-02
-1.486100944144830120e-02
1.971915360712158533e-02
4.792775489782784282e-02
6.759352941124861791e-02
7.801912056084829572e-02
8.014504178130325840e-02
7.599911534908139477e-02
6.798486065586416272e-02
5.808283477934092498e-02
4.752893312897075312e-02
3.666338951029951554e-02
2.524451105539931781e-02
1.281013022021904035e-02
-6.558023731603907511e-04
-1.408723518900738790e-02
-2.490412618413869600e-02
-2.924117825875499274e-02
-2.329638154726310084e-02
-5.130123024476599888e-03
2.400905478147561181e-02
6.007729560463782176e-02
9.775574712246259956e-02
1.322728754157433684e-01
1.604330743691749217e-01
1.808997741094852951e-01
1.937932852629843938e-01
1.999596882531718134e-01
2.002762160012921955e-01
1.950809190323905817e-01
1.841417306138442012e-01
1.668430658321524152e-01
1.427813627915923700e-01
1.122533536261909742e-01
7.668786651773235041e-02
3.861090290198638392e-02
1.318682762900324568e-03
-3.183212963922554123e-02
-5.821178430529576342e-02
-7.650242080065967898e-02
-8.689637146824447100e-02
-9.062327016571074256e-02
-8.933185599359672047e-02
-8.441969880494910872e-02
-7.684363087379678103e-02
-6.710793574382385718e-02
-5.546548280031361050e-02
-4.207047334025379448e-02
-2.722633182329999707e-02
-1.170620865733460088e-02
2.869731187234775792e-03
1.374089362789118578e-02
1.733771684651340406e-02
1.027909915648732818e-02
-8.991836935966619759e-03
-3.919912649746163519e-02
-7.642808661377331614e-02
-1.155038365809603895e-01
-1.515180680607463581e-01
-1.808518197054805876e-01
-2.015840872387628657e-01
-2.133674903587344795e-01
-2.170176002263880799e-01
-2.137706198542460856e-01
-2.046638377733659697e-01
-1.900367140744141925e-01
-1.696081202092286078e-01
-1.428650491129280220e-01
-1.097775759771463383e-01
-7.145743459713507773e-02
-3.052394054591866385e-02
9.095577263426590092e-03
4.308586642962775742e-02
6.805951295804318901e-02
8.275259189158853945e-02
8.820885515966118973e-02
8.702551305632652556e-02
8.196585338149381395e-02
7.495272528375052090e-02
6.667967217276350722e-02
5.688449558117841115e-02
4.494649382704859336e-02
3.050524579595699504e-02
1.404961762551993482e-02
-2.692301699879476665e-03
-1.657245392629829936e-02
-2.352292289022140520e-02
-1.973412853374107573e-02
-3.350233880345176302e-03
2.455858817106253492e-02
6.033146464198306524e-02
9.914363722950786384e-02
1.364770624945988442e-01
1.689055911462159221e-01
1.943150570996146353e-01
2.116854523846695424e-01
2.208475055041242419e-01
2.221271721627696150e-01
2.160958121971780221e-01
2.032726181342380811e-01
1.840239038800322580e-01
1.585776280017056061e-01
1.272887600961511156e-01
9.104613451085546982e-02
5.164191931594628443e-02
1.199200289018459778e-02
-2.416948994761241795e-02
-5.307921651138823582e-02
-7.217874383420601336e-02
-8.099035410312260819e-02
-8.117137392001357032e-02
-7.556729389904480454e-02
-6.700614311644370602e-02
-5.740594843412365894e-02
-4.748311827557100823e-02
-3.699239948582299514e-02
-2.520380122743937773e-02
-1.162860908182584627e-02
3.309406506891345284e-03
1.766151954569840712e-02
2.792468233357145793e-02
2.980937281743582107e-02
1.994736504805860386e-02
-2.386916946251382583e-03
-3.467068979506723880e-02
-7.214785169176102242e-02
-1.096841471169594379e-01
-1.431987605395979857e-01
-1.702907593363084671e-01
-1.900316782707393293e-01
-2.024990564392350756e-01
-2.081523880352948996e-01
-2.073897048110632524e-01
-2.002865957420330023e-01
-1.866487832936196412e-01
-1.662722632161292013e-01
-1.393018954651389363e-01
-1.065725263171546644e-01
-6.976923048995951893e-02
-3.146224275188005959e-02
5.205350530527248949e-03
3.701126892433340143e-02
6.141892010850391603e-02
7.717843265745093218e-02
8.456820540453176271e-02
8.505801512239682949e-02
8.063091552720003108e-02
7.311862175124134167e-02
6.378398151257066995e-02
5.325941811997451925e-02
4.163964723144004260e-02
2.879675562195802702e-02
1.472695954284270435e-02
1.133905120268428239e-04
-1.319416390592091474e-02
-2.199169139738259976e-02
-2.237216814264593456e-02
-1.123485000295968220e-02
1.206487402890633887e-02
4.506392834311104961e-02
8.306896264759519588e-02
1.208016437788432818e-01
1.539162757126530390e-01
1.797086589755640396e-01
1.972080754414587689e-01
2.067266127720804592e-01
2.092239317115764663e-01
2.056310313074343199e-01
1.963772814230605457e-01
1.812933934730176500e-01
1.598749309544680586e-01
1.318584736772584753e-01
9.779002603016936912e-02
5.945730869786249040e-02
1.986153436088065882e-02
-1.721284181441058020e-02
-4.813447067292037085e-02
-7.044352333869736971e-02
-8.354738318865126412e-02
-8.862687146540566829e-02
-8.781590215665287247e-02
-8.322182364025201839e-02
-7.624686517197457047e-02
-6.748128395691650738e-02
-5.691005735361012730e-02
-4.433442841416659896e-02
-2.974776288538915139e-02
-1.377389929013848185e-02
1.986533627982732617e-03
1.474152260988639482e-02
2.079679667670947599e-02
1.658559849367875066e-02
1.676315538470215844e-04
-2.763552116217841970e-02
-6.338776682057382927e-02
-1.022466749770730432e-01
-1.394557319259842054e-01
-1.712977426307269180e-01
-1.954927367509388669e-01
-2.111346287981159531e-01
-2.184022404309665655e-01
-2.180941422200016466e-01
-2.110998856508206623e-01
-1.980120801939120878e-01
-1.789539275355162551e-01
-1.537855017050271667e-01
-1.225266473755455693e-01
-8.595316864901646203e-02
-4.603505247416814911e-02
-6.051315748339057207e-03
2.992849432458124376e-02
5.811171488379046624e-02
7.624938889751733950e-02
8.437503278502690718e-02
8.450128926932061468e-02
7.952690607088583330e-02
7.197683941844729150e-02
6.330269447431181862e-02
5.378960876389196621e-02
4.297216508206977426e-02
3.021458735342919671e-02
1.536848534784682023e-02
-6.441146661626168156e-04
-1.542731180978128107e-02
-2.521958767550774513e-02
-2.584637486662883996e-02
-1.436354259076528042e-02
9.405350969384145693e-03
4.261899692132571638e-02
8.054980558650377820e-02
1.182949310290845879e-01
1.519864578296644120e-01
1.792234066683052462e-01
1.989173935739848575e-01
2.108923396219544166e-01
2.154569145851435996e-01
2.130289998010311270e-01
2.039203017680249197e-01
1.882477037315835877e-01
1.660753090560566081e-01
1.376526466213189581e-01
1.037634792052245375e-01
6.600055778019046915e-02
2.690448454078320228e-02
-1.020985840553130866e-02
-4.182775759367841212e-02
-6.514023410585743912e-02
-7.891657779731355016e-02
-8.379192409612690184e-02
-8.181156212666713945e-02
-7.546499181318611083e-02
-6.683947742191710673e-02
-5.714508073133514610e-02
-4.670686581873185333e-02
-3.523854359088311738e-02
-2.230827933890125458e-02
-7.919375595034078633e-03
6.889806299290355575e-03
1.962384731279460254e-02
2.650895132867677959e-02
2.355847990344830598e-02
8.351662630084783975e-03
-1.857948803883007274e-02
-5.372712220072137224e-02
-9.199942511311977322e-02
-1.284573871738738104e-01
-1.594822669886737376e-01
-1.831408847320789013e-01
-1.989430762499712069e-01
-2.073210274405116460e-01
-2.090039415905007303e-01
-2.045330695495781448e-01
-1.940043851877657211e-01
-1.771650130755423602e-01
-1.537384769676632679e-01
-1.239020051506615622e-01
-8.869428297006189121e-02
-5.022978125630996049e-02
-1.159218284908610647e-02
2.366978966146991020e-02
5.234395966205077771e-02
7.242987964808393631e-02
8.361844965663206564e-02
8.713779341949028090e-02
8.501293336325516092e-02
7.923600281837853143e-02
7.120547639303320686e-02
6.160092646673818312e-02
5.054621388963029260e-02
3.790820545295323085e-02
2.367677296528831327e-02
8.388249539667977372e-03
-6.405016495453675837e-03
-1.789187843620244217e-02
-2.231639724378759945e-02
-1.615437085063132702e-02
2.273405301359668600e-03
3.172511012194910440e-02
6.833857251305866520e-02
1.070299963904225021e-01
1.430348713282644790e-01
1.728990363041127409e-01
1.947689169977094570e-01
2.082311514830887667e-01
2.138359318444967017e-01
2.125228709931179516e-01
2.050629320530502064e-01
1.917420630407183357e-01
1.723713747362785043e-01
1.466454552792586796e-01
1.146918189078010158e-01
7.760643087337351642e-02
3.776201432146878562e-02
-1.337577647238511001e-03
-3.571717865662595720e-02
-6.204256538423999490e-02
-7.866704423006322389e-02
-8.605629901424610706e-02
-8.626755823426471292e-02
-8.186339605840628475e-02
-7.490289758994314595e-02
-6.646303177061739509e-02
-5.670934772819290898e-02
-4.528396630892351366e-02
-3.182889004227073410e-02
-1.649472533347607142e-02
-4.379606294107783130e-04
1.387804757561105808e-02
2.280294697246562641e-02
2.239921356940639818e-02
9.985416945281060455e-03
-1.446837045611761713e-02
-4.810768390400199657e-02
-8.628662164501341159e-02
-1.241358349549295387e-01
-1.577296238901068903e-01
-1.845317318157225495e-01
-2.033603886411981254e-01
-2.140663300513279133e-01
-2.171277549985501099e-01
-2.132110821524434707e-01
-2.028328829334070937e-01
-1.862060771465543774e-01
-1.633279521300699533e-01
-1.342975915159909384e-01
-9.974835679061450078e-02
-6.126605893229985361e-02
-2.156475944468860817e-02
1.573355955848808677e-02
4.686557589412208152e-02
6.901166405503164625e-02
8.122914033858524840e-02
8.461808929683242719e-02
8.161212602777968839e-02
7.485650578020688894e-02
6.629912255661174481e-02
5.684231448600313846e-02
4.647210599388094943e-02
3.469671072472161472e-02
2.109554810334839797e-02
5.940364807970247192e-03
-9.264873601372153322e-03
-2.152468222751112090e-02
-2.679509930026816727e-02
-2.130732796773191634e-02
-3.318366663686117025e-03
2.582060920296900403e-02
6.210471181616324804e-02
1.004303964962535434e-01
1.362086042058128776e-01
1.662507798108184276e-01
1.889214672757687785e-01
2.038138148475618083e-01
2.112607452766875615e-01
2.118293003070186031e-01
2.059429268599599627e-01
1.937174200195496132e-01
1.750390002423457547e-01
1.498628960491712181e-01
1.185931452170700395e-01
8.244581300306769167e-02
4.362935496955866466e-02
5.258218248187089203e-03
-2.912923255166570413e-02
-5.638182651602335893e-02
-7.463201250586061486e-02
-8.378998707530542489e-02
-8.532948882161028870e-02
-8.150165225288931448e-02
-7.443922289086032928e-02
-6.559697303168743332e-02
-5.560405181714084266e-02
-4.445459667211652810e-02
-3.185750631599272575e-02
-1.770541526417913208e-02
-2.597386252445591046e-03
1.166456087020814776e-02
2.191528790839962493e-02
2.419312547102062810e-02
1.516599860125123975e-02
-6.191216565153329771e-03
-3.782895796038064640e-02
-7.532283522518869179e-02
-1.135041586317419166e-01
-1.479384691228548543e-01
-1.757069467598275092e-01
-1.954958644506084309e-01
-2.072599475786216505e-01
-2.116699857591608225e-01
-2.095294990172078542e-01
-2.013364000922239772e-01
-1.871149972534648098e-01
-1.665859434920061166e-01
-1.395733300282920863e-01
-1.065254625573399810e-01
-6.892213993498669256e-02
-2.941822691038167153e-02
8.440475570761917998e-03
4.094637001173324214e-02
6.524045137807488182e-02
8.015713936646941262e-02
8.641462150506602768e-02
8.602809135582978328e-02
8.131283079875759046e-02
7.407041647988336919e-02
6.524120771930308482e-02
5.501358294950699918e-02
4.315985888869971338e-02
2.947030536880592896e-02
1.421440543034880287e-02
-1.393396348696457863e-03
-1.487113031661956020e-02
-2.260832614770743113e-02
-2.077973331119366968e-02
-6.909696300207364070e-03
1.878722252303111767e-02
5.324345381191374071e-02
9.168128750102659541e-02
1.291862555078302777e-01
1.618641230117382479e-01
1.873041192803171495e-01
2.045235124531674664e-01
2.136236864762156018e-01
2.152978209786847452e-01
2.103289465548683623e-01
1.992053250937924069e-01
1.820015003285932742e-01
1.585497404180173930e-01
1.288641181630089672e-01
9.364278941523758448e-02
5.467889566948264113e-02
1.495896786422023714e-02
-2.171782161979607384e-02
-5.163202600523666280e-02
-7.227855214019134056e-02
-8.315320752924809655e-02
-8.569968842463263070e-02
-8.243299822630144325e-02
-7.582356376828090772e-02
-6.751765210303550813e-02
-5.813814487356867150e-02
-4.752439287425718611e-02
-3.520480119517714612e-02
-2.094565775179595482e-02
-5.305310320720372716e-03
9.896411204114103147e-03
2.144924108453879694e-02
2.530949821892546081e-02
1.799327236047015485e-02
-1.769457607147859003e-03
-3.220133900131404159e-02
-6.911313715821297554e-02
-1.074732164958179942e-01
-1.428711341215312125e-01
-1.722728269706520488e-01
-1.941080364939244129e-01
-2.079834899031116069e-01
-2.142321003239354149e-01
-2.134557462709058551e-01
-2.061496318221190671e-01
-1.925214221244234969e-01
-1.725398780036776492e-01
-1.462079754524298059e-01
-1.139577687673783563e-01
-7.704300567054983562e-02
-3.776766699513271069e-02
6.092168746979934957e-04
3.440508709986558195e-02
6.044359697385201513e-02
7.701699965622831046e-02
8.436052377936219260e-02
8.430311644069202193e-02
7.933381610089744462e-02
7.163884984359446262e-02
6.255413971911467919e-02
5.250194162953029237e-02
4.126424319301027349e-02
2.843195487776744093e-02
1.393897925601822810e-02
-1.367193943338104517e-03
-1.528902510020579107e-02
-2.428800467466233487e-02
-2.432548555138475468e-02
-1.246839345138217765e-02
1.155376913917642752e-02
4.496169913585416900e-02
8.299093435510014605e-02
1.205870604870720592e-01
1.537226166544747585e-01
1.799355333382040567e-01
1.982539896169559224e-01
2.087746687220511654e-01
2.121259814246995723e-01
2.089558746050861893e-01
1.996003377933130429e-01
1.840162569253959435e-01
1.619954542575267054e-01
1.335682782559355908e-01
9.944928524834915906e-02
6.136653401426836463e-02
2.211823354399026012e-02
-1.475452842391062301e-02
-4.571670956297798488e-02
-6.820005741540724475e-02
-8.135131543285976929e-02
-8.610733589944691291e-02
-8.455411885617124257e-02
-7.897111833967747352e-02
-7.108488292399615938e-02
-6.178369992521129395e-02
-5.122611612196407982e-02
-3.917475634285685904e-02
-2.542324976371848275e-02
-1.028665213154078550e-02
4.909688824859334208e-03
1.751390343545359066e-02
2.378277565857785103e-02
1.995057800891024413e-02
3.879030503763136566e-03
-2.369725325161312762e-02
-5.925750549481621776e-02
-9.781467066032843716e-02
-1.345231675273878547e-01
-1.657470682944325868e-01
-1.894222459101752021e-01
-2.049007416656905833e-01
-2.125214643430654582e-01
-2.130611379519054549e-01
-2.072289266866632063e-01
-1.953469879302975887e-01
-1.773260478449761590e-01
-1.529411266932641233e-01
-1.222989616754557307e-01
-8.633348294985551674e-02
-4.712472328911080505e-02
-7.871196453068111248e-03
2.762177290892323805e-02
5.588485255023027676e-02
7.483706608559205498e-02
8.437802333486095485e-02
8.614375225465098485e-02
8.258051851490086359e-02
7.591856834316940139e-02
6.755506695007400253e-02
5.796122978587917030e-02
4.696474739757721534e-02
3.419352827997008265e-02
1.958163504680152794e-02
3.878296306896602576e-03
-1.092710968557872656e-02
-2.153399292803023085e-02
-2.396181236601176850e-02
-1.497258517213429126e-02
6.341555435754776468e-03
3.788737295545725053e-02
7.531884008408881725e-02
1.136126270385519471e-01
1.484505149980506755e-01
1.769121511674935643e-01
1.975435914627391432e-01
2.100725327541643206e-01
2.149571569832644247e-01
2.129015462034317685e-01
2.044561611964266223e-01
1.898212211552095796e-01
1.689202556185553372e-01
1.417121237436939907e-01
1.086427106881557442e-01
7.106656334422171983e-02
3.147085810435756859e-02
-6.687852696529426356e-03
-3.963136840083476137e-02
-6.428765751086068514e-02
-7.925690549409664110e-02
-8.515175775139405268e-02
-8.407579137206139253e-02
-7.858250422640762622e-02
-7.073377751543315217e-02
-6.164135375065566552e-02
-5.151321137109903664e-02
-4.000580547335948894e-02
-2.672289139758356538e-02
-1.176622400882186732e-02
3.721360216995962811e-03
1.720182336513494115e-02
2.491739922829446646e-02
2.291189380248474100e-02
8.700960705433876882e-03
-1.735752408717514128e-02
-5.199680106921758527e-02
-9.031366359422136891e-02
-1.274229382333156024e-01
-1.595984199492582745e-01
-1.846533279391225912e-01
-2.017832876060319525e-01
-2.111409061072057336e-01
-2.133276341110529328e-01
-2.089393841798555529e-01
-1.982805703946014519e-01
-1.813309057671309288e-01
-1.579617881294445858e-01
-1.283286849999736856e-01
-9.329406529506789614e-02
-5.473536664183065170e-02
-1.557520015439615990e-02
2.058764142717524684e-02
5.027065657817039041e-02
7.109585319302726136e-02
8.249141779992245904e-02
8.567171817127715305e-02
8.289728064745308100e-02
7.648930675374290833e-02
6.811160693404780253e-02
5.853746456231286033e-02
4.780347951339228990e-02
3.558239159107452060e-02
2.165571187061142086e-02
6.443623481973842666e-03
-8.491940589640721571e-03
-2.020816152400861307e-02
-2.478717353429890288e-02
-1.860858904522317073e-02
-4.119335304855891735e-05
2.952424665702583009e-02
6.608917376506115438e-02
1.045528398779167478e-01
1.402770414534263987e-01
1.699965797159636305e-01
1.920220046479962639e-01
2.059815870289216644e-01
2.123344496290057726e-01
2.118266109712461098e-01
2.050341981749556064e-01
1.921346030883453182e-01
1.729694269228870540e-01
1.473730215854469894e-01
1.156379893685968580e-01
7.895425465338049009e-02
3.964139340216065593e-02
1.020440528015181987e-03
-3.316993957380857949e-02
-5.972880021691224367e-02
-7.694949136430724590e-02
-8.505546763825093393e-02
-8.582423027516521141e-02
-8.164977138038023718e-02
-7.460561801207751809e-02
-6.593600602666134514e-02
-5.602902095286886597e-02
-4.470616541556591411e-02
-3.165104724693248300e-02
-1.689560852183520992e-02
-1.325794115456556573e-03
1.291334948948883420e-02
2.240158669621553425e-02
2.318344022864550144e-02
1.226774012752340076e-02
-1.083685910897880071e-02
-4.363196495963482524e-02
-8.154722698307029227e-02
-1.195503703559978037e-01
-1.534687405586573072e-01
-1.805994099916367612e-01
-1.997231775057093928e-01
-2.107722905863554652e-01
-2.143420232958062055e-01
-2.111779825673662236e-01
-2.017835263454580697e-01
-1.862633687671381155e-01
-1.644599200434891106e-01
-1.363284208091888050e-01
-1.024185000796609263e-01
-6.428449203789729505e-02
-2.463925861481204571e-02
1.291293876142125992e-02
4.463181336521513526e-02
6.769992655264578385e-02
8.110209966448113372e-02
8.578663153629617621e-02
8.399776824958696264e-02
7.821240684292349310e-02
7.028624877645137103e-02
6.111788606481606545e-02
5.077746338063918174e-02
3.889828616429982094e-02
2.517415694956339628e-02
9.895465406501316105e-03
-5.547596320802734328e-03
-1.838403467319367837e-02
-2.476042669583904468e-02
-2.087831837590858192e-02
-4.665918548934132326e-03
2.302562338829963751e-02
5.859478019830020173e-02
9.706945427035626461e-02
1.337011859376386891e-01
1.649720588654260689e-01
1.888842029016875868e-01
2.047677105962672495e-01
2.128579277588851792e-01
2.137976601929598153e-01
2.081948896156003981e-01
1.963508231090319300e-01
1.782429652769731421e-01
1.537623231902273124e-01
1.231206707157392055e-01
8.728761652611445598e-02
4.829067309944718583e-02
9.213272865825182165e-03
-2.624747235949593041e-02
-5.465410605409268957e-02
-7.385012567599126554e-02
-8.359423770983440138e-02
-8.540169303384786970e-02
-8.168858098085554631e-02
-7.475867228004358378e-02
-6.614044093951801373e-02
-5.643103821499041717e-02
-4.552265958558678050e-02
-3.302368470655240446e-02
-1.876981138801583210e-02
-3.369005459582562548e-03
1.132308522026493486e-02
2.207395189542291428e-02
2.486829834063117653e-02
1.634054469128266157e-02
-4.569928175525028551e-03
-3.585875635217356666e-02
-7.316935746286372388e-02
-1.114040691720005471e-01
-1.461811745693367692e-01
-1.745751113036370650e-01
-1.951868157890645217e-01
-2.078200685504549006e-01
-2.129825344163346901e-01
-2.113696588641469365e-01
-2.034656848545580710e-01
-1.893780788380611535e-01
-1.689518114203355514e-01
-1.421150046538083578e-01
-1.093314414011252456e-01
-7.199559435719343758e-02
-3.260906125922737736e-02
5.414074904332935416e-03
3.838668089114415094e-02
6.331982557272021472e-02
7.882147874873719762e-02
8.541015183788010223e-02
8.503010194564795954e-02
8.008451026558092989e-02
7.255343549105852663e-02
6.355940786964903166e-02
5.339384974402244105e-02
4.182650149317448246e-02
2.854688315358481707e-02
1.366530603724742596e-02
-1.769972832681934120e-03
-1.539367605756254524e-02
-2.360914663321668494e-02
-2.248427659940896439e-02
-9.350773532042756797e-03
1.575347942419221686e-02
4.984375700351460076e-02
8.811808531122218568e-02
1.255986417775690478e-01
1.583543339347692203e-01
1.839879008330673194e-01
2.015586120903330170e-01
2.111916168667838656e-01
2.135574988768495774e-01
2.093659318639590483e-01
1.990150774544513224e-01
1.825063733359138796e-01
1.596476116257876388e-01
1.304685591099574715e-01
9.569717127495738773e-02
5.712141183713612819e-02
1.765666795442315945e-02
-1.902108043180434152e-02
-4.930114219537296699e-02
-7.068188223352318833e-02
-8.252436873471448442e-02
-8.604715886579918094e-02
-8.355852351380918530e-02
-7.742049691885437290e-02
-6.929917191286007194e-02
-5.993190758309921429e-02
-4.930980539720958289e-02
-3.707934653470085218e-02
-2.302873261791014634e-02
-7.608786763231551939e-03
7.587853244714378408e-03
1.960710866342564931e-02
2.453883083808835672e-02
1.876191803025884300e-02
6.070675791975812608e-04
-2.861477284528089748e-02
-6.499711866607832400e-02
-1.035061318358099502e-01
-1.395171877912524117e-01
-1.697162976342454221e-01
-1.923132249134341387e-01
-2.068129142926227182e-01
-2.135725821115028455e-01
-2.132945587148285527e-01
-2.065840411767692064e-01
-1.936989336634435399e-01
-1.745689952165537240e-01
-1.490761888322883200e-01
-1.174939336588735894e-01
-8.093187582572218541e-02
-4.160878754435655413e-02
-2.783192439066985765e-03
3.178231020506600002e-02
5.877104161655909847e-02
7.632396272663800885e-02
8.455809195266447698e-02
8.524724883997825131e-02
8.087514357009996380e-02
7.364163879034961446e-02
6.488948193891970473e-02
5.504056843384475678e-02
4.388288702629906946e-02
3.102340969041476534e-02
1.641029722943749061e-02
8.706617557301483869e-04
-1.346338000970847409e-02
-2.313822321973373064e-02
-2.413587831403788200e-02
-1.340701040127830271e-02
9.564482359165604394e-03
4.226654068133636755e-02
8.010257904231407600e-02
1.180349638673143103e-01
1.519198025318724277e-01
1.791026388330321240e-01
1.984013667909110823e-01
2.097488317696706017e-01
2.136966710182301721e-01
2.109208218188746431e-01
2.018596660551255639e-01
1.865877036651784060e-01
1.649624160172686593e-01
1.369857214211274987e-01
1.032533227132265696e-01
6.532978576175241248e-02
2.588379923356383047e-02
-1.156650007444133717e-02
-4.336196642966295978e-02
-6.670585898066254404e-02
-8.051591291214535429e-02
-8.561568637952714222e-02
-8.413196765869887517e-02
-7.848769857738628619e-02
-7.056323180512100168e-02
-6.133701799552337269e-02
-5.097254678778485176e-02
-3.916711969097134288e-02
-2.561874581735123016e-02
-1.054940211085873304e-02
4.777175476342613615e-03
1.772956415658744761e-02
2.453212815364831309e-02
2.133502930421802071e-02
5.882759022089462629e-03
-2.119882023180826372e-02
-5.645212070214564865e-02
-9.491054346185162638e-02
-1.317278430046758819e-01
-1.632638102877355946e-01
-1.874353639535105143e-01
-2.035492066141296463e-01
-2.118681389374132973e-01
-2.130838198554614871e-01
-2.078396320387043417e-01
-1.964360732025889344e-01
-1.788103367678748334e-01
-1.547887224808851825e-01
-1.245178345139044546e-01
-8.891982468581668964e-02
-4.999906651585329237e-02
-1.083438104179519461e-02
2.486944621706184758e-02
5.365614504258038597e-02
7.333343067298779550e-02
8.360709822001381741e-02
8.593090517377363624e-02
8.266516261159323475e-02
7.607468558733103403e-02
6.767146435505748403e-02
5.806163176498271156e-02
4.716814254609277834e-02
3.464056419441183948e-02
2.034319766039334801e-02
4.875329424618749311e-03
-9.966149722831602401e-03
-2.103507164844688540e-02
-2.436888357513115888e-02
-1.655293066473278313e-02
3.634950932751689328e-03
3.439124686874718562e-02
7.149841845648918781e-02
1.098807986322530572e-01
1.450746686658739848e-01
1.740162488825812426e-01
1.951665983969177176e-01
2.082312881549103489e-01
2.136869260688737948e-01
2.122637480715854064e-01
2.045197764671886909e-01
1.906329289901396162e-01
1.704760959804882958e-01
1.439447987775694382e-01
1.114190019011372795e-01
7.419319952599232049e-02
3.469732884636586578e-02
-3.658827752453503064e-03
-3.711319467206156825e-02
-6.254841446343120670e-02
-7.844978705557985321e-02
-8.527702384039563543e-02
-8.499761188730033112e-02
-8.008879493791097592e-02
-7.260282859003791556e-02
-6.369622403614351447e-02
-5.364906516392651398e-02
-4.219204765227888704e-02
-2.897115098983579079e-02
-1.406698474548682444e-02
1.482215925640374080e-03
1.530435589289456423e-02
2.378455584156086849e-02
2.296258657252558955e-02
1.013217718120061443e-02
-1.471137030311543345e-02
-4.862197700692973135e-02
-8.682661365932602127e-02
-1.243664081116804265e-01
-1.573149563364416859e-01
-1.832579982499968896e-01
-2.012115178932196158e-01
-2.112389471043746025e-01
-2.139507653477862870e-01
-2.100207716802374724e-01
-1.998485917757656938e-01
-1.834693469724714698e-01
-1.607361556641215827e-01
-1.317078448294553561e-01
-9.710450770563419653e-02
-5.866518913659974493e-02
