0.000000000000000000e+00
-2.299802017382722719e-01
-4.595417524852859481e-01
-7.035162302469856188e-01
-8.503061683755172018e-01
-1.051114570213970589e+00
-1.181157551331351252e+00
-1.446623720557631554e+00
-1.611666891693399162e+00
-1.806059843601075299e+00
-1.889062885217182908e+00
-1.953123357532321691e+00
-1.888798337205726430e+00
-1.714656324139426591e+00
-1.453869545100832550e+00
-1.153317795160625270e+00
-9.288209991212800221e-01
-6.351451688342293345e-01
-4.326278205492767870e-01
-1.487888525076398460e-01
5.933007940566280974e-02
4.031780093333701687e-01
7.971835888534938297e-01
1.315240592424385735e+00
1.792746021468701212e+00
2.170178688781735588e+00
2.256934473730595414e+00
1.790621539651570338e+00
7.282802470274077900e-01
-9.140042648424866467e-01
-2.470799879679611344e+00
-3.633018772999220491e+00
-4.022197849100521694e+00
-3.791221013006173646e+00
-3.062143353809204438e+00
-2.076941886681319627e+00
-1.084488937443359946e+00
-1.706434556574120132e-01
5.503685971661790299e-01
1.238271444027361889e+00
1.785064947911931599e+00
2.421293262309974548e+00
3.000747710847516458e+00
3.697622381070305053e+00
4.278469161069538451e+00
4.666335653886537926e+00
4.639525559791551679e+00
4.137514033531404678e+00
3.233874049306165066e+00
2.047201400198377375e+00
9.364741919181226448e-01
1.678336812754781943e-02
-4.373249340245557448e-01
-7.013533566141735287e-01
-7.691974480625664023e-01
-9.357496327450322005e-01
-1.156991837045291849e+00
-1.512095452337125279e+00
-1.913975491151600261e+00
-2.161094283303666597e+00
-1.977447331840629818e+00
-1.007853110814167952e+00
6.281245726830628762e-01
2.671381518345428141e+00
4.331369321638233849e+00
5.316942635481074930e+00
5.353855907678150672e+00
4.720624651963300167e+00
3.682238762171809121e+00
2.497413857907678558e+00
1.393273527297667513e+00
3.235470316020518933e-01
-5.827285757757711959e-01
-1.486107288562258821e+00
-2.300317347996483797e+00
-3.245949639475546711e+00
-4.131590195586717584e+00
-4.945597782576043322e+00
-5.293994744337297220e+00
-4.993308497083125630e+00
-3.917800873214826396e+00
-2.209573537703480195e+00
-4.487228057026956263e-01
9.482186715450287018e-01
1.549233989100808007e+00
1.592386980301798260e+00
1.231240682201660830e+00
8.743971914621271324e-01
5.781556916562820003e-01
5.108821476658379490e-01
6.011158477021137925e-01
7.680788113473706602e-01
8.669115131899093329e-01
6.539844718727124695e-01
1.606537293719242088e-01
-6.769764191229552530e-01
-1.548179690939542885e+00
-2.373000440304072978e+00
-2.833404966485860488e+00
-2.984352506567766738e+00
-2.787960459396019886e+00
-2.459317527415865623e+00
-2.071622460174578073e+00
-1.649567124838713150e+00
-1.242368418533166263e+00
-7.472523903171457427e-01
-2.775184790767158405e-01
2.979348742814955653e-01
8.354504930412340880e-01
1.412687140080630899e+00
1.843168672948875209e+00
2.232570065354188227e+00
2.485345907216505168e+00
2.709864741293009249e+00
2.844951431901306727e+00
2.875922613168051978e+00
2.808620807657649543e+00
2.545703291370120525e+00
2.152510846285200063e+00
1.555650414994958819e+00
9.664249842219198028e-01
3.969016995682838056e-01
3.371959709061359695e-02
-2.460680194693754819e-01
-3.967535091556702587e-01
-5.743998575149185104e-01
-8.259419026950118869e-01
-1.217755645973974676e+00
-1.734153908974423786e+00
-2.119196491408180005e+00
-2.107327246965732481e+00
-1.291264205043302082e+00
2.867620689878020990e-01
2.334491468333873332e+00
4.064750162377263720e+00
4.989528210052437629e+00
4.908558158575974772e+00
4.085155595001134010e+00
2.914049491969548100e+00
1.661796294054300960e+00
5.902010815915516018e-01
-3.364900059787740427e-01
-1.055824348803887425e+00
-1.768665250255905041e+00
-2.514432570975464465e+00
-3.420013899774033028e+00
-4.338434342608115557e+00
-5.116258503995206652e+00
-5.450035721808579758e+00
-5.111003449962354672e+00
-4.059227139461922818e+00
-2.452430677768507206e+00
-8.403247407180656214e-01
3.966403304712632361e-01
9.746851424676569176e-01
1.085885041593532163e+00
9.376765051301622078e-01
8.077538446156409258e-01
8.099733649191748208e-01
1.000419426731149919e+00
1.314275877717567154e+00
1.562566634295033730e+00
1.563360282833076598e+00
1.050617946973752881e+00
4.251003079776097954e-02
-1.383095407787125808e+00
-2.804319915344885228e+00
-3.886318486443076647e+00
-4.370950006700985213e+00
-4.294843915415712310e+00
-3.830514495638699390e+00
-3.146881019257492529e+00
-2.388185132584349279e+00
-1.567396698432231616e+00
-7.756444886791400428e-01
4.606918325692761079e-02
8.286714948557662996e-01
1.642535513057650665e+00
2.416709824966591036e+00
3.138168433107631827e+00
3.723637770163538807e+00
4.090820291902553585e+00
4.124798144169790959e+00
3.698925219774081619e+00
2.835486674189189760e+00
1.648991259046508784e+00
4.847372633861253277e-01
-4.538740866901582738e-01
-9.688793682081585645e-01
-1.115571915286276639e+00
-9.854430583677731281e-01
-7.427270920223938422e-01
-5.452940344773820058e-01
-4.609876143879176325e-01
-5.379195793982993745e-01
-7.034140375100103038e-01
-9.027231105837268954e-01
-9.374914213995944046e-01
-7.054374675309975640e-01
-6.697730670498885930e-02
8.484974166219632075e-01
1.844880902187834515e+00
2.641363988120914996e+00
3.048211090569734605e+00
3.051090450425956835e+00
2.700721532147473347e+00
2.187487908704891737e+00
1.608982956047332991e+00
1.089615875277698764e+00
5.872226844090269182e-01
1.238196063333558694e-01
-3.754061543322633199e-01
-8.915253387184698397e-01
-1.443391282010477950e+00
-2.000668886975582872e+00
-2.492454293116403097e+00
-2.882284077400818934e+00
-3.101749143369690653e+00
-3.182151220896878296e+00
-3.085563036439419538e+00
-2.870421749189858485e+00
-2.498316415311279126e+00
-2.056858980855186481e+00
-1.543940370554961916e+00
-1.030484971385129400e+00
-5.435171108885367142e-01
-1.145100491176827828e-01
2.234865151483978740e-01
5.240809755310381624e-01
8.095698136550483204e-01
1.169797671882338630e+00
1.561522688310743812e+00
1.954391961174109626e+00
2.083338172032182189e+00
1.690284236508861504e+00
4.867765354844809100e-01
-1.398370631068581060e+00
-3.400931320941858349e+00
-4.845635622980129398e+00
-5.306658829782540998e+00
-4.871250474925755469e+00
-3.773968509267277671e+00
-2.402187572178883013e+00
-1.008650231428078081e+00
1.674885082093249822e-01
1.102686980908367032e+00
1.841187922597596005e+00
2.534543174144949784e+00
3.308830833179190023e+00
4.173288347483300242e+00
5.054643038085043116e+00
5.632997303606490647e+00
5.603390668654482987e+00
4.677671808976262113e+00
3.017175344664114078e+00
1.089418296970688482e+00
-4.578749279708340114e-01
-1.283501273874146253e+00
-1.408642761198082516e+00
-1.112409176727885640e+00
-7.683335664975921020e-01
-5.959857495750110479e-01
-7.453321336005006570e-01
-1.094225912703873815e+00
-1.494223861118564312e+00
-1.613649901579838009e+00
-1.216260199657016816e+00
-1.408468135514728548e-01
1.411826170158505089e+00
2.990688324392901887e+00
4.100240319101806641e+00
4.489093199970444203e+00
4.280594624284431049e+00
3.682735385423308028e+00
2.991686801714139143e+00
2.294051449143181820e+00
1.667607573825492073e+00
1.018148251997270659e+00
2.965506603551254505e-01
-5.555040189691859975e-01
-1.492379449178730333e+00
-2.424885164781117819e+00
-3.249846208705118755e+00
-3.834752608099027960e+00
-4.115860584846712911e+00
-3.981182102662145894e+00
-3.475423655632089215e+00
-2.623127090322835198e+00
-1.613831335408956846e+00
-5.991950913208341500e-01
2.296224161319132262e-01
7.772524062744999851e-01
1.033284973657771388e+00
1.041954758979805495e+00
9.104075821655898126e-01
6.943215416162917819e-01
5.200760012308446312e-01
4.189673669882807983e-01
4.773528026066873320e-01
6.161201479245725920e-01
7.505542933140635364e-01
6.839190667296223269e-01
2.899258139023639935e-01
-4.724229346377562533e-01
-1.461851956192857127e+00
-2.389581067599847675e+00
-2.991652794093030199e+00
-3.094814269573730847e+00
-2.786783278127401342e+00
-2.194175241263649934e+00
-1.549154864902380080e+00
-9.544113981770604438e-01
-4.946711801747174508e-01
-1.301993755846494460e-01
2.117777956614921020e-01
6.214825973340362131e-01
1.143485799459256214e+00
1.734981953070987348e+00
2.330955722672888086e+00
2.803658380018546836e+00
3.107606753439027258e+00
3.168129402201788736e+00
3.044510955857638645e+00
2.774288066252661000e+00
2.461554141195634759e+00
2.132481462921551607e+00
1.796421528259028566e+00
1.424870694459978049e+00
1.002881806816426247e+00
5.482005540715055858e-01
6.712092288961284126e-02
-3.853365579034316313e-01
-8.222196620072160789e-01
-1.213610855767463637e+00
-1.602273004732466477e+00
-1.930156304798855249e+00
-2.078216186192042958e+00
-1.769090855032810161e+00
-7.552674636817231502e-01
9.610257699410394983e-01
2.957134375444192109e+00
4.559755386221755913e+00
5.309000768951174898e+00
5.081202498788614186e+00
4.109497274593317151e+00
2.693039723561499788e+00
1.178294897599556856e+00
-1.918180041764502852e-01
-1.277265068540664350e+00
-2.077586983759194261e+00
-2.722973759168512586e+00
-3.371310781769342846e+00
-4.149416292105907900e+00
-4.992299222831431571e+00
-5.675177334994431888e+00
-5.791594628737361639e+00
-5.044840318707154658e+00
-3.422339981099888018e+00
-1.390653166755924541e+00
3.718255744837382637e-01
1.384030439361658482e+00
1.580074002938722799e+00
1.263862587322549080e+00
8.118610150504672607e-01
5.592416874762027312e-01
6.399029845956132334e-01
1.040129961617811905e+00
1.528469858443412654e+00
1.769751160460804496e+00
1.380605173352712933e+00
1.853146559175671282e-01
-1.598857139021189866e+00
-3.402659890478909155e+00
-4.599782318808236958e+00
-4.932010324759732001e+00
-4.516568664637214958e+00
-3.719602201921471174e+00
-2.861807860320537689e+00
-2.136155045813995734e+00
-1.540125468818872800e+00
-9.686975440584273400e-01
-2.827926258747663901e-01
6.019586467605470004e-01
1.650887844247891589e+00
2.754972508046935609e+00
3.707927634357091051e+00
4.330036321872442251e+00
4.457173067007889067e+00
4.053261756619243705e+00
3.189235750576366435e+00
2.076620484586439108e+00
9.650575124066190780e-01
5.919737307549734900e-02
-5.502819140359388461e-01
-8.972977192714444161e-01
-1.032376217979437349e+00
-1.031462127279225705e+00
-9.133733855175336647e-01
-7.315059541493191819e-01
-5.276835591316555440e-01
-3.744210078027931932e-01
-3.111758616616545625e-01
-3.367811650962476699e-01
-3.769659893148054608e-01
-2.969949967513166866e-01
3.107277127910197667e-02
6.680279803662674265e-01
1.489645474224803756e+00
2.277408162203364395e+00
2.766104596226333090e+00
2.834605909706565008e+00
2.495937989682888603e+00
1.899301526749775482e+00
1.232494416600873999e+00
6.538021338575619179e-01
2.426511021821311509e-01
-3.378734777663146976e-02
-2.587077278747215159e-01
-5.542072789694102442e-01
-9.643641242222411591e-01
-1.496533205833698865e+00
-2.055262825536417814e+00
-2.537758512054216542e+00
-2.830551420266130158e+00
-2.896429638433111631e+00
-2.764395606573581077e+00
-2.526856128539634927e+00
-2.282650602598647271e+00
-2.078329897437866780e+00
-1.915113525191095123e+00
-1.718534439207284326e+00
-1.438566483071513913e+00
-1.019999815382161223e+00
-4.941324845887382633e-01
9.616581631410615894e-02
6.790624088830903293e-01
1.222659632323089385e+00
1.697493265246003302e+00
2.060048589446969114e+00
2.186270804952180846e+00
1.851823912852835985e+00
8.545499565325752611e-01
-8.106380517087526938e-01
-2.728642970987972038e+00
-4.296527339542857149e+00
-5.039017105169532051e+00
-4.861614731279914281e+00
-3.937467113184927481e+00
-2.553035562312756745e+00
-1.017706819102461413e+00
4.114343865246926635e-01
1.552207915198470456e+00
2.387429325824203641e+00
3.004339975534110252e+00
3.589616170380045546e+00
4.256155205789077023e+00
5.012148416298752629e+00
5.652211564944160216e+00
5.830903149803515539e+00
5.209085156973500830e+00
3.721702115818890100e+00
1.751920257944895365e+00
-6.483230164599577960e-02
-1.200250509919421393e+00
-1.551076312071678398e+00
-1.332007830552078387e+00
-9.322513361735949022e-01
-6.757222433588110366e-01
-7.653274448552667142e-01
-1.191809921616825640e+00
-1.735485381609906730e+00
-1.994837530501632816e+00
-1.512463755852689440e+00
-7.160797005243028923e-02
2.065836078822021360e+00
4.147411973621264458e+00
5.437972422019484497e+00
5.634248952486291984e+00
4.965404049995722602e+00
3.874277639768175518e+00
2.766794244909370537e+00
1.859529034088490018e+00
1.158268289878487067e+00
5.404681032484967007e-01
-1.873060323409984074e-01
-1.139228172023976970e+00
-2.323614062385539469e+00
-3.573497168137420132e+00
-4.632490732849616322e+00
-5.181352686050095357e+00
-4.987654312803755374e+00
-3.997284716119577475e+00
-2.459828080490614521e+00
-8.620902406001387241e-01
3.440953159714140730e-01
9.626456480910255964e-01
1.115375924232632876e+00
1.023048857756605701e+00
8.860406311266334489e-01
7.780148589397156700e-01
7.055719566827134415e-01
6.230205045538954600e-01
5.015912460852267607e-01
3.329815368149279253e-01
1.327424571738609893e-01
-7.511033272872738586e-02
-3.024975524799543014e-01
-5.723116358301236772e-01
-9.340367515269002441e-01
-1.380926179452367286e+00
-1.862047573544698187e+00
-2.253501250770758357e+00
-2.439440886535260589e+00
-2.340942155645769684e+00
-1.971133676505060661e+00
-1.416938729133319308e+00
-8.051458797631003694e-01
-2.640269168284151147e-01
1.425314881561600411e-01
4.044423772711605580e-01
5.936886508474570334e-01
7.906776634850846142e-01
1.074822336249995125e+00
1.454016021916396229e+00
1.887790458163976393e+00
2.278502371979188368e+00
2.536128458542675990e+00
2.603865476763275844e+00
2.487643242647146646e+00
2.256760461514303540e+00
1.995271064069616074e+00
1.778913640208616087e+00
1.615613463991215637e+00
1.471151967482155598e+00
1.266323312292427783e+00
9.447462523463099338e-01
4.716474746107408023e-01
-1.294635148192461171e-01
-8.099378052832200137e-01
-1.489328864239198191e+00
-2.060416636293544990e+00
-2.373212254642285135e+00
-2.220468192532429441e+00
-1.421374175633380865e+00
3.303164257221755801e-02
1.816514372536864874e+00
3.393084927717960220e+00
4.310944535105484476e+00
4.434246143884353231e+00
3.878475579381751359e+00
2.859689364260536770e+00
1.603996622776319825e+00
3.049950557762860504e-01
-8.734776978826890304e-01
-1.851237549461430154e+00
-2.620833276540543988e+00
-3.258505031583792899e+00
-3.854303253258571260e+00
-4.466574495594309191e+00
-5.045555231939275131e+00
-5.419567278501318697e+00
-5.333320010819836199e+00
-4.587269495593125690e+00
-3.221193878167317948e+00
-1.562781281539413314e+00
-9.221561272267077281e-02
8.515703810938404228e-01
1.203028763984145488e+00
1.145844354852819880e+00
9.584631577744565645e-01
8.945738125031418297e-01
1.093144288201034930e+00
1.527174093882341932e+00
1.975665163224888277e+00
2.034724143890128900e+00
1.275874697861729246e+00
-4.609470482529245405e-01
-2.768445966423520144e+00
-4.825066580937727778e+00
-5.925104527029175117e+00
-5.896659171664962784e+00
-5.026960435511995229e+00
-3.760231079800344212e+00
-2.474320125495719225e+00
-1.375272244155377965e+00
-4.984732265160523590e-01
2.668618256697793401e-01
1.079192616168612506e+00
2.068552274635732324e+00
3.237377228202390267e+00
4.438700123037719436e+00
5.374938797189291684e+00
5.671785376131992074e+00
5.041144327729238483e+00
3.501257493509697838e+00
1.512493889978759443e+00
-2.424523995885289607e-01
-1.269348029509866027e+00
-1.524332518667850911e+00
-1.282304188843240933e+00
-8.941339883803490762e-01
-6.004720656856326055e-01
-4.909893098718562943e-01
-5.330180448900446732e-01
-6.173171757885115296e-01
-6.270966093370387018e-01
-4.646582480133766291e-01
-1.015043342815646482e-01
4.280769977478016686e-01
1.021773937503911878e+00
1.569385136924230650e+00
1.987826055631459310e+00
2.256468210644420047e+00
2.389520420755912866e+00
2.401496074876968034e+00
2.293540456413457829e+00
2.048107470695953669e+00
1.663323022655160077e+00
1.152110874259931972e+00
5.706849761533292487e-01
-1.165623834536778404e-02
-5.205929161863702692e-01
-9.224831334160553675e-01
-1.222729750281539518e+00
-1.469904844492988749e+00
-1.718593968253677051e+00
-2.004327799873670823e+00
-2.322936959675053092e+00
-2.617166769637944590e+00
-2.804900683476401646e+00
-2.802711549397129520e+00
-2.584154001554122448e+00
-2.183139611793281976e+00
-1.698918753880799937e+00
-1.233688511045218483e+00
-8.643603271362761964e-01
-5.983415729480524581e-01
-3.844601971500673510e-01
-1.361993832875669497e-01
2.306171821329003613e-01
7.523943111742357193e-01
1.402208046362553695e+00
2.051479723900424545e+00
2.464657969636212975e+00
2.307838157480701646e+00
1.313797465170323475e+00
-4.735773486380230879e-01
-2.538638030847158777e+00
-4.161904726878604244e+00
-4.881340831639170652e+00
-4.687885733658178289e+00
-3.861676940292683824e+00
-2.717715910094023801e+00
-1.503840737156301399e+00
-3.574964333829598884e-01
6.632927244785605803e-01
1.573863306236206405e+00
2.419071532779039746e+00
3.251000215827055229e+00
4.082004936195553491e+00
4.856322153123355356e+00
5.428946712261352836e+00
5.578130008590136413e+00
5.102952020832549174e+00
3.951234107342584512e+00
2.352046249050795179e+00
7.376770989699240610e-01
-4.733980195713246575e-01
-1.105711740809440125e+00
-1.245654914257467549e+00
-1.125140650205989967e+00
-9.824443740810534509e-01
-9.773415083038189399e-01
-1.163196606707435521e+00
-1.463650562320517379e+00
-1.684000534673100624e+00
-1.527773581684176651e+00
-7.317903025703306197e-01
7.455927404855587914e-01
2.571060403870617961e+00
4.172966599361680906e+00
5.079454368485966320e+00
5.159600567709788699e+00
4.587269786337426325e+00
3.652330348086125333e+00
2.622686703497717264e+00
1.659436428252130113e+00
8.186274621131542917e-01
5.636120112265965293e-02
-7.085742564933045218e-01
-1.553642363292332629e+00
-2.496108504420576413e+00
-3.470196579482923482e+00
-4.314510081050482171e+00
-4.794452220404323839e+00
-4.678229198193686322e+00
-3.853991707297255598e+00
-2.468381604772007964e+00
-9.113821183059497288e-01
3.598856604036292373e-01
1.082276031609578970e+00
1.266995974142831605e+00
1.110196399345940943e+00
8.364107352572984766e-01
6.021380649994523271e-01
4.779390907928248722e-01
4.598547671912882606e-01
5.052834007040116759e-01
5.433578513276088318e-01
5.018570631017074124e-01
3.154834410066458261e-01
-4.064337227770270511e-02
-5.477845847175031313e-01
-1.133452354791746552e+00
-1.698108333728203911e+00
-2.140448157971816201e+00
-2.387009050502841845e+00
-2.413306368449522399e+00
-2.234230141456286400e+00
-1.894590261343404469e+00
-1.445877156734209912e+00
-9.465849738899986265e-01
-4.448545939630664248e-01
1.862673600068059585e-02
4.303503239381791801e-01
7.941798949056325663e-01
1.128582282128846481e+00
1.451843841834611792e+00
1.772408459633101563e+00
2.085190704085368107e+00
2.364079246605745421e+00
2.573320079881181055e+00
2.673534075671538446e+00
2.646684773127364831e+00
2.493783276480708633e+00
2.241703872553119758e+00
1.926351931556232300e+00
1.587333221448289589e+00
1.249321526468268884e+00
9.167307932574448870e-01
5.704756682508517196e-01
1.788143179125258053e-01
-2.862402945789727093e-01
-8.415536255876558958e-01
-1.463304097025903916e+00
-2.061155621532885007e+00
-2.429976076005634145e+00
-2.265298785339259879e+00
-1.293263317350048958e+00
4.603604697855628869e-01
2.511343272137150251e+00
4.147317417035218945e+00
4.883755484123593504e+00
4.680222501353912712e+00
3.790022521718389381e+00
2.540427478480730361e+00
1.203244015874934902e+00
-3.505069627809023064e-02
-1.086382702845820614e+00
-1.952381975996124286e+00
-2.705155727021859580e+00
-3.439988891931323067e+00
-4.211191205319209097e+00
-4.977959479177092028e+00
-5.574578335216023639e+00
-5.740423877883229942e+00
-5.228072583864825873e+00
-3.983624339062215469e+00
-2.268655334911751975e+00
-5.826854939418960599e-01
6.240481332885614574e-01
1.187198008826423123e+00
1.239142425908699163e+00
1.060853598044533941e+00
9.212362130757447698e-01
9.916892775811591010e-01
1.299197713575117374e+00
1.713156882103128886e+00
1.942396511181152308e+00
1.610642168725398893e+00
4.465575067747924454e-01
-1.448580727248710343e+00
-3.518598104491674761e+00
-5.056425511754426338e+00
-5.648408766623743027e+00
-5.338338820646652216e+00
-4.445958747161013136e+00
-3.332252253100408179e+00
-2.251507255766551641e+00
-1.312219709759085973e+00
-4.937044582069623488e-01
3.018563868892950586e-01
1.181707271025877803e+00
2.198443524944124317e+00
3.305673492361917098e+00
4.346003700741879250e+00
5.062064334218874251e+00
5.168012384441142082e+00
4.472326351932268018e+00
3.050242348630169076e+00
1.303696898078542166e+00
-2.170320657194618474e-01
-1.134949148429904131e+00
-1.413979947147472771e+00
-1.264363602088484528e+00
-9.530254083819473809e-01
-6.699327282683790186e-01
-4.994234523685014970e-01
-4.380475826154348051e-01
-4.358807315241094993e-01
-4.226271371288527479e-01
-3.330218778793734291e-01
-1.223261390692512857e-01
2.196651662991379872e-01
6.645376463041404724e-01
1.154165053106774863e+00
1.616517763026160903e+00
1.986522816340407394e+00
2.212573166761169663e+00
2.269861430397918323e+00
2.153744119363724785e+00
1.883619642384651627e+00
1.491967993917283186e+00
1.025805299070749355e+00
5.379587648457928584e-01
7.720100324500281386e-02
-3.248881612728548585e-01
-6.647641236005060739e-01
-9.590692066110471092e-01
-1.235456719111413415e+00
-1.514608338146359756e+00
-1.803839711506024290e+00
-2.085023085014900079e+00
-2.322717213777134582e+00
-2.472397201725041516e+00
-2.504079256463723535e+00
-2.411878733301842104e+00
-2.217187173630110308e+00
-1.956839821350762287e+00
-1.669807495860792246e+00
-1.382353809197422123e+00
-1.095455552250896636e+00
-7.884905933984881488e-01
-4.255940197827844940e-01
2.274109167295335077e-02
5.728735503726293254e-01
1.206203950201357955e+00
1.850117457472326699e+00
2.340594672415397426e+00
2.413561611503673543e+00
1.781576601129425841e+00
3.472314973446279374e-01
-1.582948803828320150e+00
-3.370637019853650607e+00
-4.436727367833909419e+00
-4.587105219960783131e+00
-3.978401722887753067e+00
-2.909213547102118547e+00
-1.659154460904856299e+00
-4.327326778044875977e-01
6.509457675920884423e-01
1.558590861748335943e+00
2.327253527597013427e+00
3.035576538478080177e+00
3.751575874778125375e+00
4.484546649580783750e+00
5.141882453491795957e+00
5.532760144955296333e+00
5.419128010099000470e+00
4.645107022330879687e+00
3.278966819426922363e+00
1.657308766023787516e+00
2.300417428098733563e-01
-6.905560738122554776e-01
-1.064490946482963718e+00
-1.071435519216515253e+00
-9.671220670969791211e-01
-9.686286280155333994e-01
-1.184047648555522914e+00
-1.582756919641526538e+00
-1.969585467231332876e+00
-2.002335234307579093e+00
-1.303405821712648294e+00
2.823744000556480671e-01
2.435585384446359747e+00
4.440668980699444823e+00
5.635907300227523287e+00
5.803660647871053513e+00
5.148132328104679800e+00
4.043908795076209373e+00
2.824957394610391859e+00
1.697349371863909440e+00
7.253128046534053075e-01
-1.380993838909051474e-01
-9.989280794973640631e-01
-1.954271198832560952e+00
-3.028874902863570195e+00
-4.135959966074993943e+00
-5.057464670694666431e+00
-5.481611953373059620e+00
-5.109324624011608584e+00
-3.857202200240970935e+00
-2.020510457481216271e+00
-1.992139170135055759e-01
1.056519261182662150e+00
1.555037846918692734e+00
1.461888371768323536e+00
1.090832497602360895e+00
7.124138677747389181e-01
4.760992082147048610e-01
4.103416333425006224e-01
4.583618133320222499e-01
5.170277720932480170e-01
4.766604814705741044e-01
2.554094222374318490e-01
-1.682532003566976353e-01
-7.390293182168827801e-01
-1.345217916551102455e+00
-1.864548314587998412e+00
-2.216716669419158681e+00
-2.377926700245480252e+00
-2.369783959670157536e+00
-2.227450524472515347e+00
-1.979608509611795020e+00
-1.640428242039081663e+00
-1.219323488753728091e+00
-7.353741278774682533e-01
-2.230429991011723123e-01
2.737138773840381289e-01
7.184767607092716890e-01
1.092656531021127364e+00
1.402964670944391923e+00
1.671242154484859688e+00
1.924898462940999977e+00
2.177279519386654094e+00
2.416042241959381887e+00
2.598790194199114723e+00
2.670788218482111009e+00
2.589700926676969495e+00
2.348493015104561543e+00
1.982840083038452272e+00
1.559711566874120381e+00
1.150535612501051075e+00
7.996151891922888000e-01
5.064943466945563966e-01
2.257256650991516789e-01
-1.084270563855533054e-01
-5.542140328688357487e-01
-1.128161681744776157e+00
-1.770745933985483411e+00
-2.308900677591254613e+00
-2.441581802709227311e+00
-1.829704509136581114e+00
-3.363840887125903456e-01
1.717333179095920093e+00
3.625094050443006033e+00
4.744951206223131379e+00
4.871259496504868558e+00
4.197169560696964119e+00
3.066495518925480557e+00
1.789159242388549620e+00
5.730217726504960307e-01
-4.834154265706031572e-01
-1.377937806426213552e+00
-2.173206190591943976e+00
-2.953103161848090963e+00
-3.770283831801826580e+00
-4.600392922099572957e+00
-5.311965808866597527e+00
-5.677424425001204256e+00
-5.448477305888830280e+00
-4.499092054639395322e+00
-2.970391443702293355e+00
-1.273475208644104351e+00
1.161570841669799931e-01
9.261775274565586802e-01
1.181663282031878426e+00
1.106535371716474758e+00
9.650915754786332235e-01
9.523321169512606321e-01
1.145798339805123689e+00
1.491472826728512890e+00
1.799466047169174576e+00
1.769857713937530441e+00
1.096330967098169573e+00
-3.290044865269427521e-01
-2.228502396280740427e+00
-4.009879528866727938e+00
-5.121212487461714424e+00
-5.360995589697396646e+00
-4.877238796472243010e+00
-3.973624682955821275e+00
-2.931757105860584911e+00
-1.930361172419812421e+00
-1.031825658269131196e+00
-2.073992062839473960e-01
6.168082490576646260e-01
1.510119903122730811e+00
2.490708679279591831e+00
3.498644892741471502e+00
4.382574928562180894e+00
4.915369543676294306e+00
4.853176795287060585e+00
4.060669138551192603e+00
2.652351741311927302e+00
1.020171166790624806e+00
-3.508789187468953630e-01
-1.154732081234724594e+00
-1.380362282551220732e+00
-1.221253883825610842e+00
-9.128120796867429387e-01
-6.292764242849567813e-01
-4.546031554324364565e-01
-3.983232140284921896e-01
-4.206230408462514614e-01
-4.522192414957751927e-01
-4.132286479931586154e-01
-2.347590575637752419e-01
1.150114004595817058e-01
6.133294198862109248e-01
1.183488244525230826e+00
1.720012571395147516e+00
2.122177392031891152e+00
2.327548066962269679e+00
2.321891175864553070e+00
2.133049400520543593e+00
1.808290766511709835e+00
1.397256958075402178e+00
9.435863746722144008e-01
4.838834638239594144e-01
4.549578174281472542e-02
-3.588615596478277325e-01
-7.284256944994020877e-01
-1.070311937468282792e+00
-1.390935601253387111e+00
-1.694242209490931517e+00
-1.976310374926186997e+00
-2.223975496887952374e+00
-2.414118379376099188e+00
-2.521384506270150094e+00
-2.528196575301584037e+00
-2.430478125704869985e+00
-2.238125951955171278e+00
-1.972460998306596380e+00
-1.661790177076965858e+00
-1.330481063458631708e+00
-9.917995823086416252e-01
-6.391478838182188538e-01
-2.512608575480524964e-01
1.996530460906391913e-01
7.335203623296544517e-01
1.341203095611046336e+00
1.949842500253135880e+00
2.378292047664691822e+00
2.334693688325341299e+00
1.524177867401971920e+00
-9.573169399410545732e-02
-2.117210078234285309e+00
-3.840069791793783160e+00
-4.721211898788833849e+00
-4.648850191796913833e+00
-3.845220765070035185e+00
-2.638535436509183985e+00
-1.318901707258286482e+00
-8.847850056541151087e-02
9.527805022528992307e-01
1.801869339032186490e+00
2.530890991265818624e+00
3.238849711028548573e+00
3.991529236041714501e+00
4.763989366334993036e+00
5.412604646395982932e+00
5.692592298693894826e+00
5.352038480316022806e+00
4.291236066321146403e+00
2.699011976815503644e+00
1.021500258208869916e+00
-2.790406703394353594e-01
-9.770301428493479712e-01
-1.145659631513816334e+00
-1.036185738812176682e+00
-9.202474710311038253e-01
-9.854181557686773063e-01
-1.286330016089052064e+00
-1.722297415694490352e+00
-2.030213575216874844e+00
-1.834064359497620478e+00
-8.121420991639444198e-01
1.025116254679990346e+00
3.182625050788490562e+00
4.917924618226970246e+00
5.723041442044833005e+00
5.563279782708880461e+00
4.735741317314029253e+00
3.611687438360930091e+00
2.470371931356477369e+00
1.449978495934154399e+00
5.569670799554844454e-01
-2.867713875892914377e-01
-1.184436046952130228e+00
-2.198938983463372576e+00
-3.306291864592615592e+00
-4.370690090894614244e+00
-5.148636511060193044e+00
-5.340288394177389542e+00
-4.716161312144469875e+00
-3.302873284985073710e+00
-1.484936840993599905e+00
1.539902421831888246e-01
1.177894423335799745e+00
1.509163458442351891e+00
1.356226524795975275e+00
1.005703730579121880e+00
6.776819905990826287e-01
4.781370425239795385e-01
4.139011985638258451e-01
4.305352606766400525e-01
4.434883979379596330e-01
3.665254712433047568e-01
1.383524846267976394e-01
-2.543082261477188633e-01
-7.676624132086707908e-01
-1.314321201608818601e+00
-1.797099230190300601e+00
-2.141959418056741615e+00
-2.313549747798740785e+00
-2.311513245502079705e+00
-2.156989489530725557e+00
-1.877906470745757561e+00
-1.501875748282946565e+00
-1.058253028233375970e+00
-5.815439353065553485e-01
-1.087273749874613227e-01
3.285172035573560856e-01
7.133858941303227175e-01
1.047469680438761319e+00
1.344609392959358329e+00
1.622867589240957864e+00
1.893766535113607263e+00
2.153718345593328642e+00
2.378233123990967535e+00
2.528407433776454827e+00
2.566590533311340572e+00
2.473859424771466475e+00
2.258411128057720152e+00
1.953868963957727134e+00
1.607235761525354301e+00
1.261395211092324553e+00
9.379255594024628051e-01
6.262081775167551712e-01
2.905082532850551402e-01
-1.135881987558899908e-01
-6.193164452797058628e-01
-1.224233832956246326e+00
-1.858988972064258505e+00
-2.349075963879155626e+00
-2.405244476185975699e+00
-1.716812830143339630e+00
-1.904250704974352337e-01
1.824179353803390580e+00
3.637668825837660602e+00
4.659280129432695539e+00
4.721504852401011476e+00
4.020190181126276130e+00
2.881959056563259569e+00
1.599911931179455626e+00
3.774965612655611369e-01
-6.818058806277769168e-01
-1.566555320191780343e+00
-2.334736231167306109e+00
-3.072442300579608876e+00
-3.840673436082821190e+00
-4.624046029183586981e+00
-5.298800405484415776e+00
-5.642665386460660848e+00
-5.409150606371277981e+00
-4.471310954549668537e+00
-2.964892585767063604e+00
-1.292238936345555977e+00
8.147529078342320707e-02
8.864386315203799382e-01
1.145404941004102728e+00
1.079529109949974863e+00
9.538930238597249645e-01
9.674415395138088458e-01
1.199819448419641610e+00
1.589174887025855964e+00
1.922123525457443804e+00
1.863021413874733190e+00
1.077397504315671384e+00
-5.229445419687438479e-01
-2.582740984989609245e+00
-4.422982263604226638e+00
-5.468895911973488566e+00
-5.564320419089206382e+00
-4.921860512850662062e+00
-3.888700243651959099e+00
-2.762126047071191248e+00
-1.717390558162918079e+00
-8.005132788721637249e-01
3.826748886586747028e-02
8.923757073401182849e-01
1.838358719247261019e+00
2.885576721097812491e+00
3.944194063772356262e+00
4.817172116266760895e+00
5.228509471499882544e+00
4.917143961348479309e+00
3.801321799145071179e+00
2.125337424993818836e+00
4.090728485291234007e-01
-8.421665135539440072e-01
-1.415659420404970614e+00
-1.422563233773071589e+00
-1.128531082857626711e+00
-7.810638136106198282e-01
-5.289675828439478478e-01
-4.172672856076394821e-01
-4.160651562175404217e-01
-4.528134657758131065e-01
-4.396785679526030166e-01
-2.986040334233843740e-01
1.224602534985381672e-02
4.788303856277944526e-01
1.031189982823196072e+00
1.569036734806795286e+00
1.998828310896672233e+00
2.260258203868248827e+00
2.335593058357310348e+00
2.239027425752385447e+00
2.002038797548739701e+00
1.657091915389040215e+00
1.235773244738253229e+00
7.700532826346301318e-01
2.954864743377701441e-01
-1.559514498411810335e-01
-5.633366736950811138e-01
-9.212158197522427594e-01
-1.237958117314224893e+00
-1.527480433562936613e+00
-1.802800415643524667e+00
-2.066455220079535859e+00
-2.303639951265000541e+00
-2.482639494239089473e+00
-2.566617016529765483e+00
-2.529862641839333293e+00
-2.368700992746338940e+00
-2.103785496854575943e+00
-1.775002257343360590e+00
-1.426071799055266709e+00
-1.088042309927909068e+00
-7.655915238292143599e-01
-4.349741374468784616e-01
-5.545779719312097372e-02
4.112731341047760614e-01
9.807703296175489527e-01
1.616325088508844487e+00
2.191304073298823596e+00
2.457962908969000715e+00
2.091031968324110313e+00
8.751402927192812875e-01
-1.025842171374538481e+00
-3.010885239320104656e+00
-4.390098003245122449e+00
-4.815156739133793273e+00
-4.365998442538139734e+00
-3.346668560295932071e+00
-2.078442921773880681e+00
-8.060084759129202414e-01
3.264825688857599939e-01
1.273641184169401086e+00
2.072126355098721451e+00
2.806600051302029719e+00
3.557162552897407792e+00
4.344407695837006145e+00
5.086117172771643880e+00
5.589774914481004053e+00
5.599878599091132614e+00
4.922083729758830906e+00
3.583840953408398367e+00
1.904703501193623527e+00
3.650779633120095902e-01
-6.658836596032357003e-01
-1.105781837852085392e+00
-1.124179554942927428e+00
-9.895985881926069316e-01
-9.368445104362813636e-01
-1.093055686780827873e+00
-1.448785617309109153e+00
-1.842167895258767452e+00
-1.968785754263002730e+00
-1.466270290991489755e+00
-1.258610165204590292e-01
1.857542572079956766e+00
3.871080792201952114e+00
5.244176649996535211e+00
5.660418089531217056e+00
5.230628691016888432e+00
4.286627126460101245e+00
3.160124925404364848e+00
2.072524266449397690e+00
1.111219552927567689e+00
2.526838473697844423e-01
-5.900279130590293519e-01
-1.506577010129934502e+00
-2.532681022092390766e+00
-3.612839828046361390e+00
-4.583069175835572828e+00
-5.184661927559634620e+00
-5.133925331871561859e+00
-4.267826498874919494e+00
-2.717134783538533771e+00
-9.384151316423248179e-01
5.142915245503643096e-01
1.313134779811415020e+00
1.477797183492833843e+00
1.247946536773763437e+00
8.929917691317367234e-01
5.977702536709194048e-01
4.383590199825399547e-01
4.047462534981982052e-01
4.352247488545569198e-01
4.438972172511434500e-01
3.471726864578012495e-01
9.038521376274985530e-02
-3.307731757835775110e-01
-8.622782824164547666e-01
-1.409855892417014367e+00
-1.876213375166321029e+00
-2.190229789946595673e+00
-2.321933684748320292e+00
-2.277312213618706949e+00
-2.083558677206889698e+00
-1.772569927803255396e+00
-1.375319052727768776e+00
-9.227427713093758754e-01
-4.490411013119174899e-01
1.128886940356676333e-02
4.326235756057906778e-01
8.041505057305130544e-01
1.130558875845375288e+00
1.424911686366166830e+00
1.701736659772659088e+00
1.968166334064598733e+00
2.215887036023519663e+00
2.417941256606059408e+00
2.538075648504424464e+00
2.544438885755257562e+00
2.425716146534251827e+00
2.194827578400743828e+00
1.885991087694102619e+00
1.542775735946150029e+00
1.202090691323238980e+00
8.781418885704065369e-01
5.551226652577374576e-01
1.965802714668707651e-01
-2.386363279051768038e-01
-7.758170729070301697e-01
-1.399222722657205153e+00
-2.016765010778556189e+00
-2.421965304382093009e+00
-2.303813649010202358e+00
-1.381003599776703394e+00
3.339101792719145756e-01
2.368135415348075146e+00
4.008958450119655126e+00
4.763813397159116114e+00
4.582709341189761254e+00
3.721146498002313230e+00
2.509224305295671531e+00
1.221308885161910496e+00
3.524864334851962600e-02
-9.712582487504287654e-01
-1.810175213185466925e+00
-2.554194259508776987e+00
-3.290740031287580969e+00
-4.066443297149167080e+00
-4.837434179284071156e+00
-5.447847677481165718e+00
-5.656102920983168580e+00
-5.230500617116575768e+00
-4.105892265952713949e+00
-2.503104476556405000e+00
-8.698503993981540061e-01
3.596468848395317774e-01
9.976914987971337023e-01
1.138658797988218785e+00
1.032611828381283958e+00
9.356222189484957319e-01
1.016495397920481825e+00
1.315532136671254015e+00
1.725042469417577884e+00
1.986084508960886064e+00
1.738955034319485504e+00
6.892004528008254249e-01
-1.128567715247621228e+00
-3.221640421368720197e+00
-4.881802612788709084e+00
-5.638480950931382019e+00
-5.469239252581391320e+00
-4.658830413597223163e+00
-3.558366813996467481e+00
-2.434113383372475514e+00
-1.420204952311115321e+00
-5.281432966380490424e-01
3.129554894884803429e-01
1.198380979576944227e+00
2.188491924054626114e+00
3.263474572486935177e+00
4.297229825520703983e+00
5.058313113992319643e+00
5.256918123481841398e+00
4.665878188398767001e+00
3.300888722950941379e+00
1.524069862730846214e+00
-1.000705156035568283e-01
-1.136042786729049459e+00
-1.491042721456938613e+00
-1.355964530290445946e+00
-1.011289372836060796e+00
-6.783744849624977480e-01
-4.703887421814086367e-01
-4.024218247888060040e-01
-4.242660961521287355e-01
-4.531154819010401735e-01
-3.994872489893040446e-01
-1.945946905248538694e-01
1.836171060706893454e-01
6.969156823361335462e-01
1.256932894830885106e+00
1.760868830694525711e+00
2.125946901054658333e+00
2.311017801633421520e+00
2.314763886926183289e+00
2.162195000802028755e+00
1.885556552604505498e+00
1.514951310092135017e+00
1.078636267552404826e+00
6.078055791376202333e-01
1.368369363558278873e-01
-3.040338183100734781e-01
-6.974719597826506412e-01
-1.041554520027592412e+00
-1.346049439594632302e+00
-1.626253237502522264e+00
-1.893895279297550083e+00
-2.148001124109726767e+00
-2.368465993033662453e+00
-2.519939167157879023e+00
-2.566396251316201305e+00
-2.487086716988694324e+00
-2.285696474210485718e+00
-1.989990709241302058e+00
-1.644624910646492078e+00
-1.293390873883579317e+00
-9.605635292744409970e-01
-6.413807289765872666e-01
-3.035698797100153112e-01
9.739595790555219401e-02
5.959172482258857650e-01
1.194525521346638808e+00
1.830633659995953400e+00
2.334645785397317930e+00
2.419018031444009509e+00
1.765887052699715465e+00
2.645609208244513177e-01
-1.752076711092726002e+00
-3.594312094785764522e+00
-4.654115349364710497e+00
-4.744779282898373474e+00
-4.055261013948704196e+00
-2.915116860455392533e+00
-1.625033554062445651e+00
-3.948657830140133718e-01
6.688900364085116346e-01
1.553619500596070901e+00
2.319127796760020122e+00
3.054479464019577151e+00
3.823822621681872036e+00
4.613664803623342969e+00
5.300533308535431587e+00
5.660129778980005355e+00
5.442004237416036005e+00
4.514901687424572430e+00
3.009561237353417518e+00
1.328485414152450694e+00
-5.884032391752060109e-02
-8.755549819336533313e-01
-1.141185890967776784e+00
-1.077597166452882282e+00
-9.522342270851568147e-01
-9.662064923856660270e-01
-1.200625486940683606e+00
-1.593472361854817665e+00
-1.932098156167604941e+00
-1.878822372242028749e+00
-1.097431291220224647e+00
5.041496521319084323e-01
2.571217447359230412e+00
4.422523599106730430e+00
5.478733475755951154e+00
5.580982293873248956e+00
4.941793033965276472e+00
3.909180881573047106e+00
2.781974209379427077e+00
1.735105422490627936e+00
8.141709963495888935e-01
-3.011674741256781251e-02
-8.900117250831293125e-01
-1.841538685863292057e+00
-2.892835532179722335e+00
-3.954190429134434304e+00
-4.828186802753736018e+00
-5.239551265548692882e+00
-4.926849684693208609e+00
-3.807422374564401135e+00
-2.126135657386340583e+00
-4.041888408299232349e-01
8.506590153851505409e-01
1.425407054357951120e+00
1.431470119491681015e+00
1.135138978027685708e+00
7.844682336396330280e-01
5.284708279665861763e-01
4.130155886528033560e-01
4.088502101710094205e-01
4.437838410985414095e-01
4.293463300127930427e-01
2.880682501713616728e-01
-2.248079528193798471e-02
-4.886713230483681336e-01
-1.039416145398222691e+00
-1.575047030608393017e+00
-2.001023795367209424e+00
-2.258008775180385896e+00
-2.328752146869212059e+00
-2.229186430495302851e+00
-1.990835697954119077e+00
-1.647564037404594117e+00
-1.229357103494442605e+00
-7.679167439277190255e-01
-2.969454837565871919e-01
1.518630050451226787e-01
5.582082311347066339e-01
9.162681480346192009e-01
1.233409872854012601e+00
1.522384346324509030e+00
1.796107798221797225e+00
2.056953131484072550e+00
2.291227665075565856e+00
2.468494492504350823e+00
2.553074280696591813e+00
2.519138527013585982e+00
2.362942013681822218e+00
2.103541197457433398e+00
1.779083351922842615e+00
1.432470408523158101e+00
1.094795264617043129e+00
7.713498617614920061e-01
4.396999900795592331e-01
5.985842942596402566e-02
-4.060627144544213252e-01
-9.740263817122929435e-01
-1.609225029137460128e+00
-2.185105267122434469e+00
-2.455751263211951585e+00
-2.096450562455291156e+00
-8.894539751659401583e-01
1.004608202556240393e+00
2.988625874504905244e+00
4.372602963515278773e+00
4.804471174325983363e+00
4.360963383621430545e+00
3.345046646596385731e+00
2.078806402861551827e+00
8.075417549834972286e-01
-3.233712052219677724e-01
-1.268461523661305490e+00
-2.064247443789495762e+00
-2.795775382237217777e+00
-3.543623165522801877e+00
-4.329685235968781853e+00
-5.072263446001444187e+00
-5.580041026134797910e+00
-5.598546856912413716e+00
-4.932851630124054587e+00
-3.606355464934288158e+00
-1.934652619957353492e+00
-3.949836226195365119e-01
6.422541580707580300e-01
1.090752388889284274e+00
1.116301658946176056e+00
9.864973736147309991e-01
9.362031449226615454e-01
1.093738723638510546e+00
1.451151544262052617e+00
1.847952849866237868e+00
1.980707000530513406e+00
1.485789410189079396e+00
1.505682775386169570e-01
-1.834606146477605559e+00
-3.857958087058173113e+00
-5.244672529647500525e+00
-5.671874217930087170e+00
-5.248140245259012460e+00
-4.305194609310220244e+00
-3.175512663207350261e+00
-2.081973795215488199e+00
-1.114218292981864478e+00
-2.498405112575861065e-01
5.970473448548621054e-01
1.515602834766580864e+00
2.542452779502609506e+00
3.623456667400804410e+00
4.594973968855529556e+00
5.199013716237490534e+00
5.149681196664617211e+00
4.281700782806447947e+00
2.725224041676629572e+00
9.383966281828037825e-01
-5.211938417649271127e-01
-1.322955197103205638e+00
-1.486274667591223286e+00
-1.252893495502607646e+00
-8.939064169712344077e-01
-5.956573273528327217e-01
-4.354160635947371683e-01
-4.032067616576937574e-01
-4.357990828254554860e-01
-4.459004488632699048e-01
-3.483071910869649512e-01
-8.712376988372828868e-02
3.406940737198095870e-01
8.790034913766325841e-01
1.430864934270065225e+00
1.896567509498231052e+00
2.205648874245150992e+00
2.330119362739770050e+00
2.279157841076364654e+00
2.081172545947269192e+00
1.769458148849340606e+00
1.373201234336953735e+00
9.220777599542485659e-01
4.487633308357673045e-01
-1.293160963946120637e-02
-4.374065551376103422e-01
-8.128731051802094987e-01
-1.142151189977415715e+00
-1.437938783065437320e+00
-1.714015418592502060e+00
-1.978690965718368666e+00
-2.224373325556902703e+00
-2.425191721841171155e+00
-2.544415358329846999e+00
-2.550148707787287972e+00
-2.429598776922425873e+00
-2.194938725518763789e+00
-1.880430071752720922e+00
-1.530810405557084586e+00
-1.185612690992543738e+00
-8.593111045289333338e-01
-5.369316198026314879e-01
-1.812891340727774969e-01
2.502183357260303054e-01
7.844029045703933001e-01
1.406399718361735829e+00
2.022577469284080554e+00
2.424008939552579900e+00
2.296694645355250142e+00
1.359711091370165770e+00
-3.691693362769730147e-01
-2.408689206849911280e+00
-4.042689191145016459e+00
-4.782557753657463273e+00
-4.585467349408419935e+00
-3.711497461663495478e+00
-2.493027415021752180e+00
-1.204094772119606693e+00
-2.116147602636033603e-02
9.810136949803345274e-01
1.816877498875376640e+00
2.561059369334803826e+00
3.301677319246967723e+00
4.082290209294731298e+00
4.856641513911343466e+00
5.464429272082381495e+00
5.661037165263816284e+00
5.216693709228169773e+00
4.072442040244860451e+00
2.457607170931089602e+00
8.262153304130707143e-01
-3.905654061446037772e-01
-1.012403676705812439e+00
-1.140966565896674334e+00
-1.029823955576821382e+00
-9.334147608309616428e-01
-1.018217877920772230e+00
-1.319842350334230696e+00
-1.727227121478474459e+00
-1.979645705455864046e+00
-1.718719548894569682e+00
-6.573413756053992918e-01
1.162160960528507481e+00
3.242380194893135226e+00
4.881527046696665373e+00
5.619665374320110374e+00
5.441281021942689478e+00
4.631489098911846014e+00
3.537958064247945345e+00
2.422849094690160410e+00
1.416817954935308599e+00
5.290952461897417969e-01
-3.104646035291699357e-01
-1.195880181512750662e+00
-2.185107928746325090e+00
-3.256499839892339043e+00
-4.284100346042349017e+00
-5.038086906073984572e+00
-5.232695225891880852e+00
-4.644523465748859437e+00
-3.290041470668633394e+00
-1.527225214155027988e+00
8.697901685396765281e-02
1.120887123966837651e+00
1.480779906227824627e+00
1.353131658412727312e+00
1.014233758824910181e+00
6.836607128525558075e-01
4.739170805428747357e-01
4.023119218071665726e-01
4.208370279145662862e-01
4.489262859569786990e-01
3.989819984265700059e-01
2.015132738078813379e-01
-1.677463291690255986e-01
-6.737059892314016807e-01
-1.231736698880570691e+00
-1.739162390988733042e+00
-2.111717660387077977e+00
-2.304620339652807548e+00
-2.314064506309801761e+00
-2.163378926726545082e+00
-1.885812717947730643e+00
-1.513903609208069545e+00
-1.077407538212378890e+00
-6.086451851536908153e-01
-1.413960492396436341e-01
2.954661048965113723e-01
6.862403021550393944e-01
1.029743403835121640e+00
1.335756148207319249e+00
1.618476278136329105e+00
1.887876614754102178e+00
2.142356120843089240e+00
2.361577187644874343e+00
2.511507187872346503e+00
2.557854463847449633e+00
2.480984301117908242e+00
2.285211622576707402e+00
1.997391685070690981e+00
1.659158135423897784e+00
1.312036036835631858e+00
9.797620017396377889e-01
6.577385909686275234e-01
3.154585571910920039e-01
-8.885348803741109636e-02
-5.886313292503878580e-01
-1.186643064366023737e+00
-1.821142014486152760e+00
-2.327275729056768938e+00
-2.421018378202847821e+00
-1.784597982119692228e+00
-3.014730530804237141e-01
1.706421626057748275e+00
3.554907855251500770e+00
4.632127743050631352e+00
4.741992099442463804e+00
4.065954741180045851e+00
2.931655932415470733e+00
1.641068385639416816e+00
4.063655610565014564e-01
-6.620176716925634253e-01
-1.548982684093903606e+00
-2.313011689732853426e+00
-3.043898818221287161e+00
-3.807623059132423826e+00
-4.594664264080274840e+00
-5.284474708556223810e+00
-5.654747839173378310e+00
-5.453849299229784897e+00
-4.544944225196138277e+00
-3.051127471466465124e+00
-1.369489974008754496e+00
2.844813319890898001e-02
8.595263519141902453e-01
1.136368717589264055e+00
1.077751447585148181e+00
9.519949028565509730e-01
9.635876420377783580e-01
1.196377878252456339e+00
1.591723257389494384e+00
1.938082135372483750e+00
1.896688019621676657e+00
1.125928759948472191e+00
-4.729538774586891647e-01
-2.549682734291510489e+00
-4.419117333026680861e+00
-5.492401404868869186e+00
-5.604016467886105524e+00
-4.965843271876464904e+00
-3.928879456027607020e+00
-2.795488003684397871e+00
-1.742746626152683165e+00
-8.180279541266378684e-01
2.844603414197087107e-02
8.902795839256233412e-01
1.844252900561201836e+00
2.899615684771142732e+00
3.966455668270954416e+00
4.846091959782135028e+00
5.260639733567611387e+00
4.945508909107863005e+00
3.817894357584480591e+00
2.125451896389908502e+00
3.944571385600881275e-01
-8.631047197880997723e-01
-1.435197099827360878e+00
-1.436185953407267846e+00
-1.135447345441858547e+00
-7.824228896614265905e-01
-5.266708709974097236e-01
-4.128936851908318606e-01
-4.102895242219986027e-01
-4.450602809947983851e-01
-4.282478061613995690e-01
-2.816568365261816198e-01
3.554405946949384248e-02
5.069215115083020029e-01
1.060233350738161828e+00
1.594011425070606336e+00
2.015222445597983025e+00
2.266083145235028518e+00
2.331623665530200284e+00
2.228892941413784357e+00
1.989571150129430643e+00
1.646195374361418384e+00
1.227711823068810881e+00
7.653736831854854872e-01
2.924964896688710958e-01
-1.583571797741098186e-01
-5.661548580946509368e-01
-9.248324567816620378e-01
-1.241372874412879801e+00
-1.529416100271522305e+00
-1.802211193591987115e+00
-2.062799734774776184e+00
-2.297179125979378789e+00
-2.474670261516661807e+00
-2.558693883611918629e+00
-2.522793473364874028e+00
-2.362598086174831913e+00
-2.098168307581031122e+00
-1.768680713784483549e+00
-1.418727605408562464e+00
-1.080147013110012155e+00
-7.580861111508622185e-01
-4.284977641423847183e-01
-5.089988597187228986e-02
4.140655876944202562e-01
9.823437307657358897e-01
1.617986348858826640e+00
2.192581790645160567e+00
2.457103286619199967e+00
2.085893559935879438e+00
8.650521228226285553e-01
-1.038006900298998447e+00
-3.020053861078055402e+00
-4.392313299881068112e+00
-4.809525336152643327e+00
-4.354416836153485626e+00
-3.332334657556879520e+00
-2.065057032465299702e+00
-7.959830594122426772e-01
3.315417120244344984e-01
1.273757418490424120e+00
2.069287066969502487e+00
2.802459666139160532e+00
3.553719125606721985e+00
4.341997082573663569e+00
5.084018716104841573e+00
5.585991252265713136e+00
5.593455408508565263e+00
4.914209006281536674e+00
3.576771339058842258e+00
1.902032307655262766e+00
3.679186955588197305e-01
-6.588732814477648025e-01
-1.097713617964832133e+00
-1.117652587593562341e+00
-9.864258538259147446e-01
-9.372740077981231988e-01
-1.096148794570624307e+00
-1.452993709874480732e+00
-1.845922543067529453e+00
-1.971242407874193248e+00
-1.467672519571767697e+00
-1.273940394169038315e-01
1.854517488593315555e+00
3.866293921519489363e+00
5.239227296515426069e+00
5.656746699575848858e+00
5.229925050989884916e+00
4.288489668227958518e+00
3.163503417974694809e+00
2.075082350186201907e+00
1.111290974261169184e+00
2.494470657697389349e-01
-5.959855834436101896e-01
-1.513131345571729680e+00
-2.537870632985067321e+00
-3.615258751870080722e+00
-4.583164235691580934e+00
-5.183988626682127787e+00
-5.134346199463315052e+00
-4.270525736490136559e+00
-2.721796499056785557e+00
-9.428045602124854874e-01
5.123812868947006383e-01
1.314440120648331378e+00
1.480992562222540165e+00
1.251652806547550734e+00
8.952928566087807738e-01
5.978600281478448908e-01
4.365099256556788099e-01
4.028721531518031918e-01
4.345740963213235997e-01
4.453887044105848680e-01
3.507624050716842690e-01
9.433098717608590089e-02
-3.291289850711092146e-01
-8.644367901105112217e-01
-1.416551379312090964e+00
-1.885494451777431690e+00
-2.199388659258390888e+00
-2.328494359327898167e+00
-2.280556838859721935e+00
-2.083560255903257996e+00
-1.771193010828197023e+00
-1.374381638151028540e+00
-9.231803132798021005e-01
-4.508115815844827012e-01
9.472381509043423936e-03
4.325300022563175473e-01
8.071305952774624481e-01
1.136563564807395732e+00
1.432866593782704312e+00
1.710108010393274425e+00
1.975695632944453273e+00
2.221460906626761211e+00
2.421915057153952500e+00
2.540867192210298331e+00
2.547071400830089427e+00
2.428331601509662097e+00
2.196569220219295460e+00
1.885433656156711102e+00
1.539115183291554168e+00
1.195434002949603114e+00
8.689076382774623131e-01
5.450989904930776397e-01
1.874563912193259185e-01
-2.455160606981064420e-01
-7.801095182441396547e-01
-1.401338951768030583e+00
-2.017553930956461627e+00
-2.421462497674033099e+00
-2.300568264686921438e+00
-1.372858316148366509e+00
3.478897141266469872e-01
2.385869465930718469e+00
4.026004261432917453e+00
4.775931908185825137e+00
4.588057703100436591e+00
3.719845248917382108e+00
2.503209375704449347e+00
1.213118291536586124e+00
2.753001696949215760e-02
-9.770342814652767105e-01
-1.813691757301503893e+00
-2.557040598200546633e+00
-3.294955630297294658e+00
-4.073582105013473509e+00
-4.847410335254321190e+00
-5.457903111211074965e+00
-5.661199252591957887e+00
-5.225996301361353069e+00
-4.090063766318445815e+00
-2.478759873274750447e+00
-8.449818251171022920e-01
3.784658109293034811e-01
1.007575454096391709e+00
1.140986226615552601e+00
1.030885997791295194e+00
9.337222007981315075e-01
1.016752708196358546e+00
1.317629852681398761e+00
1.726781316794305354e+00
1.983749393053462651e+00
1.728782071019958400e+00
6.716517155935893824e-01
-1.148448261532770243e+00
-3.234928375651809684e+00
-4.883317280543971961e+00
-5.628856093727853782e+00
-5.453861830557362289e+00
-4.643737710321233614e+00
-3.547185264815527983e+00
-2.428676416433533269e+00
-1.420066912741326126e+00
-5.311768647533448018e-01
3.096166073979551014e-01
1.195734962241583377e+00
2.186717119121096786e+00
3.260508511160157052e+00
4.290948854263986867e+00
5.047840067938688335e+00
5.243215549806292231e+00
4.652997430562076708e+00
3.293514081515303893e+00
1.524886230617804150e+00
-9.276926893875743485e-02
-1.126933606371890662e+00
-1.484702321896776755e+00
-1.354317708335576631e+00
-1.013214033254771662e+00
-6.822996520071409332e-01
-4.734465263966233239e-01
-4.026979645333694791e-01
-4.219102513205578719e-01
-4.496786651791123135e-01
-3.975610815370769768e-01
-1.970888918895566944e-01
1.751828390938958702e-01
6.832698846531323200e-01
1.241434598393193367e+00
1.746771183576168562e+00
2.116468444508513791e+00
2.306367333487130633e+00
2.313988369141811940e+00
2.162306786614208942e+00
1.884853072895498194e+00
1.513293477916744845e+00
1.076704419067336937e+00
6.071749749635211302e-01
1.389921834713515048e-01
-2.988062626002385702e-01
-6.898345593661608932e-01
-1.033103958792325416e+00
-1.338501563225418689e+00
-1.620343752107534785e+00
-1.889473112180612535e+00
-2.143637145930785248e+00
-2.363107642927289476e+00
-2.513417847407424688e+00
-2.559374310598067748e+00
-2.481803761496154337e+00
-2.284079406097883513e+00
-1.993822059306712413e+00
-1.653411028814938177e+00
-1.305316008917036807e+00
-9.733034900666500677e-01
-6.523686549284876124e-01
-3.111756368758741842e-01
9.195735410133429322e-02
5.916221879760714675e-01
1.189900248669756300e+00
1.824591839189837472e+00
2.329509703114282182e+00
2.419421127808659033e+00
1.777126591357748531e+00
2.879558384147849481e-01
-1.722199045215026647e+00
-3.567961290178832012e+00
-4.639203089757677034e+00
-4.742403208107329959e+00
-4.062013401228115939e+00
-2.926119917864464348e+00
-1.636181276305368693e+00
-4.028132380968717507e-01
6.639427458227737944e-01
1.550291931811252244e+00
2.314657194280504982e+00
3.046649747142911924e+00
3.812114665351174381e+00
4.599783586839336635e+00
5.288425159969697198e+00
5.655202390254526534e+00
5.449322539141165933e+00
4.534969127700893665e+00
3.038192508838012174e+00
1.356960396879310249e+00
-3.747397534107671513e-02
-8.641008520393866910e-01
-1.137378301853840590e+00
-1.077166561145186607e+00
-9.516834329992618358e-01
-9.638049206779171207e-01
-1.197028585264483302e+00
-1.591711961263321928e+00
-1.935551842279908508e+00
-1.890610347836249261e+00
-1.116892504256619345e+00
4.826920828000598740e-01
2.556622327347046753e+00
4.420541273135401461e+00
5.488766822070264340e+00
5.597484833783107128e+00
4.958964481606008334e+00
3.923356601256632104e+00
2.791595680232845211e+00
1.740405677061519496e+00
8.167697970693744702e-01
-2.895484901531309579e-02
-8.902267250493799411e-01
-1.843371186151977259e+00
-2.897417460639974074e+00
-3.962526665138545123e+00
-4.840728936851188102e+00
-5.254414323319926083e+00
-4.940288316446961758e+00
-3.815055340973688924e+00
-2.125845698856345667e+00
-3.975997936480685224e-01
8.592436701675860711e-01
1.432079677769581227e+00
1.434558915671001911e+00
1.134996339804856147e+00
7.828675044524189275e-01
5.271791694716363441e-01
4.129303178642937389e-01
4.098331397389689545e-01
4.445622677520444377e-01
4.283642213956181943e-01
2.833771054774916753e-01
-3.189892519751166139e-02
-5.018275982770432631e-01
-1.054739296598138143e+00
-1.588977408711511607e+00
-2.011461037609866498e+00
-2.264149260592527302e+00
-2.331396059058123971e+00
-2.229496482894350429e+00
-1.990399080255215392e+00
-1.646724578376080883e+00
-1.228327284594320057e+00
-7.662136607089025109e-01
-2.939292307085295541e-01
1.564908676905813478e-01
5.639186193353178389e-01
9.224103487983860150e-01
1.239214504622832003e+00
1.527652025385451529e+00
1.800638857230375978e+00
2.061430585453790432e+00
2.295926676325523719e+00
2.473426101529775600e+00
2.557712405162025249e+00
2.522278058663484757e+00
2.362919125590536407e+00
2.099641323337279264e+00
1.771477293374384532e+00
1.422499267912371801e+00
1.083946996795442042e+00
7.615527965518433806e-01
4.311674966291221822e-01
5.301969941274693038e-02
-4.122438493247490565e-01
-9.805123928895602692e-01
-1.615548209132493529e+00
-2.190438915840965617e+00
-2.456534462201972691e+00
-2.088271653828465801e+00
-8.708901079246497146e-01
1.030017806858500196e+00
3.012685919549542124e+00
4.387776079068298252e+00
4.808587891977023077e+00
4.356413111243736758e+00
3.335812650357599995e+00
2.068655416843440342e+00
7.989144110314468916e-01
-3.296741983038308788e-01
-1.272622866396725172e+00
-2.068242352149093577e+00
-2.801201101125801340e+00
-3.551590054100471239e+00
-4.339508972231380213e+00
-5.081827729560037810e+00
-5.584945492763880637e+00
-5.595065873247714094e+00
-4.918960666204403864e+00
-3.584052341818046994e+00
-1.909697467444718466e+00
-3.742443719605756947e-01
6.553087263202219681e-01
1.096275506852596004e+00
1.117245666497635570e+00
9.861714425214236357e-01
9.367517505531534061e-01
1.095635504515491521e+00
1.452539986599462374e+00
1.846386878009310228e+00
1.973528133127718354e+00
1.471841459483228531e+00
1.326549935928594548e-01
-1.850168118099512427e+00
-3.864750812096807042e+00
-5.240773684478742034e+00
-5.660528753937921209e+00
-5.234128051950753147e+00
-4.292189130944437103e+00
-3.165922786174020676e+00
-2.076363106807000314e+00
-1.111617834145758543e+00
-2.493348437454527833e-01
5.965293748521780515e-01
1.513947167703816987e+00
2.539232136975399623e+00
3.617765355063081056e+00
4.586682953771195059e+00
5.188165909366922790e+00
5.138561567337603719e+00
4.273849109157398019e+00
2.722870995219487167e+00
9.423142519916611892e-01
-5.136873552286139732e-01
-1.315319062284802554e+00
-1.481194218214006542e+00
-1.251124893762612045e+00
-8.941455089480140339e-01
-5.966713787269435354e-01
-4.359156212433112909e-01
-4.028386343877760623e-01
-4.347394276080564501e-01
-4.454277784312499211e-01
-3.499866112248136707e-01
-9.236655447957912990e-02
3.317936706289499882e-01
8.675958433557438010e-01
1.419439585588826880e+00
1.887519104742952480e+00
2.200334499380696585e+00
2.328348450174846374e+00
2.279619582357794716e+00
2.082245745992933550e+00
1.770031522642800503e+00
1.373346912198370795e+00
9.223512515204820295e-01
4.495765411652482002e-01
-1.112511297513939755e-02
-4.341283425461588408e-01
-8.088382526901022329e-01
-1.138019320057144679e+00
-1.434043590583478078e+00
-1.711017382068084514e+00
-1.976353964833402088e+00
-2.222172171724878798e+00
-2.422720786656629599e+00
-2.541611857476904657e+00
-2.547673722108312333e+00
-2.428337021584823674e+00
-2.195754640150525461e+00
-1.884066473177685275e+00
-1.537305404165868916e+00
-1.193351876012086477e+00
-8.669834149151726121e-01
-5.434273997978569248e-01
-1.860320663455473367e-01
2.463650119194847332e-01
7.809516694530409531e-01
1.402571859058240333e+00
2.018670566910255371e+00
2.422006656339252384e+00
2.299792047571869613e+00
1.370038984832733231e+00
-3.523312575146023695e-01
-2.390469027545719438e+00
-4.029207563421878469e+00
-4.777291071194601280e+00
-4.587508538746652320e+00
-3.718241285856317191e+00
-2.501492117994442488e+00
-1.211628555416462305e+00
-2.684837314111390705e-02
9.774692649352575424e-01
1.814039426640415620e+00
2.557661943494105916e+00
3.296191749191242248e+00
4.075070327331054010e+00
4.848997994619240082e+00
5.458945980285876409e+00
5.660992930396967715e+00
5.224080045911603243e+00
4.086767449792554352e+00
2.475190631772046235e+00
8.418799359191706522e-01
-3.802106504770769724e-01
-1.008000493500305739e+00
-1.140425549029117303e+00
-1.030291246056779464e+00
-9.333257441623725725e-01
-1.016621227236155889e+00
-1.317556747713036991e+00
-1.726476587065261414e+00
-1.982725881124241640e+00
-1.726751781916671113e+00
-6.691055235916453237e-01
1.150725317425169481e+00
3.236455927861811244e+00
4.882943570788833121e+00
5.627172392574897763e+00
5.451513717882923160e+00
4.641474872171751365e+00
3.545541096671472658e+00
2.427641715737169026e+00
1.419118204549975282e+00
5.302077141274202932e-01
-3.101111958507337119e-01
-1.196086314582927468e+00
-2.186431954746070883e+00
-3.259780972297078527e+00
-4.289842480573926586e+00
-5.046283532969623842e+00
-5.241642998739884263e+00
-4.651614252931065785e+00
-3.292915654677031956e+00
-1.525133580394305133e+00
9.201605111364820344e-02
1.126255103424626647e+00
1.484111975246744430e+00
1.354149345884334554e+00
1.013446393892741826e+00
6.822244115189496361e-01
4.731253950649656481e-01
4.022732811262356156e-01
4.214525271828120090e-01
4.492607276099517821e-01
3.973791015647827329e-01
1.972884611845633629e-01
-1.742941984729352023e-01
-6.821031214550417054e-01
-1.240338263172267697e+00
-1.746049362168833552e+00
-2.116080132069136255e+00
-2.306430479959441726e+00
-2.314165782374996372e+00
-2.162732793504021700e+00
-1.885076460083627836e+00
-1.513345748655692269e+00
-1.076660522743842163e+00
-6.073868643855379057e-01
-1.391681709471012385e-01
2.982534107469157481e-01
6.893062378525448564e-01
1.032450883554636212e+00
1.337800871471563902e+00
1.619804303192788231e+00
1.889004609902025456e+00
2.143380264977291727e+00
2.362740824017786956e+00
2.512928355690273285e+00
2.559414384867571002e+00
2.481825418675530859e+00
2.284397005537547987e+00
1.994324514058665399e+00
1.654435352883405264e+00
1.306407277974469761e+00
9.742654719384221673e-01
6.529909507909840150e-01
3.120572196961733935e-01
-9.129107250140970631e-02
-5.907260787251272793e-01
-1.188905758436400228e+00
-1.823664275635647147e+00
-2.328815489853347742e+00
-2.419128609594027424e+00
-1.777927197126565773e+00
-2.894493159156950601e-01
1.720360948242371180e+00
3.566550146261722176e+00
4.638403826816410280e+00
4.742496204047350616e+00
4.062729651419330068e+00
2.927007274199045384e+00
1.636855172084896282e+00
4.034709160126108696e-01
-6.637118570935437445e-01
-1.550056237629888090e+00
-2.314252169301203477e+00
-3.046300478023501679e+00
-3.811358232644550981e+00
-4.599028171873276172e+00
-5.287750814756791762e+00
-5.655141922539469235e+00
-5.449896238644861057e+00
-4.536149072252512404e+00
-3.039707094201453685e+00
-1.358380977802315481e+00
3.648642014425222679e-02
8.636433793636876244e-01
1.137459076227270938e+00
1.077364926791388067e+00
9.518830813465586349e-01
9.639831703678090058e-01
1.197164374054522140e+00
1.591911342678508312e+00
1.936131729092735787e+00
1.891587515779762363e+00
1.118184922085178723e+00
-4.813553413901068834e-01
-2.555567075796569831e+00
-4.420331364112928263e+00
-5.489124468819741587e+00
-5.597997950872108497e+00
-4.959397197043523775e+00
-3.923650588635300362e+00
-2.791731728790661116e+00
-1.740487360605261546e+00
-8.167784082469622398e-01
2.897525299677636626e-02
8.903777643987935697e-01
1.843506685811505896e+00
2.897840166543515394e+00
3.963214228198739253e+00
4.841544494976172786e+00
5.255241521237182134e+00
4.940458480122307705e+00
3.815108300684228571e+00
2.125234511105750457e+00
3.968777719520839575e-01
-8.602229746600205118e-01
-1.432744144219495697e+00
-1.434903837706758445e+00
-1.135352286397576682e+00
-7.831193004105851951e-01
-5.276284551232991449e-01
-4.135496180784610787e-01
-4.103551652641440617e-01
-4.450018037567485263e-01
-4.289296620469554289e-01
-2.835036524734086405e-01
3.214272599134965908e-02
5.023498095400666941e-01
1.055081407705621421e+00
1.589290890615296492e+00
2.011627389371565044e+00
2.264106347253387774e+00
2.331084898468370525e+00
2.229167251225686375e+00
1.990018354627535402e+00
1.646583298770195158e+00
1.228205550269604540e+00
7.660490967174145016e-01
2.938014689055366557e-01
-1.565018306321744879e-01
-5.639902721692747756e-01
-9.226272920535365518e-01
-1.239141039155474466e+00
-1.527443063643006083e+00
-1.800448111706562049e+00
-2.061137443624732501e+00
-2.295494850554557598e+00
-2.472981189894324583e+00
-2.557089930518777976e+00
-2.521611613144208341e+00
-2.361984758471908474e+00
-2.098652699653175802e+00
-1.770340862996598430e+00
-1.421100869817388812e+00
-1.082958516633917734e+00
-7.603778116409615206e-01
-4.306349152635102207e-01
-5.257634843345606462e-02
4.125573763461819476e-01
9.807681030757355867e-01
1.615905877349829822e+00
2.190534921151650050e+00
2.456377937048141114e+00
2.087754794439698358e+00
8.700476946348533192e-01
-1.031105083077107576e+00
-3.013654808736409674e+00
-4.388480074679860010e+00
-4.809068220484443934e+00
-4.356633133973547345e+00
-3.336074395414544203e+00
-2.068705456752666816e+00
-7.994657684772550343e-01
3.292658622023748038e-01
1.272255209412135768e+00
2.067790036088250627e+00
