0.000000000000000000e+00
-2.620367860371933810e-01
-5.140059910447662972e-01
-7.683127352185706860e-01
-9.025012283339609587e-01
-1.074125708832476489e+00
-1.152593035581398251e+00
-1.337625123040405928e+00
-1.393944790038114778e+00
-1.451909082489015734e+00
-1.404527315382614105e+00
-1.323960542822392839e+00
-1.161019925773201011e+00
-9.055855879790956076e-01
-6.458649107908647213e-01
-3.762663951287295028e-01
-2.119740122356807699e-01
3.317399470210436602e-02
1.906785383926386801e-01
4.322750608553069251e-01
5.983891050468476136e-01
8.490567271417805983e-01
1.092066142450708099e+00
1.301014354746036883e+00
1.403501594378055772e+00
1.344234051034218336e+00
1.168976895032951102e+00
7.581273327317185062e-01
2.594835683884823552e-01
-3.993227451228824609e-01
-9.026505165325392488e-01
-1.333077817971995316e+00
-1.540215225148573897e+00
-1.592484835966286205e+00
-1.470918679141428154e+00
-1.191419105523727096e+00
-9.047590218419343522e-01
-5.682986274068555499e-01
-3.053603653149747355e-01
2.206765412484189282e-02
2.347557816823153121e-01
4.951075813144013016e-01
6.563139102215376219e-01
8.868638900061196484e-01
1.069978533605566939e+00
1.218267485340327472e+00
1.316897775838615559e+00
1.340569091193175355e+00
1.368705955087825554e+00
1.293663791579270139e+00
1.235560032294735766e+00
1.081930721304648291e+00
1.023344857347662229e+00
8.594557871846687513e-01
7.299670954552236468e-01
4.966921511278913903e-01
2.802834695322765080e-01
4.115575490675782433e-02
-2.289915889570696694e-01
-4.792209903400518889e-01
-7.380900207338275676e-01
-8.976739476482265001e-01
-1.096300579132919895e+00
-1.197334949550151517e+00
-1.347456170098080497e+00
-1.322863366946501973e+00
-1.279439142243064209e+00
-1.094740523136396693e+00
-8.522125809717897571e-01
-5.263765901634264166e-01
-1.549689175286022569e-01
1.242457963443629743e-01
3.530651437821992200e-01
4.356323531688827133e-01
5.343722111955979681e-01
5.069395842699307986e-01
5.449857285254653405e-01
5.212483665421273615e-01
6.041082878047384641e-01
6.647746568249160992e-01
7.134650027556067586e-01
7.089673623057680674e-01
6.217984780630797514e-01
5.037608114781851887e-01
2.530938076823527894e-01
-3.279641943972925241e-03
-3.480031847861406180e-01
-5.759167348830230848e-01
-8.357042994908967515e-01
-9.710352582799149923e-01
-1.076500328559810038e+00
-1.058425647952349058e+00
-9.575695944460034248e-01
-8.279707563374151258e-01
-6.331815209981476178e-01
-4.600957184775502085e-01
-2.245445252067879427e-01
-8.033224993786414192e-02
9.720034151365003483e-02
1.770080563492019698e-01
3.317239547538325395e-01
4.199964579724673741e-01
5.315310884475528130e-01
6.061839216326414537e-01
6.734706622659264452e-01
7.322508843243888954e-01
7.166992620416646753e-01
6.972420236444633046e-01
6.125921465898336304e-01
5.897045448019961889e-01
4.887653483162637813e-01
4.487387327062092313e-01
3.349490516935263451e-01
2.767008359597339373e-01
1.648272337545235722e-01
4.423519636695284057e-02
-9.427444389124599311e-02
-2.284976297675102019e-01
-3.195739043922333211e-01
-4.297494675046722445e-01
-4.860329109997941766e-01
-5.785627150198088264e-01
-5.847033442019905491e-01
-6.564917211026451982e-01
-6.665430134416272523e-01
-7.091502282704349458e-01
-6.775668263454164286e-01
-6.276554501207168846e-01
-5.508380912870708412e-01
-4.520915175960668608e-01
-3.502979139138296949e-01
-2.099263406798489162e-01
-1.184108976528435164e-01
1.565594864640940803e-02
1.007558038340309881e-01
2.748564320950378503e-01
4.107230862350840783e-01
5.877442812036468567e-01
7.251704489381353147e-01
8.662565796508052696e-01
9.606151574812918925e-01
9.801976538823775620e-01
9.321437996586058317e-01
7.934376927017003922e-01
6.416789497470348769e-01
3.922444156164499041e-01
1.656035253187282674e-01
-1.032859541341333703e-01
-2.810130520395503484e-01
-4.356997005125325395e-01
-5.220214257343994690e-01
-5.602030358864303894e-01
-5.446167958097939410e-01
-4.874506937203938461e-01
-4.554038343072346340e-01
-4.157159823491240469e-01
-4.278194943666059347e-01
-3.997474765751714565e-01
-4.212048088571179738e-01
-3.904970375239216196e-01
-3.566908569981796506e-01
-2.445508559375036695e-01
-1.012980155002728283e-01
6.024975670591437016e-02
2.225708251998943510e-01
3.624290078389881264e-01
4.951641549127627218e-01
5.523055793297954041e-01
5.992065741373885368e-01
5.754708148947120794e-01
5.719030654642014433e-01
5.089718271927669013e-01
4.409595163239954929e-01
3.467235485678344942e-01
2.609555908662510859e-01
1.848194653441212199e-01
1.061185693112848133e-01
5.207352066311971006e-02
-2.369407464418510562e-04
-7.860530765557333793e-03
-5.057100588080467446e-02
-6.789011371328694533e-02
-1.197594575589124993e-01
-1.374472950816868766e-01
-1.669908039206923767e-01
-1.865072637957555235e-01
-1.939455230010572462e-01
-1.851807781978325185e-01
-1.579403488180529391e-01
-1.513109882154967112e-01
-1.314320049777590593e-01
-1.363719555902574154e-01
-1.045824546829899337e-01
-1.060763012389424470e-01
-8.267904616159289788e-02
-7.461425183422612517e-02
-5.005876782115322582e-02
-3.769762661577084201e-02
-4.681195280706668821e-02
-6.518757413015943691e-02
-9.560654427854686777e-02
-1.096043219889857867e-01
-1.484361352806163048e-01
-1.583143109861112063e-01
-1.868698504564619833e-01
-1.758837178961572545e-01
-1.894080269773080749e-01
-1.949791671711783303e-01
-2.065491283152645907e-01
-2.035400561485943560e-01
-1.872023623473523801e-01
-1.722256289005490437e-01
-1.379838533605525774e-01
-1.083612298201448582e-01
-4.767541598792626040e-02
-1.996286344472384885e-02
2.692642108095824952e-02
5.348460302573642550e-02
1.119432279158989879e-01
1.694919709948896069e-01
2.354073079759692877e-01
3.077905074915857075e-01
3.855033084623042949e-01
4.668495236905121915e-01
5.130506435328666681e-01
5.530449111955527686e-01
5.488998925225799796e-01
5.548088676226150540e-01
5.079335603295057622e-01
4.536492605647744480e-01
3.659059202377800135e-01
2.766990095012569761e-01
1.765683515132890069e-01
6.531156986480185500e-02
-3.417426000710587636e-02
-1.237049110915351136e-01
-1.756864724690700152e-01
-2.412996478932544209e-01
-2.793794967572995058e-01
-3.442075749748259028e-01
-3.888529560783985928e-01
-4.658662311990814375e-01
-5.425339472783383687e-01
-6.185852649749351562e-01
-6.664352724350371959e-01
-6.695621105400437756e-01
-6.353705803611074954e-01
-5.357133540244395364e-01
-4.013039135989104333e-01
-2.039851005061180944e-01
-2.342572434869921033e-02
1.692906947331364875e-01
3.133437755851515294e-01
4.367253912794601400e-01
5.034172094471757175e-01
5.215028321266427236e-01
5.079447874451344935e-01
4.676303051393665977e-01
4.307143965153327203e-01
3.733969866871986731e-01
3.449906436504964202e-01
3.065195926515246749e-01
3.068976379914600816e-01
2.804651428931448920e-01
2.618761872680667180e-01
2.149399678256015134e-01
1.601902145314084702e-01
8.449466565885799252e-02
-1.196109453241074420e-02
-1.035796935059035417e-01
-1.961751052639458259e-01
-2.542773593829702472e-01
-3.214143221112961690e-01
-3.444633334184498685e-01
-3.701918852070193444e-01
-3.526728214178523890e-01
-3.424502418786516400e-01
-3.148111680666473844e-01
-2.857535484722625307e-01
-2.514215300287208077e-01
-2.189495812738666281e-01
-2.068831146504352680e-01
-1.917369258985112956e-01
-1.974583526538339073e-01
-1.808407632361624107e-01
-1.911243935434026042e-01
-1.727363844929604708e-01
-1.635794473674851701e-01
-1.246898310531719956e-01
-9.198386905288780113e-02
-5.524056295352455098e-02
-1.962653632159664166e-02
1.555920657465816904e-02
5.537260999434401310e-02
7.451048341303220801e-02
1.070376842737597589e-01
1.182199733262993407e-01
1.541012335576207593e-01
1.617241056722188985e-01
1.842328384691971355e-01
1.956308503088912687e-01
2.262636714784330427e-01
2.563815946348654284e-01
2.899405238429179077e-01
3.287791660938929050e-01
3.638758381013904586e-01
4.043825796094898117e-01
4.086370080278552419e-01
4.115542242960169017e-01
3.745491157615086220e-01
3.412970942672706176e-01
2.725869990504851126e-01
2.035379836650717533e-01
1.221810455782318811e-01
5.196147346155250563e-02
-1.517936349113174939e-02
-8.138537246408043824e-02
-1.331727428117918388e-01
-1.866743531707847625e-01
-2.165692932708240259e-01
-2.677621584630410223e-01
-3.036060053164437722e-01
-3.602765768558325865e-01
-4.043230815323153871e-01
-4.651221622851312021e-01
-5.168605768289933344e-01
-5.607893246762999384e-01
-5.747194390726062529e-01
-5.518099022843526713e-01
-4.988304124194870015e-01
-3.953931606040513302e-01
-2.739568006987188054e-01
-1.162897962110614747e-01
2.044901089455166895e-02
1.536217097723171776e-01
2.479724901891725286e-01
3.229599811752754679e-01
3.598678926830749525e-01
3.749370692616386114e-01
3.756664803808034137e-01
3.713795633860824674e-01
3.774487456324898127e-01
3.739363935278385842e-01
3.907459370154700018e-01
3.975720957813149159e-01
4.180324301653620678e-01
4.120442534520515898e-01
3.949502818183622810e-01
3.445059244227607897e-01
2.739965277313008984e-01
1.723886108332217393e-01
4.966420639083193866e-02
-7.443385873921706808e-02
-1.944326776789893907e-01
-2.808813651028364000e-01
-3.550677109966839939e-01
-3.852992844381818993e-01
-3.979959621091604949e-01
-3.789899059544110660e-01
-3.594972876011669483e-01
-3.338757045775422871e-01
-3.143519299695777813e-01
-2.967017502986172839e-01
-2.850605406782084628e-01
-2.847952641845483690e-01
-2.771275018052034023e-01
-2.738873730242333271e-01
-2.497536494048749611e-01
-2.289016985996780718e-01
-1.869690560175496785e-01
-1.383930393827324801e-01
-7.009358873253619671e-02
-2.304492729432395994e-03
6.584169094348379936e-02
1.274999100104275696e-01
1.778997286856184301e-01
2.187794972479554512e-01
2.332991213282792353e-01
2.451589103040230921e-01
2.420324681162203673e-01
2.482773012939437918e-01
2.477139772843093557e-01
2.574381748405690784e-01
2.702552641507384723e-01
2.939998988492137921e-01
3.163899758211580204e-01
3.333833304779084128e-01
3.463302210915248924e-01
3.448225873730999536e-01
3.377063196763585018e-01
3.023386607783526969e-01
2.581737789910416581e-01
1.936554340143289421e-01
1.264179023146077552e-01
4.859914258106245999e-02
-2.491903662134777736e-02
-9.094442829900171998e-02
-1.414132515180190897e-01
-1.776180539753623999e-01
-2.097436856938225958e-01
-2.296618112877705786e-01
-2.559156652875076432e-01
-2.773534865552052531e-01
-3.156360071525514677e-01
-3.551049778900911558e-01
-4.006694725369111532e-01
-4.384085410162518182e-01
-4.697781433147611430e-01
-4.842942989415930377e-01
-4.742106810987622434e-01
-4.372449171158722669e-01
-3.671295265048211132e-01
-2.808887883345712599e-01
-1.689240143527506177e-01
-5.597836591824518343e-02
6.023137535671788112e-02
1.543173749398663031e-01
2.281895420591974477e-01
2.767471194294205961e-01
3.064308731125237606e-01
3.204637138380834194e-01
3.247513063244044651e-01
3.357587846238700435e-01
3.498007589751644386e-01
3.794364879173504623e-01
4.041390572216833066e-01
4.345525948285818285e-01
4.508134537921777985e-01
4.536985885483869607e-01
4.262458084882315146e-01
3.701351208049912800e-01
2.862801481026114314e-01
1.798470154054002679e-01
6.211759268724545424e-02
-6.467011675211600807e-02
-1.730888447057663815e-01
-2.661182614212436182e-01
-3.244757534878189853e-01
-3.625827959247941989e-01
-3.713281903743038126e-01
-3.642704232710451406e-01
-3.461959422774478212e-01
-3.308317901130684024e-01
-3.240831774941358434e-01
-3.229049977882669786e-01
-3.313824878388722528e-01
-3.363260821999625727e-01
-3.453663709999147957e-01
-3.345154212465878407e-01
-3.123372591948599397e-01
-2.642328468542619602e-01
-2.035731967723119207e-01
-1.262625917833952449e-01
-4.069513884194944642e-02
4.800651786446213237e-02
1.306033011687487977e-01
1.960987068315053206e-01
2.498751451885023456e-01
2.798128458272957086e-01
2.996643133794457681e-01
2.965962235255941160e-01
2.929514067907029173e-01
2.844687842461087746e-01
2.854989857262787978e-01
2.901846823016289156e-01
3.031123639705416428e-01
3.211414537589279417e-01
3.381129150140723127e-01
3.498163940944144512e-01
3.413371367962996783e-01
3.226786461462017308e-01
2.794004588422266400e-01
2.267394169158798156e-01
1.529696985207743276e-01
7.697651417796952389e-02
-2.367770454702614481e-03
-7.362977660334582564e-02
-1.371105272444009260e-01
-1.879125126359438291e-01
-2.219951208938000520e-01
-2.460759105694458326e-01
-2.566811067519697009e-01
-2.722299701047592446e-01
-2.824823156183943751e-01
-3.048898987602002286e-01
-3.284588807591150017e-01
-3.636387246849135946e-01
-3.960241053070392980e-01
-4.232286630945430450e-01
-4.336079054562923529e-01
-4.240086478890008337e-01
-3.919509176016144347e-01
-3.302284167440748264e-01
-2.510438603617097808e-01
-1.514169815354215187e-01
-5.437917703839581507e-02
4.531839373533524951e-02
1.287720913583359772e-01
1.994612098647933762e-01
2.461928056991037062e-01
2.771361922866203975e-01
2.947147450509080002e-01
3.057885459024853869e-01
3.179983851349357238e-01
3.297865921350001672e-01
3.551497052063213866e-01
3.817965510447174360e-01
4.160991396959196065e-01
4.375715150270842457e-01
4.495598944047267675e-01
4.358253065120800129e-01
3.978681660663798692e-01
3.270814934684491693e-01
2.318219836944991341e-01
1.211704130644469107e-01
4.030096333919475776e-03
-1.029930082243034062e-01
-1.995529492527916005e-01
-2.666059926221651666e-01
-3.131931121767465576e-01
-3.324033780197386823e-01
-3.407029578985223961e-01
-3.365586428108365280e-01
-3.322399861507269181e-01
-3.294812100382189524e-01
-3.356441424328114320e-01
-3.500661680920319485e-01
-3.644331899662514029e-01
-3.786833327381751713e-01
-3.779121325967519929e-01
-3.662302943120281928e-01
-3.272267170235869660e-01
-2.682480796348954422e-01
-1.839738100449937186e-01
-9.041949355187001158e-02
1.043244143145507889e-02
1.051339068594936144e-01
1.871606362035833082e-01
2.498282884865250242e-01
2.874435325801798502e-01
3.097249474401512770e-01
3.133217183923510119e-01
3.129236185505813173e-01
3.049841827708271169e-01
3.047416955446624054e-01
3.079951343365324723e-01
3.214118901829123298e-01
3.353891360882101380e-01
3.498295066565715317e-01
3.581600637468171922e-01
3.532528671214414384e-01
3.324806254533684280e-01
2.874875307988756790e-01
2.270539253448640438e-01
1.479877328921927193e-01
6.379026141465726774e-02
-2.556500566514068734e-02
-1.042176742430385022e-01
-1.711140683992231071e-01
-2.188823998176648855e-01
-2.510802413805048316e-01
-2.699847227163313379e-01
-2.775463441491531902e-01
-2.842169448377146468e-01
-2.901440390695297911e-01
-3.060484433817630134e-01
-3.252292072753277807e-01
-3.512819579032508410e-01
-3.753008558316321408e-01
-3.970661473346795978e-01
-4.047026587471510006e-01
-3.947388023393212375e-01
-3.617142488488663821e-01
-3.054386567045244139e-01
-2.306423120332830867e-01
-1.385069380929491722e-01
-4.203971360965048226e-02
5.298621200247731478e-02
1.330568175309519707e-01
1.983010088837685037e-01
2.427566359647106986e-01
2.714430599845189529e-01
2.856375365076606054e-01
2.946136167170191333e-01
3.041436005001752485e-01
3.183295741260894762e-01
3.409085623714338542e-01
3.662158032035734423e-01
3.961239773634226413e-01
4.193052915216887722e-01
4.322285715950315854e-01
4.229082725827999489e-01
3.907570380883167993e-01
3.317491041210370306e-01
2.497808668255600550e-01
1.488816515875058810e-01
3.893297907182036166e-02
-6.622478964949210511e-02
-1.596418527644437590e-01
-2.308526578973702503e-01
-2.818611864996724559e-01
-3.084109349306357606e-01
-3.194889538453961064e-01
-3.199025973346336649e-01
-3.206047412422831644e-01
-3.246973313627813384e-01
-3.359853538663398753e-01
-3.538079938985518313e-01
-3.746751467837071692e-01
-3.942582079011465734e-01
-4.010577571095402805e-01
-3.922331124134437186e-01
-3.594112264239575083e-01
-3.048117841661815985e-01
-2.262123649808567283e-01
-1.317533791455906822e-01
-2.814459863329205405e-02
7.235553026024930945e-02
1.615114232951526951e-01
2.327627091055830821e-01
2.805282573339567542e-01
3.080409297563700965e-01
3.157811745829049999e-01
3.157451034995172323e-01
3.108372229819248989e-01
3.108620927926956656e-01
3.155396468719073311e-01
3.290108789739110140e-01
3.470023870251652820e-01
3.648101531397662245e-01
3.745693193769976670e-01
3.695785859173918997e-01
3.477773997096034742e-01
3.031736778404783839e-01
2.395727174644704249e-01
1.569187208689485358e-01
6.675222396055618956e-02
-2.595051309255325470e-02
-1.107580306682539595e-01
-1.831530443545136833e-01
-2.362017134117034289e-01
-2.697333438809650930e-01
-2.872663645483906070e-01
-2.928361909231121385e-01
-2.955305646251736862e-01
-2.973313065902111751e-01
-3.072234446177447564e-01
-3.227896980787683945e-01
-3.464911458183385085e-01
-3.697543142590243304e-01
-3.882574733348538865e-01
-3.937567544603689518e-01
-3.824207506793173561e-01
-3.491685661850746358e-01
-2.922487419456788471e-01
-2.171094744014377131e-01
-1.268972599616322861e-01
-3.380592576924035947e-02
5.895722998813683613e-02
1.391167473640736174e-01
2.037918134207764576e-01
2.474549420327962490e-01
2.747300763435581161e-01
2.884732179975475486e-01
2.949538959970189334e-01
3.011497768796361219e-01
3.106641327931143892e-01
3.294281460974983200e-01
3.533326202250500758e-01
3.818334757617496411e-01
4.039253236272661862e-01
4.176900238339667504e-01
4.115722707945375647e-01
3.832470803235151768e-01
3.281420704660745757e-01
2.510712031316614246e-01
1.571507981420906808e-01
5.422487175932848291e-02
-4.647550565235134684e-02
-1.380447424830306968e-01
-2.094569652510746283e-01
-2.614387442767089342e-01
-2.914450484726747725e-01
-3.072064630607779789e-01
-3.113172421348088248e-01
-3.133673391838038835e-01
-3.179277415473364399e-01
-3.303609415192773069e-01
-3.499868406387158792e-01
-3.728686841571594024e-01
-3.949202321710454933e-01
-4.067251576789361889e-01
-4.039273858548841911e-01
-3.765579071482059170e-01
-3.258781227307334105e-01
-2.501187118799974018e-01
-1.581298345511149561e-01
-5.519251283711793660e-02
4.657948068642270290e-02
1.388375547791662057e-01
2.133037024067292731e-01
2.655653980193184438e-01
2.985964213001143785e-01
3.122095891333309114e-01
3.157991156282960454e-01
3.129956838319620238e-01
3.142254809170809127e-01
3.201062766724958597e-01
3.345642836859020197e-01
3.530455137687879552e-01
3.728631058183664582e-01
3.860091135958625408e-01
3.853291336841550008e-01
3.654622777338939477e-01
3.220799767984993123e-01
2.577044110067144289e-01
1.736171127664855596e-01
7.967724272984738620e-02
-1.816189334207454417e-02
-1.072677399679596855e-01
-1.831415043677319665e-01
-2.388481180871780685e-01
-2.755832315599207605e-01
-2.944108933506410231e-01
-3.007271936053677042e-01
-3.019906362694498303e-01
-3.030500385107884331e-01
-3.107691251234738217e-01
-3.240609429912901795e-01
-3.446393040390589579e-01
-3.659843868702679082e-01
-3.845637269450054574e-01
-3.905269381436234366e-01
-3.798337539419266440e-01
-3.466799789522488906e-01
-2.911611639091401527e-01
-2.158151675908540623e-01
-1.250111420841907572e-01
-2.926870313555579931e-02
6.399205413019606881e-02
1.442483663119334958e-01
2.088623431940097031e-01
2.530292421103951805e-01
2.799531924405965766e-01
2.919977234418880685e-01
2.976017780096072429e-01
3.018160222074532384e-01
3.102261630843463625e-01
3.255720453113968849e-01
3.467986293568117717e-01
3.723204548036376238e-01
3.942489719936327353e-01
4.072550920174135003e-01
4.025345418359777550e-01
3.771291902795655404e-01
3.262559619240930076e-01
2.534861770615385312e-01
1.622909936597330405e-01
6.232978548348563907e-02
-3.692576317517724110e-02
-1.265046965750937780e-01
-1.989691942517905487e-01
-2.514906736279677868e-01
-2.829491564520762448e-01
-2.989272010502569410e-01
-3.044616743113141011e-01
-3.078267914718390008e-01
-3.132046164386197984e-01
-3.257015853163869323e-01
-3.448558752729531940e-01
-3.686561482813986990e-01
-3.914735259289413016e-01
-4.054866684194694537e-01
-4.047136939011465873e-01
-3.822418012959349354e-01
-3.363003415820781661e-01
-2.655287026982955378e-01
-1.762962186008877330e-01
-7.519204303513792043e-02
2.661655242746434336e-02
1.204286990936123819e-01
1.979677621226336448e-01
2.544236449456969695e-01
2.894834272880351111e-01
3.058737724656849233e-01
3.113912440082016175e-01
3.112497001368570437e-01
3.132246234703606746e-01
3.204649068989908756e-01
3.356669349350788756e-01
3.558606550584259010e-01
3.772224088613275184e-01
3.919967839724575742e-01
3.936398615817591762e-01
3.767851959015008911e-01
3.364843526910019089e-01
2.735800883717722232e-01
1.904024762528291337e-01
9.528996831145813973e-02
-4.115130864279856714e-03
-9.732455691117634922e-02
-1.770792301665047308e-01
-2.368283856310123558e-01
-2.762393810298483521e-01
-2.967605060301320985e-01
-3.041268892364907828e-01
-3.052324342331266815e-01
-3.058226046363567985e-01
-3.121796005950066011e-01
-3.254188631147881816e-01
-3.455229128887828960e-01
-3.672547151888875816e-01
-3.852754280151915456e-01
-3.924492525570022483e-01
-3.826437259627437082e-01
-3.508369355098555631e-01
-2.961903567807989690e-01
-2.208781289918409496e-01
-1.306960722857991308e-01
-3.399340751814121375e-02
6.073877109085119158e-02
1.437709438735801371e-01
2.099918217966190714e-01
2.556289644423417329e-01
2.832162382734075279e-01
2.956415411845739749e-01
2.998329465972527919e-01
3.020220931814663889e-01
3.083011911066935729e-01
3.220616354509199808e-01
3.423177333123964550e-01
3.666908939989302896e-01
3.881388828271936653e-01
4.011944281324789086e-01
3.977570261397674889e-01
3.733545175969482655e-01
3.247804043318773259e-01
2.542645854036557629e-01
1.660869191927710486e-01
6.806119867953606961e-02
-3.031493807669667639e-02
-1.200842420551105072e-01
-1.931078628548038023e-01
-2.467636259255343578e-01
-2.799369893596132530e-01
-2.969509338393863107e-01
-3.028880954364323586e-01
-3.051561578356979942e-01
-3.098413809929534968e-01
-3.215362793016089960e-01
-3.399387635009545883e-01
-3.634961307699980382e-01
-3.867580384338307753e-01
-4.025443946538037054e-01
-4.040296769384134068e-01
-3.843710543763411702e-01
-3.410130372532403920e-01
-2.741018335739113243e-01
-1.878390477577898399e-01
-8.912225797967847363e-02
1.188165548356394895e-02
1.058687692722256879e-01
1.848350168764519852e-01
2.435365837354903640e-01
2.818107768515734635e-01
3.008873308777905708e-01
3.079808086532572764e-01
3.087572326615767304e-01
3.112792513097781266e-01
3.188677770964083447e-01
3.339730756374619247e-01
3.544781189128791699e-01
3.771264258764329136e-01
3.942787253473627462e-01
3.988189331140031824e-01
3.844306453472713936e-01
3.468335448521863151e-01
2.862638901722914797e-01
2.045388572844459019e-01
1.094414318635975464e-01
9.166632994770643542e-03
-8.564602342614811847e-02
-1.677402761660696517e-01
-2.306716304463664047e-01
-2.729961085299499324e-01
-2.962591664411104442e-01
-3.051804526924565830e-01
-3.068796735097615858e-01
-3.076934973135175833e-01
-3.133475307989833647e-01
-3.256855068662228292e-01
-3.452089200438143712e-01
-3.672899456134670060e-01
-3.866028678830953358e-01
-3.952724895807823713e-01
-3.871232303862588431e-01
-3.572788134952978867e-01
-3.040128700076737411e-01
-2.293378419573430804e-01
-1.389657441378033542e-01
-4.113441494466419518e-02
5.472160929556373066e-02
1.398291680236040391e-01
2.083528022263292645e-01
2.559162923615156404e-01
2.848165561068290996e-01
2.979796469144821436e-01
3.020671051792218065e-01
3.038701383339798556e-01
3.091189421023893824e-01
3.208661498945601376e-01
3.395640382648189570e-01
3.628222688160654963e-01
3.843402008895498434e-01
3.978971573579840881e-01
3.957455452468537360e-01
3.733247648246317274e-01
3.269625311319230287e-01
2.583791569336038041e-01
1.711740202734984284e-01
7.421416296521197997e-02
-2.386794922010391021e-02
-1.138208626736900569e-01
-1.882239535833963029e-01
-2.430084367200630868e-01
-2.772815346922228863e-01
-2.953505097212769659e-01
-3.019362541710960968e-01
-3.044907038929031695e-01
-3.084750470914582321e-01
-3.189827441967559851e-01
-3.363260552689594229e-01
-3.592882489164804793e-01
-3.824352528578920940e-01
-3.990587178192581685e-01
-4.020764248708194599e-01
-3.853463478511022777e-01
-3.453349348473682690e-01
-2.811247975278696187e-01
-1.973504233466300550e-01
-1.003927058000526479e-01
-1.786819408913148442e-04
9.450045166379947292e-02
1.745617000277257247e-01
2.352427903141217913e-01
2.750959250643830734e-01
2.964559247554798271e-01
3.049491931426904223e-01
3.068135716592204076e-01
3.091997267731644294e-01
3.166119514257494383e-01
3.317055058900461040e-01
3.525308214111860239e-01
3.755020387414023109e-01
3.937360848550395809e-01
4.004680972553566476e-01
3.890929857413290005e-01
3.546725131136094777e-01
2.966086546927452772e-01
2.171578182269939539e-01
1.231818209607390691e-01
2.292894246684347437e-02
-7.339166829705420780e-02
-1.578700562341315838e-01
-2.232481679724021006e-01
-2.680620092089459616e-01
-2.932419491527218924e-01
-3.038476097920171926e-01
-3.060869404046360764e-01
-3.071856619461366122e-01
-3.125222293979594834e-01
-3.246972395420330559e-01
-3.439819823976121849e-01
-3.661387191426285215e-01
-3.861357526974863452e-01
-3.962066015930632568e-01
-3.902151689470158558e-01
-3.623672933194666546e-01
-3.112746761575622689e-01
-2.382124547276762705e-01
-1.486606095324640719e-01
-5.056968521364927499e-02
4.680063570409675328e-02
1.341039236903815157e-01
2.045238162236643897e-01
2.546500226800916811e-01
2.850168691454823544e-01
2.990611743989876614e-01
3.035694727183271824e-01
3.048615303277144029e-01
3.090970077399799454e-01
3.199832086951261423e-01
3.379521979012967137e-01
3.605164618291048506e-01
3.821350409333365006e-01
3.964382901870981968e-01
3.959483797542554528e-01
3.752747982293935247e-01
3.308373698384499129e-01
2.641044590055293684e-01
1.786320610179054358e-01
8.204869679603941923e-02
-1.655151974104410867e-02
-1.077369721582169676e-01
-1.836275883936618891e-01
-2.401633229380502055e-01
-2.763527338543937950e-01
-2.951961456818528173e-01
-3.020981881868615715e-01
-3.042349899099394683e-01
-3.076443966244292727e-01
-3.170619134067733103e-01
-3.335942522158799051e-01
-3.558961870559034235e-01
-3.789946150236859213e-01
-3.963687388281402213e-01
-4.010993337324621488e-01
-3.862760767376273163e-01
-3.486693968106546193e-01
-2.872710678222771818e-01
-2.056295161332145904e-01
-1.100903505349052902e-01
-1.021874167054710909e-02
8.477879574868975310e-02
1.663875801035575863e-01
2.290374310057309293e-01
2.706684578803170704e-01
2.936586465052805073e-01
3.031456685853400890e-01
3.055279416697480044e-01
3.076969671131398743e-01
3.147784708716396262e-01
3.292394393403707542e-01
3.499404260538485634e-01
3.733448966781322542e-01
3.925874180693024740e-01
4.008398258261986480e-01
3.915120934764523275e-01
3.598597943677705469e-01
3.044714117606557857e-01
2.273593223589197299e-01
1.343588883393610212e-01
3.444911305569881010e-02
-6.272619943982032931e-02
-1.486582796254930228e-01
-2.166710270713071151e-01
-2.639273125859336044e-01
-2.911251671268748620e-01
-3.031570743914874244e-01
-3.063745537607646674e-01
-3.075254228850236027e-01
-3.123994912829947679e-01
-3.241384383290528137e-01
-3.430954764293688841e-01
-3.657365463169977016e-01
-3.864970517904342540e-01
-3.981806212372508980e-01
-3.941929179055407850e-01
-3.689122520745944378e-01
-3.200290452258635621e-01
-2.487318400047221489e-01
-1.598562520097604744e-01
-6.167125639567667961e-02
3.654077018017198170e-02
1.255614599233177142e-01
1.983604148056250793e-01
2.508415517512123105e-01
2.833798257413275845e-01
2.988853074446236602e-01
3.040386205564427069e-01
3.050526246429312582e-01
3.087061518144884054e-01
3.185668407197247420e-01
3.358776867519333575e-01
3.581931042425041123e-01
3.800930954428416442e-01
3.954489609987900667e-01
3.965827947228702244e-01
3.778657719088963640e-01
3.358611869915586468e-01
2.709125797433490357e-01
1.864460142707271562e-01
9.032033492813126840e-02
-8.428271573242997541e-03
-1.008882982483506746e-01
-1.786792076922828210e-01
-2.370860289522057351e-01
-2.749677758800859739e-01
-2.952100724929646036e-01
-3.029574737125463879e-01
-3.049999010571255442e-01
-3.078167728795613289e-01
-3.160720635341887075e-01
-3.316461675925540531e-01
-3.532655273913953287e-01
-3.764013456409500136e-01
-3.947407572261798503e-01
-4.007182310169836170e-01
-3.880109676144098407e-01
-3.526927969922239448e-01
-2.935967959736577315e-01
-2.139231862254649119e-01
-1.197728881970185760e-01
-2.019053245206386613e-02
7.550269912417230389e-02
1.583459359252384069e-01
2.227015940603774280e-01
2.665475391858833087e-01
2.913047686174645712e-01
3.020084207506914531e-01
3.049122916282385742e-01
3.069220691250542088e-01
3.133172413342140139e-01
3.268551804162684871e-01
3.470228204891909751e-01
3.701301138624694675e-01
3.903874918451996079e-01
4.002349395686317646e-01
3.931976052605313798e-01
3.641103529777846570e-01
3.111844020061745875e-01
2.361309572917058563e-01
1.448893734209081852e-01
4.549803130070904228e-02
-5.238558827688082065e-02
-1.396773584864906270e-01
-2.096147672711057564e-01
-2.590197501922365531e-01
-2.882006775369719276e-01
-3.019749360682285610e-01
-3.059782602898359904e-01
-3.071681774240264673e-01
-3.116739311583626160e-01
-3.228523178388619241e-01
-3.414186755546024798e-01
-3.636570544290484985e-01
-3.851872619827980682e-01
-3.982860060400498781e-01
-3.963753438984107813e-01
-3.733781447610478033e-01
-3.269481581737893605e-01
-2.578882074031325633e-01
-1.705592832877569354e-01
-7.275023611869381457e-02
2.647271875834797047e-02
1.168848806397769641e-01
1.917800279169716848e-01
2.465935253562124008e-01
2.809829177401905187e-01
2.982870923982622879e-01
3.039804538351250085e-01
3.053747631335037571e-01
3.086470347405795844e-01
3.177989445305790528e-01
3.343531733932021410e-01
3.561994399954584445e-01
3.783997977631101128e-01
3.944529484751116977e-01
3.974364232382985862e-01
3.809894765032142416e-01
3.411299468694484749e-01
2.783642319255343889e-01
1.955070179551383347e-01
1.001632719425392115e-01
8.376866934968132819e-04
-9.263612909837122544e-02
-1.723472213910771655e-01
-2.329776314397468129e-01
-2.726226671873212548e-01
-2.942854049166765962e-01
-3.026762069245119702e-01
-3.049621886608798182e-01
-3.070642828589553730e-01
-3.145219560715430407e-01
-3.291109231466790019e-01
-3.499708098722257299e-01
-3.730615743933656248e-01
-3.919264657239417970e-01
-3.994172091729626395e-01
-3.889183035491841633e-01
-3.556838724381687911e-01
-2.991372669421610841e-01
-2.213941890153333925e-01
-1.282970899626974803e-01
-2.925779017006696278e-02
6.703992558984847583e-02
1.514314507722487879e-01
2.178602717650808263e-01
2.634418471491059566e-01
2.897645830887168872e-01
3.014239571267515183e-01
3.047116789566096662e-01
3.066061101320620152e-01
3.124798503359002000e-01
3.253740148198149829e-01
3.447803825532972932e-01
3.679524762327313625e-01
3.887757833588336154e-01
4.001020059652236061e-01
3.950153304960007383e-01
3.683503693654968658e-01
3.178278065998526025e-01
2.449907251600043079e-01
1.552015785004058623e-01
5.628566861217132455e-02
-4.204630508306927972e-02
-1.306395369786002847e-01
-2.024200382610006066e-01
-2.538658989232622232e-01
-2.851782480757229510e-01
-3.001287127855834513e-01
-3.048504020973573647e-01
-3.062788723120398182e-01
-3.105906773696918699e-01
-3.212699820533040929e-01
-3.392360964733827089e-01
-3.617352885934156936e-01
-3.837025514469768472e-01
-3.978844476545201347e-01
-3.978094688871233742e-01
-3.773210024932062145e-01
-3.335070134675769959e-01
-2.664975763943865927e-01
-1.807134231120436640e-01
-8.320446828642608095e-02
1.599715339091733329e-02
1.078293785053689585e-01
1.846676887599307815e-01
2.416568932619749255e-01
2.783135468554964187e-01
2.971498605435368701e-01
3.039566124310016382e-01
3.053306421074002963e-01
3.081264429756723766e-01
3.166705856657438534e-01
3.323773841598848255e-01
3.538646661986755704e-01
3.766836301371784268e-01
3.938696243397263319e-01
3.982003257083451819e-01
3.840391603946260446e-01
3.466190998063016226e-01
2.861668531903187040e-01
2.048924571579774090e-01
1.103724541306294882e-01
1.089500896859845434e-02
-8.385776706314365669e-02
-1.652444627075091987e-01
-2.279070713437808815e-01
-2.698848110597861782e-01
-2.932039060817275833e-01
-3.027074146376087516e-01
-3.051292425107083317e-01
-3.070724458955453873e-01
-3.138657424711035482e-01
-3.275295174418444977e-01
-3.478758426058964348e-01
-3.710051702973916621e-01
-3.905684390131427541e-01
-3.994374295461139424e-01
-3.908323887424716148e-01
-3.601475157881892653e-01
-3.057849321245096896e-01
-2.299160363441390964e-01
-1.381686238416838242e-01
-3.900215126810709781e-02
5.809101607719314997e-02
1.438905792786937810e-01
2.122737751312922527e-01
2.600081617335726625e-01
2.881287214714942646e-01
3.011100896275873962e-01
3.048088277335234131e-01
3.064165155455303990e-01
3.115528708400837066e-01
3.235393829945529820e-01
3.427417033377179179e-01
3.656544344772825195e-01
3.869586213123844542e-01
3.994363193680366408e-01
3.961647257210439421e-01
3.718474188546180281e-01
3.238922520573201402e-01
2.533083094110534783e-01
1.650224410788467821e-01
6.671656373131465423e-02
-3.199472038947560187e-02
-1.217452043213801821e-01
-1.953036685949072482e-01
-2.489942574535596587e-01
-2.823270210175939376e-01
-2.987449771932834119e-01
-3.042548715656509528e-01
-3.056883893512315487e-01
-3.093620014887548120e-01
-3.192318980282591312e-01
-3.361377159762502509e-01
-3.583579423243131723e-01
-3.807281674473929622e-01
-3.964231920339800208e-01
-3.980320360865883811e-01
-3.798388702747020895e-01
-3.385416628497586178e-01
-2.739641185207977725e-01
-1.896930941522639025e-01
-9.312276654505900753e-02
6.183382086675313048e-03
9.920318756061194398e-02
1.779392507991978400e-01
2.370905198589080554e-01
2.756785545390302294e-01
2.961067905514476739e-01
3.038741727101197387e-01
3.054222407869292000e-01
3.078776219273443582e-01
3.157227599624232162e-01
3.309343207273370280e-01
3.521597057644708095e-01
3.751095939081062203e-01
3.931649551892086869e-01
3.992997694112818130e-01
3.871494364589294079e-01
3.523119485264352146e-01
2.938676302074320068e-01
2.145122910611077516e-01
1.207293008386265548e-01
2.117475465154848233e-02
-7.433225550062748377e-02
-1.573560897044821161e-01
-2.223783872455065702e-01
-2.664607814340064218e-01
-2.913663448879993401e-01
-3.020490050675363469e-01
-3.047646210809490941e-01
-3.065593315821774634e-01
-3.127402690493796267e-01
-3.259876031006741504e-01
-3.458453048527898588e-01
-3.687649680211791958e-01
-3.889266692977255691e-01
-3.990312711980958382e-01
-3.927264379077466949e-01
-3.643806387693646065e-01
-3.122961088098369364e-01
-2.383150106043144256e-01
-1.477131814548660604e-01
-4.881724346830854100e-02
4.871408769907923514e-02
1.361139391101781893e-01
2.064573031490311017e-01
2.563127663196914097e-01
2.863338414697339518e-01
3.002700917947095371e-01
3.046287511291527195e-01
3.059832392525004829e-01
3.105357299451791953e-01
3.217716210169354607e-01
3.401416592436436459e-01
3.630407712625627892e-01
3.846965677233153413e-01
3.984258646913635959e-01
3.971160833246358823e-01
3.751985642214439309e-01
3.297149103523964175e-01
2.613794789469044977e-01
1.745405895810483998e-01
7.695673842616854166e-02
-2.209488974345805504e-02
-1.132553523099673332e-01
-1.887208694276591714e-01
-2.442430672001977832e-01
-2.797209487588959709e-01
-2.976343960963980795e-01
-3.037847873216167338e-01
-3.055069901871407256e-01
-3.087223159232307945e-01
-3.178755203084286385e-01
-3.343660914782962679e-01
-3.562730972025371368e-01
-3.790399442907406713e-01
-3.957476184203344016e-01
-3.992904914747555933e-01
-3.833581364877883813e-01
-3.443190579294337361e-01
-2.818871614017691707e-01
-1.996858265263667942e-01
-1.040845549396820918e-01
-4.304056677775678144e-03
8.979767157093199170e-02
1.702811832247247970e-01
2.313339155426841487e-01
2.720478184619229967e-01
2.941938054199346175e-01
3.027396263723464154e-01
3.051129592451587436e-01
3.072111903645014519e-01
3.142911876222855283e-01
3.287918047569224345e-01
3.494747028917236098e-01
3.725620035863044244e-01
3.915575454198939598e-01
3.991623582541224957e-01
3.891556105381160369e-01
3.565725907108452386e-01
3.005751892021819027e-01
2.231702508256354633e-01
1.303193313672506848e-01
3.110729883985160343e-02
-6.558930517692553031e-02
-1.502341367841661390e-01
-2.171362054970436273e-01
-2.632112000118093653e-01
-2.900569514975789853e-01
-3.019188436075598281e-01
-3.050369585128385741e-01
-3.067400100369678806e-01
-3.119574122668897220e-01
-3.244099614033532641e-01
-3.436937724593025489e-01
-3.663639945929774155e-01
-3.872059518394349587e-01
-3.987663345288954830e-01
-3.938913583410574293e-01
-3.679581191419161734e-01
-3.181256821795299117e-01
-2.462770985659672174e-01
-1.569647126818487504e-01
-5.853607928363536994e-02
3.952347416371366357e-02
1.282994002762281871e-01
2.003133328689248038e-01
2.522792845817072860e-01
2.841677305799745756e-01
2.994355485081330315e-01
3.042978999425885456e-01
3.056975289834129028e-01
3.096873336310678182e-01
3.200936837653698963e-01
3.376195314065417730e-01
3.601343762642149060e-01
3.822810144289506273e-01
3.971886172633690149e-01
3.977043827590177605e-01
3.780277554184894861e-01
3.348914105331103896e-01
2.686626102014395001e-01
1.832800324572507189e-01
8.643873337033797233e-02
-1.283660748420133689e-02
-1.051984588625285016e-01
-1.825001336641020877e-01
-2.402308606514874378e-01
-2.775476261210158557e-01
-2.970185235535105495e-01
-3.040536063284382529e-01
-3.058262523264273502e-01
-3.084984223920738122e-01
-3.170873333231550295e-01
-3.327697548395308624e-01
-3.544657182822737451e-01
-3.772319485503169978e-01
-3.949590969434828014e-01
-3.999688513316801419e-01
-3.861595095309643400e-01
-3.495648556830542875e-01
-2.894522119959555551e-01
-2.091073987778404031e-01
-1.142648440484452937e-01
-1.453471798874429038e-02
8.045450078158343510e-02
1.623872386311193683e-01
2.258461536849216966e-01
2.687260398274512463e-01
2.927313909316107132e-01
3.025885536191736391e-01
3.050947379334286724e-01
3.069507202241227861e-01
3.135399761048466294e-01
3.272868645677083910e-01
3.475786280053887456e-01
3.706138704523568861e-01
3.903020707497046327e-01
3.995346227987457421e-01
3.915022726336704340e-01
3.614310852677763419e-01
3.075827004780352092e-01
2.320462798869660503e-01
1.405280816284779355e-01
4.128622181205356123e-02
-5.600276350174094447e-02
-1.423656166458165673e-01
-2.110370961902589271e-01
-2.593784623470758999e-01
-2.880102048798364733e-01
-3.010812094134190375e-01
-3.049206429598677603e-01
-3.065281088255646380e-01
-3.112396305836629407e-01
-3.230898384789400168e-01
-3.418387870834406761e-01
