0.000000000000000000e+00
-9.445595072739762510e-02
-2.274846867936871075e-01
-4.223894516929475040e-01
-6.277245223564600352e-01
-9.693631797768870184e-01
-1.387632598268491835e+00
-2.099208361272857815e+00
-2.955714726110056922e+00
-4.045890137606956927e+00
-5.087455097660837922e+00
-5.998238984211525349e+00
-6.171389816293238795e+00
-5.381647037383740617e+00
-3.438668751742239404e+00
-1.106412834619089347e+00
7.417120688857741229e-01
1.582841574472166446e+00
1.417483650586233379e+00
6.942283493661575156e-01
-2.519635174582879333e-01
-9.175052297282457747e-01
-1.095614224248977475e+00
-3.912598666788590918e-01
9.190383988635191237e-01
2.278253282819201697e+00
1.822741612783337795e+00
-1.833210497233568992e+00
-7.519062668259164361e+00
-1.169427714327029832e+01
-1.233106709147637758e+01
-1.024308960954820691e+01
-6.590902397759964337e+00
-2.524684510968508544e+00
1.293501566418050697e+00
4.130689850835516985e+00
5.955616131182377870e+00
6.964337569696955832e+00
7.829907186903603211e+00
9.022830742469560406e+00
1.011000389381742792e+01
9.747382952665159195e+00
6.470936845677491611e+00
1.670129143529691440e+00
-2.079223547058575150e+00
-3.379965423669175628e+00
-2.787593977745153939e+00
-1.224203236892225766e+00
6.583547839123790046e-01
2.333659630414164354e+00
3.380788904129721661e+00
3.393359495703385686e+00
2.449995431978237104e+00
5.479162433899641416e-01
-1.754452395094428629e+00
-3.882174818934723159e+00
-4.832420257500673166e+00
-4.197122752527339351e+00
-1.874119229201329562e+00
9.461791119471665290e-01
2.988751192280627578e+00
3.387655718336402444e+00
2.307385786877256262e+00
4.694697591558412708e-01
-1.348280940237477354e+00
-2.487002516749623027e+00
-2.813168124507277934e+00
-2.241326211247960831e+00
-1.156404064341661764e+00
2.643229763149065326e-01
1.532719397206253609e+00
2.468777682592345979e+00
2.270227496766096031e+00
4.100640995526618759e-01
-3.086785277544048522e+00
-6.533834033841383615e+00
-8.248110364987198295e+00
-8.240011760068165714e+00
-7.341218079552688458e+00
-6.246960704989422020e+00
-4.797556348356730282e+00
-2.943896672962790895e+00
-4.194831355290272734e-01
2.472425073037729071e+00
5.477158704216687823e+00
8.055046418057006719e+00
9.735834849610723651e+00
9.939726050839107430e+00
8.025337432510283975e+00
4.430192200886859055e+00
7.220250193155228757e-01
-1.232695547718589690e+00
-1.390115989567337618e+00
-5.513090797980501057e-01
4.124081545772804724e-01
1.219820916148615320e+00
1.816245202587907448e+00
2.228035997207832075e+00
2.523752263194446677e+00
2.602682550988492327e+00
2.529207532202356390e+00
2.175271882966945736e+00
1.616761035977423822e+00
7.283113217661092431e-01
-3.192914430943452064e-01
-1.582098852596433014e+00
-2.755463963416298068e+00
-3.833961529834346571e+00
-4.501177291077989473e+00
-4.688672988264308117e+00
-4.151600369599976581e+00
-3.068662781189054112e+00
-1.717649143876252227e+00
-6.238801141997368793e-01
-8.487664627548602292e-02
-7.447080462173344406e-02
-4.914352567500826496e-01
-9.757270795961834331e-01
-1.382907175293161650e+00
-1.354897938755126541e+00
-8.230453935350487971e-01
3.498288643994842406e-01
1.612553630733938759e+00
1.892941070565445472e+00
-5.174499637176029898e-01
-5.370381851220748182e+00
-9.697316160021117071e+00
-1.102455565610997112e+01
-9.440566619957373007e+00
-6.366024135157213770e+00
-2.611731409906613788e+00
1.071027871522539199e+00
4.216681621902935717e+00
6.429357442088952546e+00
7.808749639426108224e+00
8.756991419323439274e+00
9.722005369882865011e+00
1.068658396453832715e+01
1.063638475245104331e+01
8.240882376458618097e+00
3.473330620790666678e+00
-1.182491939709452211e+00
-3.730546635896773378e+00
-4.019703281794192229e+00
-3.020061609744850273e+00
-1.563827484130223766e+00
-1.041869494691147480e-01
9.667841274762927206e-01
1.379370882194687731e+00
9.136929724449968093e-01
-3.202212400322365093e-01
-2.093114437627926261e+00
-3.650697932422620529e+00
-4.241350342512856031e+00
-3.244564328515409990e+00
-9.598015485815671877e-01
1.668033626041278694e+00
3.356972349991268700e+00
3.541666699700230403e+00
2.367764147359725957e+00
4.215388487527405026e-01
-1.554469946898027199e+00
-2.946598364896476419e+00
-3.293114041661513003e+00
-2.451142023703931194e+00
-3.613216345491050419e-01
2.453469505595260891e+00
4.797783372284682990e+00
4.468313270075347177e+00
-1.249093613597409558e-01
-7.214502040506932445e+00
-1.191300852577867531e+01
-1.189361848445931003e+01
-8.742265314823859157e+00
-4.828220449130792957e+00
-1.686191468882302535e+00
3.390072066169684817e-01
1.387181935367940433e+00
2.094397715687215111e+00
3.114975298243108259e+00
5.012660182602709291e+00
7.830990601834238340e+00
1.068879899650356080e+01
1.149358145296719513e+01
8.304501145868474765e+00
2.215948460881446813e+00
-2.937833028537484292e+00
-4.571002336706417424e+00
-3.314940606586517013e+00
-7.495460975693403194e-01
1.843859537370651891e+00
3.709119639911653277e+00
4.530446088649282110e+00
4.275214805090898906e+00
3.152823275597433028e+00
1.476704252958350283e+00
-2.757332117226430901e-01
-1.745111772842155462e+00
-2.642540924275710523e+00
-2.939672957875628434e+00
-2.668955632458269722e+00
-2.207752402023850369e+00
-1.876403136623089107e+00
-1.873013293359860443e+00
-2.029773045969899492e+00
-2.062755676112587810e+00
-1.713881014722352436e+00
-1.026988048227165384e+00
-2.233560754060990305e-01
4.115220473394584078e-01
5.471478444836277433e-01
1.543269382752784080e-01
-6.661873977251134837e-01
-1.563179299182656523e+00
-2.143992834965073868e+00
-1.916755130370858318e+00
-7.629448022690187292e-01
8.219462580408004593e-01
9.820092387481590412e-01
-2.105932094807402066e+00
-7.231125356197757093e+00
-1.087939863300818111e+01
-1.104443004228226144e+01
-8.286242306605343444e+00
-3.733789237265475514e+00
1.267686450017820654e+00
5.368905687388824788e+00
7.743986165277231493e+00
8.425470172343070274e+00
8.082752567420373069e+00
7.717483972712387619e+00
8.050082630071431211e+00
8.753814188356669135e+00
8.399411214617963140e+00
5.608468435886471148e+00
1.364136768715158876e+00
-2.204620495752110276e+00
-3.811809941130284596e+00
-3.566165490121023574e+00
-2.154308800012872727e+00
-9.942324591123356814e-02
2.016221628350820527e+00
3.519009675085671418e+00
3.827371255361976310e+00
2.834947822834403386e+00
5.944248292324351146e-01
-2.337212417902523764e+00
-4.826703079897158410e+00
-5.491467277634558997e+00
-3.656292923744428158e+00
2.688097419871382510e-01
4.269312286593075711e+00
6.291482773349477142e+00
5.792925679217304058e+00
3.425813082687884759e+00
5.091788882205242617e-01
-1.793900018603044710e+00
-2.923878153711711558e+00
-2.917913420191270646e+00
-2.030631879717642363e+00
-9.477192272555589048e-01
-2.587408233191086926e-01
-3.353005243159915549e-01
-1.154438182140489433e+00
-2.567562302655844064e+00
-4.053431371944211214e+00
-4.958398590214593504e+00
-4.655838830103892434e+00
-2.829150600108834457e+00
4.071483794017385360e-01
3.816766474129110520e+00
4.874389274744496348e+00
1.532838825237841762e+00
-5.094249006744989927e+00
-1.035882559175404261e+01
-1.110960918603979408e+01
-7.936665726251546538e+00
-3.151713301670357570e+00
1.074286539756417413e+00
3.593554681044441867e+00
4.335428482469516176e+00
3.925307575917542646e+00
3.379407893516601202e+00
3.804823757237576043e+00
5.642955082722743043e+00
8.418885033386159122e+00
1.011338513440942855e+01
8.557001228320409325e+00
3.855011736064936745e+00
-1.253850802036910572e+00
-3.983479228927143900e+00
-3.787203022952676967e+00
-1.556190337143564806e+00
1.569611499371437624e+00
4.550384654698085285e+00
6.479000488892221910e+00
7.101711722532402682e+00
6.450556217858380847e+00
4.787671807912323274e+00
2.555021368631560819e+00
4.636163392355569512e-01
-1.024468072047657330e+00
-1.548532183434016662e+00
-8.555529166349996606e-01
9.074588134534292694e-01
2.958351407819108214e+00
4.332464282675145384e+00
4.628741229288639403e+00
4.528079842364540752e+00
4.915436007757308268e+00
5.764671130536739518e+00
6.455779544755298360e+00
6.074327398232640896e+00
4.148000716770893881e+00
7.684047617164564414e-01
-3.352840762857225876e+00
-7.025707874983450729e+00
-9.298859593026792325e+00
-9.541801665849252601e+00
-7.528671805674640893e+00
-4.042071896849141588e+00
-1.023902208702819783e+00
8.166762422647830255e-02
-4.641859969520422680e-01
-1.342600844947457128e+00
-1.808221837075541627e+00
-1.843264661553598138e+00
-1.677101083026111938e+00
-1.687755300201166042e+00
-2.092693472943742083e+00
-3.023265937795846625e+00
-4.388483826223531281e+00
-5.905878768343446161e+00
-7.129353763229659080e+00
-7.842622185566186843e+00
-7.909656046818734687e+00
-7.355525407691057893e+00
-6.262787248260772266e+00
-4.865758077223814482e+00
-3.456706467741248012e+00
-2.317045981633569340e+00
-1.549238600180218084e+00
-1.170796161641411537e+00
-1.124351952299931900e+00
-1.334820337497628184e+00
-1.871242002683882966e+00
-2.583568414595910134e+00
-3.043273397996657970e+00
-2.697646300811412434e+00
-1.285899072779616459e+00
1.048868313742922664e+00
3.937238119213849252e+00
6.778031590562306974e+00
9.035185411480240347e+00
1.047747727017246788e+01
1.121267338454036100e+01
1.138020698703485323e+01
1.110074500776653750e+01
1.025150024260083015e+01
8.583021811108340060e+00
5.939125374678780211e+00
2.786701786022541594e+00
1.572320871528234409e-01
-1.331258920685761460e+00
-1.834675963516864572e+00
-1.865784635929421009e+00
-1.805061427502667515e+00
-1.836834543994333879e+00
-1.879235382642946650e+00
-1.707678535912954487e+00
-8.045612608541610200e-01
1.462079135681252806e+00
5.137544677691455064e+00
8.939955339379421773e+00
1.133723246154478659e+01
1.209624309412815890e+01
1.167765079903880121e+01
1.022401400286429585e+01
7.507093421896056107e+00
3.566240514213306234e+00
-9.329837512764717067e-01
-4.945459011890764423e+00
-7.854001415213065940e+00
-9.538104268958720766e+00
-9.920940449330339916e+00
-8.896752482081733859e+00
-6.628844321604086431e+00
-3.959986571245920128e+00
-1.817521365149431967e+00
-6.334290315704131924e-01
-3.627496279600340712e-01
-6.907957932089997533e-01
-1.294729869656197963e+00
-1.968026115129693832e+00
-2.607991136079844008e+00
-3.109389799639908691e+00
-3.317775722456537402e+00
-2.943948941275113196e+00
-1.857803258968689031e+00
-1.774017327692583301e-01
1.639996721315312822e+00
2.890947966075031683e+00
2.904028401726472808e+00
1.446039264435648342e+00
-1.077351713468869709e+00
-3.508172630094803957e+00
-4.670406739955305753e+00
-4.217530252545546254e+00
-2.567796749407192269e+00
-5.244641593539656199e-01
1.284400824574092770e+00
2.566812757583572857e+00
3.269627160281515899e+00
3.470314253727066589e+00
3.454573716317701049e+00
3.557124624512995048e+00
4.079390596363945853e+00
5.065315030277459662e+00
6.298223820571941189e+00
7.441805240355702011e+00
8.132319596320924049e+00
8.003914269457215624e+00
6.735312561621529248e+00
4.132286642956703560e+00
4.323658696020635794e-01
-3.198939428080398439e+00
-4.572384187362967367e+00
-1.766271394796852245e+00
3.265605860396112003e+00
5.589812743083525604e+00
3.653766373629252939e+00
-2.642795948623973268e-01
-3.807335529490369019e+00
-6.092229806731186414e+00
-7.171256264643143474e+00
-7.447118170313087759e+00
-7.338892456775509388e+00
-7.171030106946380656e+00
-7.160353120407301653e+00
-7.542322276290392757e+00
-8.421687288078272715e+00
-9.701106671956729599e+00
-1.106940577650794921e+01
-1.193445527148299945e+01
-1.153345949622032229e+01
-9.261704647378122601e+00
-5.357162623268997059e+00
-1.238154432715343978e+00
1.469992597718071670e+00
2.358568426253907724e+00
2.122613733123895230e+00
1.801483332509118629e+00
2.093482755257903172e+00
3.062567630681636288e+00
3.760202484965296854e+00
1.982160956475331526e+00
-3.699166954528333218e+00
-1.050098197047207016e+01
-1.407967821981821466e+01
-1.368513903204114079e+01
-1.085890941395664022e+01
-6.674288941845095913e+00
-1.663439913642959622e+00
3.304723608522134093e+00
7.181134718266213746e+00
9.452316761765422015e+00
1.046110005275729549e+01
1.116943160396596646e+01
1.219054211759325135e+01
1.297176466857599486e+01
1.143752347791999568e+01
6.091223787931727252e+00
-7.058150476576553478e-01
-5.208176178908119347e+00
-6.533319214211657844e+00
-5.964944121960864543e+00
-4.730816817219891668e+00
-3.385369869470609139e+00
-2.157888469644924534e+00
-1.319349235829474276e+00
-9.198399762109080724e-01
-7.503359492192795965e-01
-4.820119040516766540e-01
1.849842322410983342e-01
1.295518809725601184e+00
2.650727748131535222e+00
3.964744761993880484e+00
4.840528442864829195e+00
5.005332260804967959e+00
4.545493813415084183e+00
3.664679218933902582e+00
2.666547026597932302e+00
1.928782189188830154e+00
1.731081478493653680e+00
1.893782275605258247e+00
1.660370500028920393e+00
-1.326956607977418379e-01
-3.662577955668478324e+00
-7.518240769526450151e+00
-1.011946025613057287e+01
-1.075777637290617683e+01
-9.606792314275931943e+00
-7.030012197795622697e+00
-3.533488275226467135e+00
-2.384773905037421843e-02
2.516728471667232014e+00
3.682017708937281419e+00
3.555606801198205602e+00
2.670085138269145730e+00
1.999631103544178723e+00
2.345130157763247070e+00
3.475091047825305424e+00
3.728326352076170469e+00
1.800581338812984766e+00
-1.321498220010446145e+00
-3.662426754212450231e+00
-4.136016312830652630e+00
-2.800772787909443728e+00
-1.713722287057744820e-01
3.067193216193581318e+00
5.995039977939463860e+00
7.842519180454995187e+00
8.444484871966976058e+00
8.010614680382978747e+00
6.933373459151312090e+00
5.880652265167814363e+00
5.452619690533540009e+00
5.642512914565954496e+00
5.932905478013567269e+00
5.374303858230008224e+00
3.566158326964059988e+00
1.143775791158189614e+00
-1.072515804924778937e+00
-2.418016003988758378e+00
-2.652320206769079647e+00
-2.019195090832345052e+00
-7.804112343692271025e-01
7.561123480514115869e-01
1.881055406125553109e+00
2.044363690128227162e+00
1.373333416957413622e+00
1.043728569199548373e+00
3.021393113938007691e+00
7.194614225802593133e+00
1.118591007525793302e+01
1.278660672617808913e+01
1.126552542553003278e+01
7.014604044380077674e+00
1.041541848003983084e+00
-4.711776998021281138e+00
-8.448307490382301665e+00
-9.788142496717032515e+00
-9.173731342842113889e+00
-7.652389991006913306e+00
-6.645945431811135506e+00
-6.734179551554278831e+00
-6.917133080582510196e+00
-5.393149403169117839e+00
-2.278657095654476716e+00
7.319476043195778381e-01
2.433276815359569856e+00
2.644452376241974711e+00
1.685311945505149511e+00
-1.083250391238924082e-01
-2.342220383193593047e+00
-4.191090471115047400e+00
-4.745976352643269003e+00
-3.773052003304021351e+00
-1.440004890540735438e+00
1.765946519664703951e+00
4.491597342239158408e+00
5.282916782997713057e+00
3.422883153368963427e+00
-7.350745251502969202e-01
-4.920030698169433947e+00
-6.809827695888992949e+00
-5.970006238044976321e+00
-3.155604521684405750e+00
1.396935952122601021e-01
2.587682980753218231e+00
3.744093882042541122e+00
3.542565392858267881e+00
2.339758137647169889e+00
1.065742084884798269e+00
5.632107232253753537e-01
1.214994778764196370e+00
2.948681961342628277e+00
5.342944829633158754e+00
7.722623905819586909e+00
9.303622337697973421e+00
9.520310681013718579e+00
8.128924684485108187e+00
5.180697293792242419e+00
1.423982943226933084e+00
-1.924723193755685680e+00
-3.649671033532245090e+00
-2.319358329964553267e+00
1.915114027441632505e+00
5.423791403049066595e+00
4.884819675658730098e+00
1.542629664531367961e+00
-1.392426535696319467e+00
-2.817627494105658492e+00
-3.336479539043193832e+00
-3.754258603288602725e+00
-4.600007019827227595e+00
-5.968353109783054222e+00
-7.662494843518107501e+00
-9.466172497377122852e+00
-1.104369986619262001e+01
-1.213049810047380284e+01
-1.255040093511451360e+01
-1.193189060024934101e+01
-9.939490294360844302e+00
-6.645103143429398784e+00
-2.789515568232090015e+00
2.007194980743381707e-01
1.544950832846366806e+00
1.718867949623705371e+00
1.592018691898397842e+00
1.915195875601867659e+00
2.954275207598143993e+00
4.383304575830576866e+00
5.123252606263554831e+00
3.047864117089127411e+00
-3.181162479107531471e+00
-1.072289214394821499e+01
-1.488292156156087742e+01
-1.466077931618869812e+01
-1.219101281149551319e+01
-9.181065022064355929e+00
-6.004834920088349293e+00
-2.672861369005162580e+00
7.446018346346171546e-01
4.010286296190582966e+00
6.927678505294582401e+00
9.716625105953619723e+00
1.234398258036283025e+01
1.370053316359434170e+01
1.173158044445729509e+01
5.877265017506030809e+00
-3.701830218054149024e-01
-3.424193035847667765e+00
-3.363150766098451871e+00
-1.870567858253066040e+00
-2.532157968007507920e-01
9.080965637290221437e-01
1.418833669606018866e+00
1.161706129395654985e+00
3.103419877478333366e-01
-7.542184973760549527e-01
-1.577741383900896466e+00
-1.586190773984659685e+00
-5.035214715174857192e-01
1.358940049222001178e+00
3.279202473050310207e+00
4.349702578528627406e+00
4.177723603488174398e+00
2.999719619086594680e+00
1.208668425059883367e+00
-6.771360536749236880e-01
-2.190638557503424177e+00
-3.050472172668456938e+00
-3.035674672718985168e+00
-2.101971946600358798e+00
-4.645580293163906194e-01
1.562992861017657775e+00
3.387201296664528627e+00
4.052289900067581385e+00
2.436921603418023441e+00
-1.787453926036315810e+00
-6.646919049204982777e+00
-9.267400658836915994e+00
-8.979840993516914338e+00
-7.096415015547635541e+00
-5.034251157752890116e+00
-3.362988593186309938e+00
-2.006529686330889017e+00
-7.686902527088125270e-01
6.593876048821017966e-01
2.527109115209033252e+00
4.833508636296799388e+00
7.281138307723102443e+00
8.958538430336307812e+00
8.544384546542833192e+00
5.436746096187135002e+00
9.422103068224551015e-01
-2.321330069954027131e+00
-3.035765674846417905e+00
-1.840689725977866953e+00
1.089940996603572521e-01
1.927804506479865676e+00
3.231398919080024967e+00
3.996124647918177786e+00
4.277513965716942757e+00
4.248818789878867186e+00
4.126536168631926849e+00
4.097387187946263332e+00
4.371055392200152490e+00
5.058794773054085425e+00
6.083146067253140998e+00
7.319386096583158086e+00
8.523022314796570242e+00
9.383991105235329755e+00
9.656685737742478182e+00
9.143797840407479782e+00
7.857282141103930861e+00
6.100704616415325354e+00
4.148533151593535528e+00
2.103060145700756944e+00
-1.743196974496643570e-01
-2.858663182463035302e+00
-5.313677684840219406e+00
-5.616691540963700824e+00
-2.276273562582506127e+00
2.281937350218688376e+00
4.086822770401699501e+00
2.827089081524241987e+00
2.247718007515476513e-01
-2.513968235829814546e+00
-4.867722066251337409e+00
-6.573896563414046490e+00
-7.395761635898354669e+00
-7.249994026086999277e+00
-6.341531753694913398e+00
-5.015466444741707441e+00
-3.710572877424643590e+00
-2.768536682348983646e+00
-2.277162865830136163e+00
-2.177918241541441535e+00
-2.263104746136862300e+00
-2.229754621896940847e+00
-1.913378238743145054e+00
-1.290926026991851883e+00
-4.491972639171932236e-01
3.479111825105520306e-01
8.136502311005332500e-01
6.943669547570855416e-01
-2.171056138249027323e-01
-1.909675477000547739e+00
-4.015469910170238244e+00
-5.691008934136541519e+00
-5.628388840051364639e+00
-2.940489240343371780e+00
1.654834030259088262e+00
5.867851372256827958e+00
7.714942266165041751e+00
7.072474598438630800e+00
4.983401644639044115e+00
2.559445906737285448e+00
5.856481691208157425e-01
-6.349054902250567123e-01
-1.160117884592269055e+00
-1.205385186804317499e+00
-1.161006905766386099e+00
-1.445271857486138734e+00
-2.348301553066313829e+00
-3.950181422280400589e+00
-5.849899989811416567e+00
-7.042680400286006837e+00
-6.371526219308427663e+00
-3.444637300630116084e+00
5.829896930830520407e-01
3.710042873658630835e+00
4.763407070297196455e+00
3.854864331243978981e+00
1.801220359198121512e+00
-5.081586954490607821e-01
-2.425843947703472114e+00
-3.589983792950726560e+00
-3.938544392533471772e+00
-3.606050290631559019e+00
-2.791108185069046677e+00
-1.789899708779329135e+00
-9.058283121340449107e-01
-2.859935377371415899e-01
2.803312546382364864e-02
1.180086131534680560e-01
1.723027089934249245e-01
2.434965854011365005e-01
1.142435280889445570e-01
-6.721595211806693504e-01
-2.490745253714761187e+00
-4.928772785352924402e+00
-7.007113361211609437e+00
-7.916118124542116163e+00
-7.345738864045744165e+00
-5.470134836637584819e+00
-2.662119677357018155e+00
5.106648709263693631e-01
3.339956215972808895e+00
5.322555252235657619e+00
6.231259269876451512e+00
6.057827381914020037e+00
5.099133732058710677e+00
3.817717112770929067e+00
2.632429931791476552e+00
1.664612315686781807e+00
7.713882021132327793e-01
5.212608721780647922e-03
-4.632091772978720323e-01
-4.662929330472290190e-01
1.234388917565420324e-01
1.295015464947399053e+00
2.937869871248000919e+00
4.823322373984621159e+00
6.590667670343706597e+00
7.961480868583392656e+00
8.827105423327079592e+00
9.165297279937352215e+00
9.063015098018039950e+00
8.684634653682520522e+00
8.202895844038819106e+00
7.737222915394527334e+00
7.242058284852544325e+00
6.505357487520805115e+00
5.248230640294382354e+00
3.081250418727293550e+00
-3.848597736997625973e-01
-4.971095183776570003e+00
-8.592214328051154482e+00
-6.877555311578395170e+00
1.071590971411642945e+00
7.729495612230500079e+00
7.783800752490164676e+00
3.770848938164192088e+00
-7.802372583493093483e-01
-4.341804573087206798e+00
-6.541420531454825493e+00
-7.425990895952102377e+00
-7.282145981708744387e+00
-6.596105551827379898e+00
-5.868785188300645217e+00
-5.416801848713573619e+00
-5.352182274930728845e+00
-5.652963946663922989e+00
-6.166604248761810680e+00
-6.676768817880252449e+00
-7.032516146182155481e+00
-7.204983302299516446e+00
-7.249406647943884785e+00
-7.210891899959715801e+00
-6.945271775120423818e+00
-6.096583140590181138e+00
-4.432605913573023138e+00
-2.211516344712245008e+00
-8.008759371620126355e-02
1.461517020576112103e+00
2.321414907605680256e+00
2.655770912159282737e+00
2.720040124712383545e+00
2.774848016519285032e+00
2.909187218198023395e+00
2.870281432718700731e+00
1.948278372485299670e+00
-7.048018715677525359e-01
-4.888556659348203048e+00
-8.849970900671330298e+00
-1.106691250637745760e+01
-1.149833550263807425e+01
-1.068217619303464971e+01
-8.825244595924777613e+00
-5.864818776641095965e+00
-1.971701268515135830e+00
2.185549997078879869e+00
5.742049302809747680e+00
8.209333780620495347e+00
9.616143014711727943e+00
1.010517903119425043e+01
9.533654694940057794e+00
7.498243761254537176e+00
4.151401816655709176e+00
8.098069368656655165e-01
-1.221272514873585013e+00
-1.814510887613977941e+00
-1.526392578933943867e+00
-8.586844017042486454e-01
-5.819762828925834769e-02
7.410757750524051835e-01
1.346813767269214202e+00
1.523356911789721879e+00
1.098072244496866468e+00
7.757945974721269788e-02
-1.307525480223799663e+00
-2.612547596128720784e+00
-3.309872859012357615e+00
-3.079920081012266220e+00
-2.028214329008469985e+00
-6.646268815355317328e-01
3.309664232916971760e-01
5.147519968340129592e-01
-1.132654578152786085e-01
-1.245827107696308111e+00
-2.383178041933204927e+00
-2.923022341900777032e+00
-2.320736730036539353e+00
-2.764610688733404875e-01
2.727131105797470312e+00
4.458097735987353261e+00
1.734852312419865150e+00
-5.139658570899082513e+00
-1.086634285784408682e+01
-1.168037633353303661e+01
-8.508681092587121242e+00
-3.586071679778902066e+00
1.288864589629510116e+00
4.877489577578473678e+00
6.722373335130073180e+00
7.080760285013659505e+00
6.754257640047684141e+00
6.755186451180077434e+00
7.811960679865510571e+00
9.963750237293570677e+00
1.189914322165565075e+01
1.093402492199234111e+01
5.720894960005472818e+00
-1.186828032914872155e+00
-5.782846675099447609e+00
-6.770093652210061208e+00
-5.346066313144723026e+00
-2.847333539978407657e+00
-2.061637855384502449e-01
1.747947273753727826e+00
2.409573774330742157e+00
1.604175565442000684e+00
-4.707507062954294219e-01
-3.195874553361960135e+00
-5.368086219795940472e+00
-5.759459774430641943e+00
-3.856231209097904067e+00
-1.646522125012706284e-01
3.522794920292194210e+00
5.333407194347301150e+00
4.822378749511507579e+00
2.613354093024354619e+00
-1.981812474845064120e-01
-2.443250219763142717e+00
-3.498568413576424785e+00
-3.160846560911228842e+00
-1.353414254437082631e+00
1.564992558799842115e+00
4.624700741313762187e+00
6.395440300120021071e+00
5.044210887668841181e+00
-3.916691306359531555e-01
-7.471707656610396597e+00
-1.167292160440406867e+01
-1.120894265332704265e+01
-8.044931606094403165e+00
-4.853528886032862921e+00
-2.899229077351611839e+00
-2.200700018753697584e+00
-2.059590803237583589e+00
-1.571254126885454738e+00
-1.016208010183690530e-01
2.627494931672680778e+00
6.373636710516469073e+00
9.991409902184271274e+00
1.136612080434538896e+01
8.476495369803904723e+00
2.172421414480676383e+00
-3.261740606193316516e+00
-4.787253582689178444e+00
-3.042840197178790174e+00
-1.247598943573554192e-01
2.422262510524856527e+00
3.934646659049060524e+00
4.299206103022839898e+00
3.760601540195522841e+00
2.783675377280052654e+00
1.865555013293791919e+00
1.375603092882912160e+00
1.460352343561344135e+00
2.116696247241537154e+00
3.256563994524390715e+00
4.605093838940351070e+00
5.789217047634068081e+00
6.566633195056355454e+00
6.874064870204867006e+00
6.819447726650433417e+00
6.627364947753229707e+00
6.471812961958302246e+00
6.436583399604859146e+00
6.509290988395430411e+00
6.512327199713188186e+00
6.151032272676772550e+00
5.137641654800379598e+00
3.285069653808494472e+00
5.265354533326856989e-01
-3.029952814541948314e+00
-6.512435673320129403e+00
-7.349937673100269464e+00
-2.647967593227086969e+00
5.126589583673697881e+00
8.869334967738190301e+00
6.982095058969322032e+00
2.960613486895183222e+00
-6.774396832567245452e-01
-3.252581754765380140e+00
-4.850334618891386285e+00
-5.708505887219005537e+00
-6.053199732104298292e+00
-6.171800905404005277e+00
-6.295256548365638416e+00
-6.535247672508975647e+00
-6.999802370194504242e+00
-7.754400816031342458e+00
-8.764864797854583500e+00
-9.792089735836713160e+00
-1.011070364514770326e+01
-8.593757722608746263e+00
-4.612932141665729624e+00
7.098166717348178834e-01
4.900075611497058503e+00
6.592165561757046710e+00
6.335477768723869474e+00
5.273356381706929774e+00
4.246971768295602523e+00
3.636878582275240746e+00
3.519277963116382857e+00
3.868201481470812997e+00
4.533820257072192383e+00
5.168672994060756309e+00
5.221239342832372898e+00
4.094065411230644713e+00
1.742083933518874472e+00
-1.011371762624007298e+00
-3.130743861882939516e+00
-4.076241191183999746e+00
-3.955145426524341090e+00
-3.201527458200949638e+00
-2.240705452768873229e+00
-1.480388975487779479e+00
-1.292023788127048212e+00
-1.824786696814170384e+00
-2.741785417041394002e+00
-2.868598938468566395e+00
-5.589773027266728977e-01
4.303580431247957527e+00
9.367481136797570329e+00
1.220037861532047607e+01
1.229672526409008526e+01
1.038239958945091423e+01
7.190490096323140179e+00
3.427628691594650334e+00
-5.319175719816487957e-02
-2.598720012916464484e+00
-4.010468345461782214e+00
-4.571721631597427837e+00
-4.960213503911072408e+00
-5.826474046819495101e+00
-7.080445961954847434e+00
-7.290847889002004756e+00
-4.950544273096197934e+00
-1.021692794454884368e+00
2.042269275713717747e+00
2.976553047732082735e+00
2.111554641779679997e+00
1.979946439147204917e-01
-2.170319068839418719e+00
-4.361719908331277651e+00
-5.756667036058864539e+00
-6.062674686871398322e+00
-5.346963210700762303e+00
-3.876716532667654924e+00
-2.088025209032752016e+00
-5.394906166792876601e-01
3.253956459191206241e-01
3.107845526092594124e-01
-5.573500888833379241e-01
-1.956083573218068361e+00
-3.305487734799731125e+00
-4.113450374404081344e+00
-4.186262794602074955e+00
-3.521736279941962255e+00
-2.268651737633857746e+00
-8.005850692243143829e-01
3.751478064145954416e-01
8.930669258868112470e-01
6.792803787279216854e-01
-7.714846353850644822e-02
-9.549993610826641444e-01
-1.395791085852086999e+00
-9.460288547083481880e-01
5.912893117434261381e-01
2.949094167081502516e+00
4.911853131892701008e+00
4.581956221299724241e+00
1.099750191457588011e+00
-4.012133815089168110e+00
-7.837215803301218919e+00
-8.723086360226190550e+00
-7.007381477053338692e+00
-3.790771595655286763e+00
-3.293994675937831351e-01
2.300150168943189133e+00
3.621865958063922530e+00
3.720265168285475266e+00
3.062150944154581111e+00
2.398376338837380661e+00
2.438670663788983006e+00
3.467949505347402983e+00
5.102885055583599616e+00
6.084909194950830269e+00
5.049885323507344204e+00
2.032571049551608056e+00
-1.465624148170735497e+00
-3.692031806832113183e+00
-3.897823703210393287e+00
-2.381493917897718582e+00
2.253519238416475112e-01
3.154816406995974098e+00
5.550306473331833246e+00
6.876796749833967937e+00
7.059194178686767351e+00
6.248440912139127335e+00
4.804749528755597687e+00
3.310446762821718902e+00
2.244375367527740917e+00
1.822420238936979020e+00
2.096955556884225746e+00
2.813745094493780297e+00
3.286352114734704788e+00
2.800838690148342192e+00
1.334779414968003231e+00
3.632074677448371425e-01
1.681321813111875008e+00
4.604636799439600026e+00
6.721400304637557888e+00
6.392134854613805928e+00
3.610348711467762151e+00
-7.880540041351973279e-01
-5.489493393215212791e+00
-9.066423548045710490e+00
-1.087630337218245913e+01
-1.108386467108326734e+01
-1.015121942114868503e+01
-8.745295682257237857e+00
-7.477577708723094574e+00
-6.464890772280501352e+00
-5.299399424434338535e+00
-3.459677628815707173e+00
-1.206305007711775623e+00
7.473325751899063674e-01
1.970206759478664971e+00
2.347635987867850105e+00
1.999187123368506791e+00
1.114469634678549870e+00
-1.489702091829163133e-01
-1.404801961414732236e+00
-1.997052999519424388e+00
-1.578738681808485866e+00
-4.177400752581177379e-01
4.835377115114700697e-01
-4.963868440270940985e-01
-3.842521065008508430e+00
-8.161622819979738708e+00
-1.131859464468772991e+01
-1.188680353959935410e+01
-9.882136492362516123e+00
-5.984591045509195517e+00
-1.321001952159072568e+00
2.589865777754678078e+00
4.821116763341974476e+00
5.175111061323802275e+00
3.922507697057928233e+00
2.265403068517872320e+00
1.732181532440310923e+00
2.837467624139938138e+00
4.278842063202907831e+00
4.057013332853940391e+00
2.116732560738102009e+00
-1.706118010073437996e-01
-1.494860516458704769e+00
-1.234681868407764505e+00
5.224981492929607896e-01
3.389179557320983083e+00
6.641618094298267216e+00
9.256551097123473681e+00
1.069371408416961877e+01
1.100354475444813218e+01
1.029823744926970974e+01
8.918574538954676001e+00
7.524539699765642631e+00
6.593487989168342445e+00
6.313441180223101412e+00
6.426474398472609373e+00
6.163767002033328168e+00
4.942168083530333433e+00
2.311186934584339436e+00
-2.054538632344035776e+00
-7.288456076936431494e+00
-1.000081025161406423e+01
-4.995249557132933838e+00
6.212132275713131868e+00
1.260743781479642678e+01
1.038737033944505050e+01
4.447367409450268205e+00
-1.042907275024046010e+00
-4.708750333514927000e+00
-6.590778844341145692e+00
-7.029298862289533822e+00
-6.719645221273922608e+00
-6.502089948029732724e+00
-6.803793369888885501e+00
-7.749796839717530972e+00
-9.261020372592932759e+00
-1.107188482549542918e+01
-1.279611381367196188e+01
-1.360830806556834283e+01
-1.213280024188312467e+01
-7.492027625783826750e+00
-9.691979969013549967e-01
4.288798696248495190e+00
6.336142890605645839e+00
5.854455362244204153e+00
4.475309424534067659e+00
3.470731979342579265e+00
3.497361431327011161e+00
4.599220607315247733e+00
6.219591833173393702e+00
6.948508239326505631e+00
4.803838407782698106e+00
-8.409277555185494801e-01
-7.646976553642235608e+00
-1.217787009082404381e+01
-1.322351600488702772e+01
-1.189019705565705110e+01
-9.597274998231979382e+00
-7.292439327642125768e+00
-5.518665300497343829e+00
-4.397387180251186578e+00
-3.825973424515658916e+00
-3.627889712585290027e+00
-3.426215966359750453e+00
-2.627551817444685245e+00
-5.559883593285268599e-01
3.040471808249282759e+00
6.999868732064781440e+00
8.386625138262447265e+00
4.782140957920427482e+00
-1.602930008303754095e+00
-5.519587247970733301e+00
-5.069576730445144008e+00
-1.885662637025478094e+00
1.914735848824458575e+00
4.877191848555911591e+00
6.412385634014007074e+00
6.570703485946005173e+00
5.762751663502034383e+00
4.548495770542913874e+00
3.468064309405985313e+00
3.043598416373654469e+00
3.661784128432663099e+00
5.395616442340722685e+00
7.911278432358977319e+00
1.029810206881448664e+01
1.125491691542872275e+01
9.667347328167680942e+00
5.320160993273331584e+00
-1.550223400006545404e-01
-4.067514698722468403e+00
-5.103979039527859030e+00
-3.852737289781788199e+00
-1.740804905186222218e+00
-3.165185048094491110e-02
6.494985741990958461e-01
8.240039550785374645e-02
-1.712101299901511053e+00
-4.106113528375282762e+00
-5.333659198777048083e+00
-2.827095201981801864e+00
3.969101764002238575e+00
1.121680867883029364e+01
1.464574350564027583e+01
1.386021517580610762e+01
1.063576297420567762e+01
6.625785239885910727e+00
2.978746849426086918e+00
4.292124887280522327e-01
-8.047563491572453653e-01
-1.178094174123329285e+00
-1.646665372639119163e+00
-3.180438042290703038e+00
-6.113778290819926298e+00
-9.326516105373546139e+00
-1.006541088278264695e+01
-6.413134776936328940e+00
-4.543877848236692052e-01
3.547402134675989416e+00
3.910572059458832683e+00
1.737147120084360008e+00
-1.441530099553965272e+00
-4.415194935593492964e+00
-6.409194662576996215e+00
-7.122479502511545491e+00
-6.588920473982424753e+00
-5.068905878012057720e+00
-3.072529935194883599e+00
-1.331040953618151779e+00
-3.929487784574125508e-01
-3.572326250412503068e-01
-1.120435953841341981e+00
-2.381974627196421057e+00
-3.508727279249365782e+00
-3.878696587673938545e+00
-3.128187382875098788e+00
-1.112791967692017270e+00
1.855018887390529336e+00
4.839914994015166450e+00
6.562316406651580003e+00
5.812220416211627771e+00
2.203677728077784614e+00
-2.788311800759990522e+00
-6.426733919976039822e+00
-7.062000181378938812e+00
-5.186451208923739564e+00
-2.435486423479667817e+00
-1.891214167004687530e-01
9.797886975840072177e-01
1.141169366531203266e+00
6.946252400094520274e-01
2.153803028920193985e-01
3.229866870846000437e-01
1.386070186370383039e+00
3.407299921540717147e+00
6.002104009024877840e+00
8.289111743450778391e+00
9.212408431378579010e+00
8.060449120650432064e+00
4.880401209791311423e+00
9.909451273848636221e-01
-1.728814010097140086e+00
-2.366925703779545920e+00
-1.241124406197219976e+00
6.479124685809242168e-01
2.292270548644812056e+00
3.100531862473473232e+00
2.741966572329157081e+00
1.069954566342088853e+00
-1.619743385516513756e+00
-4.135221275502397376e+00
-4.026741761554816890e+00
8.746009899537573462e-01
8.591128742585611988e+00
1.361873706868839662e+01
1.344255915040622540e+01
9.830039237394238683e+00
5.293693524578389820e+00
1.360707534523970752e+00
-1.354536500288968881e+00
-2.933487525753975866e+00
-3.962835113403534670e+00
-5.186439830408975382e+00
-7.199503930644118199e+00
-1.005387291255083504e+01
-1.265266278973201075e+01
-1.258766424291728292e+01
-8.086241205014657041e+00
-1.201908649548672603e+00
3.633149568113794192e+00
4.630793654225773714e+00
3.029155312660030130e+00
4.998501673536392964e-01
-1.868281567467511284e+00
-3.444470838964519555e+00
-3.878560043452876194e+00
-3.086673929038492581e+00
-1.235629288969207984e+00
1.228586816957506711e+00
3.492387117753273262e+00
4.636704647678445035e+00
3.994665080593390094e+00
1.433690067149719471e+00
-2.066204721511515352e+00
-4.732882794226765277e+00
-5.436329587955097686e+00
-4.268602324648557378e+00
-2.185331328789197336e+00
-2.410311788126645038e-01
1.029464175683304061e+00
1.505127570767447631e+00
1.308365034064659094e+00
8.012241523644505481e-01
4.074340013520194592e-01
4.284343066106917619e-01
9.506322745350277437e-01
1.802184039046910602e+00
2.654173892641203736e+00
3.110820561338710988e+00
2.774682849539525709e+00
1.396467473474233500e+00
-9.326250354349658878e-01
-3.336912881504800588e+00
-3.921880654351911133e+00
-1.108141201794507369e+00
4.232674300105692566e+00
8.854661309117464185e+00
1.025984539912658455e+01
8.539559064978574199e+00
5.065517437803814360e+00
1.322750574573695603e+00
-1.529776803339131241e+00
-3.039357182288993542e+00
-3.390562562677253755e+00
-3.184372613194607293e+00
-3.235756771190573922e+00
-4.116216241008788579e+00
-5.766988413232488675e+00
-7.165486232004491640e+00
-6.607715143653150491e+00
-3.571757818296002807e+00
3.514876178704865461e-01
2.964426849268326336e+00
3.310414921500451690e+00
1.815646572795287517e+00
-7.254814746488945643e-01
-3.549113564576525270e+00
-5.907737027806819086e+00
-7.333492585034716349e+00
-7.752499221212845626e+00
-7.337642233901423339e+00
-6.487141713314476199e+00
-5.758862519728348062e+00
-5.589668822615521115e+00
-6.141457762195656755e+00
-7.320035639342112432e+00
-8.699102324058223701e+00
-9.510480317954893792e+00
-8.942646141106205704e+00
-6.397433627947373580e+00
-1.697442237547805988e+00
4.158515636778903790e+00
8.044926518572614427e+00
5.824445637928911346e+00
-1.700960567902169762e+00
-6.611932990968194979e+00
-4.849305779402428129e+00
3.758822405898140095e-01
5.213361701807628812e+00
8.073907317148760754e+00
8.933867791622441601e+00
8.325530442017546662e+00
6.969204117432151513e+00
5.599450761136097299e+00
4.726022010752152447e+00
4.541360387821263167e+00
4.987146822381829381e+00
5.812687426354695042e+00
6.630162725993526962e+00
7.094700891686129829e+00
7.050720974003275465e+00
6.512786356057029380e+00
5.671369757831212333e+00
4.886929101366334294e+00
4.505614267880459600e+00
4.700856553724258369e+00
5.446050036099629565e+00
6.475313660831200302e+00
7.258330497284926963e+00
7.132583135677096564e+00
5.497105754030999769e+00
2.045107814695966031e+00
-2.656473190314800004e+00
-6.260538473557998529e+00
-5.194806925856243041e+00
9.206694379183089083e-01
6.360061958738937093e+00
6.440954618064252735e+00
2.453554116171122956e+00
-2.392413618950952170e+00
-6.070579420083582534e+00
-7.959970036408536842e+00
-8.254436121582282126e+00
-7.520335907585521618e+00
-6.487120440042383862e+00
-5.831934105715560257e+00
-6.001985056016875930e+00
-7.175466569786714821e+00
-9.233194638066654747e+00
-1.159974791790875592e+01
-1.314024963042864691e+01
-1.247693607821233464e+01
-8.856634163474486954e+00
-3.314518847100122123e+00
1.535609972359417208e+00
3.819739321133855281e+00
3.647359177160696131e+00
2.204992284400846270e+00
7.644069231671239972e-01
2.586220384484263501e-01
1.104361319122882046e+00
2.851869872359501290e+00
3.401325181432989009e+00
-3.280403560308210453e-01
-7.911970652023915029e+00
-1.434209407186164142e+01
-1.625009610923503089e+01
-1.422519952156300249e+01
-9.688788366782532080e+00
-3.744586054933133568e+00
2.051168975298146790e+00
6.214707230214649769e+00
8.247578566713029247e+00
8.740285731689553472e+00
8.976306957018351795e+00
1.006033060668451640e+01
1.192783711623561516e+01
1.241095145982090564e+01
8.686508758717394585e+00
1.883677864509331501e+00
-3.697615262414704507e+00
-5.807805346528478907e+00
-5.316402261963227183e+00
-3.639862466583780432e+00
-1.479571325737082388e+00
6.044735474480071868e-01
1.893903135914784208e+00
1.945658534135438433e+00
8.781263428337235943e-01
-6.748262469149417520e-01
-1.560605566461221505e+00
-9.125056035444953917e-01
1.175641650929645898e+00
3.952963076003351617e+00
6.137258742885333795e+00
6.671036754637740707e+00
5.444044375262674151e+00
2.878365315142327852e+00
-3.116021023556186376e-01
-3.025298393839776612e+00
-4.497876973223158714e+00
-4.605072776097167697e+00
-3.309985985984448487e+00
-7.831567639588646879e-01
2.154445164278830926e+00
4.523327112074377432e+00
5.670322718016893582e+00
5.070231942929794400e+00
2.533228025416820017e+00
-1.180084160119009740e+00
-4.447762063439801850e+00
-5.734900166926003351e+00
-5.074862294931263840e+00
-3.999185551434984998e+00
-3.678271898060113898e+00
-4.236618393429151475e+00
-4.994666436618828698e+00
-5.131002090950848249e+00
-4.193607463965665971e+00
-2.075428336251274430e+00
9.846872915117521607e-01
4.306660610119910082e+00
6.938746980612982895e+00
7.909999460294126372e+00
6.454632346164136614e+00
2.778853730960308521e+00
-1.292868247084829170e+00
-3.548927222991647312e+00
-3.386133945619723029e+00
-1.954846560846747128e+00
-6.280450034693704220e-01
-2.932673843880235706e-02
-6.106629705401192543e-02
-2.335178963211970160e-01
-1.815611784685323277e-02
8.822675590308092231e-01
2.461432839487491808e+00
4.508729649577372101e+00
6.679741090665937797e+00
8.505122018066412437e+00
9.415198576560614541e+00
8.797623753466323748e+00
6.417290377404202495e+00
3.001285678437124904e+00
-3.720371311462156161e-02
-1.631122937360950598e+00
-1.689179900444745197e+00
-8.509271885893239240e-01
1.368838449524386047e-01
7.410648351854151050e-01
6.907280113563352142e-01
-2.206443997074760202e-02
-1.219284123783282325e+00
-2.521965481165104439e+00
-3.129395830468841844e+00
-1.763662707865928159e+00
2.363071425862163455e+00
7.753156849513690219e+00
1.130897422275593023e+01
1.178094159666848206e+01
1.025554029738461281e+01
8.014723439925313997e+00
5.600256393237887487e+00
3.100230079004886896e+00
5.851631623589116371e-01
-1.814795948852068630e+00
-4.102035954218533398e+00
-6.382763352129585677e+00
-8.531656295359194786e+00
-9.815158684720737270e+00
-9.001185334127015381e+00
-5.680085599393067675e+00
-1.506570311268562001e+00
1.200094401104367492e+00
1.659014486168245872e+00
5.796723526194842435e-01
-1.063465118945889909e+00
-2.625394174831396921e+00
-3.771237384467800879e+00
-4.384435439884027730e+00
-4.467838848542135644e+00
-4.041211864951046451e+00
-3.157241634329675417e+00
-1.960476621709273282e+00
-6.721566300726562471e-01
4.907269009327961395e-01
1.421025096764339191e+00
2.118558659059557758e+00
2.582285293134459092e+00
2.768406179129189848e+00
2.617579133400517399e+00
2.092540115604224926e+00
1.229966270149756236e+00
1.475713538954614990e-01
-9.190592251780422828e-01
-1.643725450273577859e+00
-1.815399028059647701e+00
-1.424568632826544112e+00
-5.879453838497514795e-01
5.367927593277582732e-01
1.793735662204973380e+00
2.982676319459432346e+00
3.823416528332415965e+00
4.056483750431732815e+00
3.521812505726143794e+00
2.173355579494991030e+00
1.668372520596306530e-01
-1.917673043264896515e+00
-2.789593893212630960e+00
-8.233657407352160673e-01
3.975914228838650200e+00
8.686915147597174425e+00
1.033394731895348784e+01
8.811362555150207498e+00
5.719820435817732474e+00
2.436067695688498791e+00
-3.210426675469120195e-01
-2.305097107271404155e+00
-3.633367642442287160e+00
-4.700208596672662331e+00
-5.982961038987625102e+00
-7.704304925512099445e+00
-9.457932620381649613e+00
-1.004626437511037018e+01
-8.132049029359853520e+00
-3.901267703079501992e+00
4.280786390007123576e-01
2.718816345384560407e+00
2.644758126785182295e+00
1.095212328040866989e+00
-9.630224809372844863e-01
-2.872258331790729979e+00
-4.232231148178276392e+00
-4.843121124387847587e+00
-4.655478364738458552e+00
-3.717908915204096942e+00
-2.202202830748040352e+00
-4.276293430781917815e-01
1.236313305585503342e+00
2.440463034241618701e+00
2.822790933679527381e+00
2.062287885864638959e+00
1.426052423684592008e-01
-2.349857676576002419e+00
-4.389645505258935820e+00
-5.313358734917714266e+00
-5.279457766040278166e+00
-4.815713432334169930e+00
-4.268715777434987757e+00
-3.664810197595700370e+00
-2.853173801609904636e+00
-1.671640944867145873e+00
-4.624821165592259836e-02
1.933360905158935994e+00
3.982780836139556246e+00
5.652269535663410061e+00
6.375276656002739628e+00
5.633754136064272444e+00
3.384819654454148896e+00
4.597758247408469945e-01
-1.794327409537603391e+00
-2.568376129176773048e+00
-2.058925403887653438e+00
-9.440148671134678260e-01
2.270025402733187037e-01
1.225119883079148764e+00
2.052745727375329565e+00
2.806798825429443145e+00
3.599105566346859408e+00
4.513889030598097207e+00
5.576765009085844049e+00
6.742714380637881533e+00
7.885330197771081018e+00
8.811398864942967535e+00
9.308040174836802905e+00
9.205410197890016022e+00
8.452083534908778617e+00
7.169080491667824795e+00
5.582693887678291667e+00
3.856633828164264699e+00
1.926909794138919496e+00
-4.779023669023824139e-01
-3.411906496915061648e+00
-5.809808608459696266e+00
-5.100139784510789198e+00
-2.849548691628075447e-01
4.538947665509695639e+00
5.456599213597258746e+00
3.256411444759049090e+00
7.661277107632134820e-02
-2.972191078351618998e+00
-5.462728637797720666e+00
-7.123714397335640491e+00
-7.787192746768545781e+00
-7.510339043889421085e+00
-6.592307835459691567e+00
-5.446455916397140662e+00
-4.451362372904548614e+00
-3.851342443518986691e+00
-3.724473824179246328e+00
-4.001155273946848112e+00
-4.505165297609275754e+00
-5.056622620292652748e+00
-5.571096922640080606e+00
-6.032152602308160638e+00
-6.405603719755280423e+00
-6.561847788815207139e+00
-6.217873647349546395e+00
-5.057455750110262827e+00
-3.060386904767686378e+00
-7.111489512264622670e-01
1.247787734067838494e+00
2.357039458330062232e+00
2.643907123922842217e+00
2.401957117719150769e+00
1.966070882258055486e+00
1.603678392921931595e+00
1.477415647857151404e+00
1.636894189555868628e+00
1.877163214636929034e+00
1.482935369429224215e+00
-5.900542976888516478e-01
-4.532960356518443312e+00
-8.741483472516090814e+00
-1.132184093924236556e+01
-1.181133000993021476e+01
-1.063424024924411171e+01
-8.177252719500957667e+00
-4.742080574155642658e+00
-8.950043631909739839e-01
2.545404268666252356e+00
5.004119807106235385e+00
6.446737957295415100e+00
7.181237723959125852e+00
7.535461594644204730e+00
7.484191983649693292e+00
6.480424463715835692e+00
4.146435244718747803e+00
1.262595083786677952e+00
-8.068604718014453780e-01
-1.442946057873571997e+00
-9.128631994098013180e-01
2.942420785143441964e-01
1.808722844542868025e+00
3.304261011351267374e+00
4.429130256593277970e+00
4.854414842571245892e+00
4.416464596541925580e+00
3.175493957020321556e+00
1.358533084458324325e+00
-6.412579723723307312e-01
-2.375251584708630848e+00
-3.547719742105833962e+00
-4.004867513396616729e+00
-3.755253894167992268e+00
-3.098839403698145478e+00
-2.469231443742879506e+00
-2.162458142359396263e+00
-2.224248690568412012e+00
-2.431398186898887204e+00
-2.512494793315301678e+00
-2.335718199106753268e+00
-1.863270070230323761e+00
-1.190364538336768252e+00
-4.872952939704305875e-01
1.433108428468115314e-01
6.690979076676781823e-01
1.030751560703189185e+00
9.602859602309392617e-01
-9.550675373959886805e-02
-2.454685719226178620e+00
-5.405327786967057513e+00
-7.569096721570278241e+00
-8.225267393594867471e+00
-7.520970667857740821e+00
-5.674694667463921149e+00
-2.801564535590018501e+00
8.102089041582927198e-01
4.514579550412080700e+00
7.522139971780288370e+00
9.445061117389025540e+00
1.040631595660975606e+01
1.069637297668561438e+01
1.046820581260997507e+01
9.460199784390692201e+00
7.087211443313502279e+00
3.362872890796004821e+00
-4.671698066834629182e-01
-2.974253547999902381e+00
-3.898465955632218094e+00
-3.825265298216481646e+00
-3.301233838714590529e+00
-2.597738433424233939e+00
-1.837648117481293308e+00
-1.164664946639328402e+00
-8.547887597375846136e-01
-1.121848668417793071e+00
-1.864922449280260075e+00
-2.710692726440294464e+00
-3.119999594642441032e+00
-2.664574862780426656e+00
-1.382797690754834274e+00
3.124328602098368490e-01
1.772265609858931557e+00
2.403789236678183006e+00
2.090655257021331259e+00
1.107480961884957260e+00
-1.130971743327350149e-01
-1.017081480797954907e+00
-1.082232503297948734e+00
-2.698668548031499248e-02
1.779304664694259852e+00
2.503298458847919239e+00
-3.256341952194535816e-01
-6.166807594691319672e+00
-1.110267580425673195e+01
-1.237795622654941674e+01
-1.030536434587959072e+01
-6.119042901414455393e+00
-1.042819801913035915e+00
3.448660091770624270e+00
6.276898114542187379e+00
7.238257661040150559e+00
6.923233052919182562e+00
6.477381239935542823e+00
6.892783872280730861e+00
8.282870635342877819e+00
9.273822703008907098e+00
7.571352837335588504e+00
3.008860088646161390e+00
-1.851216235313854597e+00
-4.561243833698913619e+00
-4.714365079716406726e+00
-3.194441659049196414e+00
-7.905951436927902698e-01
1.804071437914704701e+00
3.750619522677233419e+00
4.428368076037263457e+00
3.668448850973497155e+00
1.583623361531368623e+00
-1.375826340073860177e+00
-4.223418093493020997e+00
-5.932563995910109966e+00
-5.957434860219223083e+00
-4.191627223744187170e+00
-1.355407425368098551e+00
1.044200808880929143e+00
1.926558516878889904e+00
1.140973451947061790e+00
-7.252165705838539145e-01
-2.568925020435631978e+00
-3.559812216878774027e+00
-3.344438182692433870e+00
-1.771797106195317273e+00
9.094731067647722211e-01
3.918220030191654324e+00
5.900527292895884734e+00
4.682192738040637181e+00
-1.162068664420149666e+00
-8.686056022742519644e+00
-1.237452020932296648e+01
-1.082876735636532395e+01
-7.014355488720202203e+00
-3.650524054475404512e+00
-1.536964144197481730e+00
-3.516233378176752411e-01
6.835095934694298547e-01
2.220352103541059829e+00
4.504450476763723898e+00
7.502927915189972374e+00
1.080664082385696290e+01
1.338316615833005052e+01
1.337568117185281125e+01
9.039326592112933767e+00
1.757556777484101884e+00
-3.909978610296986457e+00
-5.415073035140947511e+00
-3.954049954598582328e+00
-1.675370770518752161e+00
1.469701088962631352e-01
1.047689966984096666e+00
9.368544759468082628e-01
-2.229189600011105554e-02
-1.475521492352958042e+00
-2.966331584085694306e+00
-4.021930760964875340e+00
-4.298153269156833822e+00
-3.638468665507989641e+00
-2.185569500765494055e+00
-5.367940291390644880e-01
5.738424179333240227e-01
7.769302285781711781e-01
2.140672553127751787e-01
-6.253282335364123146e-01
-1.242952335433037181e+00
-1.270536544235071341e+00
-3.932219622035962314e-01
1.491450094356202793e+00
3.825974648919522547e+00
4.803482683754121574e+00
1.845625862278503782e+00
-4.902299358021152464e+00
-1.077506168219990812e+01
-1.217790600633332154e+01
-9.886518806186312958e+00
-6.074353269606189265e+00
-2.175343938949500178e+00
1.077012278774724940e+00
3.354191909393450466e+00
4.758214375339447244e+00
5.722540923780575994e+00
6.776559806773362560e+00
8.365475535944240093e+00
1.047948329034715442e+01
1.203832883112388252e+01
1.079904116563776384e+01
5.519422890610145238e+00
-1.198928246816349352e+00
-5.343691844855044337e+00
-5.953032801308361321e+00
-4.468479174092908401e+00
-2.322222722099569925e+00
-3.224657004709181596e-01
1.042397505187290241e+00
1.427222111814851369e+00
7.310032839276924266e-01
-8.305337157244357948e-01
-2.761761652490477115e+00
-4.350009047098127191e+00
-4.968971250603016365e+00
-4.354629053249801984e+00
-2.658009793132761089e+00
-6.058465421809665630e-01
7.932286386966524994e-01
1.013160324526943157e+00
1.924547390270213709e-01
-1.096088015920784642e+00
-2.072647190769270953e+00
-2.041424028611475538e+00
-4.894113259860163323e-01
2.566913678742365867e+00
5.350170786147598001e+00
4.033750688125547157e+00
-2.889590571576104328e+00
-1.034530988510388916e+01
-1.277608978553176655e+01
-1.034540628892904479e+01
-5.472549360824116249e+00
-1.128350644690882393e-01
4.187186491915973363e+00
6.600758013115867406e+00
7.117636164213366534e+00
6.507169630717568154e+00
6.024529393110094944e+00
6.649844798041218752e+00
8.757090062227677052e+00
1.161758749455494133e+01
1.263399558846544757e+01
8.947260248547664219e+00
1.325201858789744724e+00
-5.509205810331079256e+00
-8.154596337922809468e+00
-7.266899888727241574e+00
-4.644558559523104257e+00
-1.553280521848123819e+00
9.726604794773885398e-01
2.183603290846454215e+00
1.788025604159618753e+00
-9.869864967292944768e-02
-2.892381641021927408e+00
-5.370673292498789664e+00
-6.260798687535878315e+00
-5.071602937238491648e+00
-2.109358211618494128e+00
1.345690266339531149e+00
3.515589440946241595e+00
3.614229962647442562e+00
1.961666330278054815e+00
-6.009673463106709468e-01
-2.775556698067032091e+00
-3.525053622115647212e+00
-2.389612650996043364e+00
8.784170501849696278e-01
5.357971839922110568e+00
7.627781542600837739e+00
3.586040755409742431e+00
-6.163748415800542446e+00
-1.405717781077796502e+01
-1.502523625310792710e+01
-1.079715705533882897e+01
-4.594964015364381815e+00
8.332467959519896938e-01
4.039880585899775944e+00
4.930690798357066917e+00
4.162741731524197242e+00
3.298877131225221859e+00
3.860049269978111930e+00
6.465807538271201693e+00
1.073678848687705845e+01
1.409576431806508445e+01
1.265797989540713253e+01
5.447515395869870325e+00
-3.207187192650466478e+00
-7.668051930790281467e+00
-7.212602877480708941e+00
-4.022306011505909495e+00
-2.176850836356098232e-02
3.144116692724602480e+00
4.566794912976120280e+00
4.176414223316323948e+00
2.083721866310745963e+00
-1.213691351263962437e+00
-4.429508445207541278e+00
-6.289067397077494626e+00
-6.113277845476442707e+00
-3.732113806143934731e+00
-7.401085547854518998e-02
2.944735481838291147e+00
3.964626711131172154e+00
2.826946431370918944e+00
3.876433490694723427e-01
-1.897028721173218857e+00
-3.054349779816385446e+00
-2.827428060228140527e+00
-1.252410561316425364e+00
1.269951913856847581e+00
3.925143238845894444e+00
5.800419997498309499e+00
5.673929774257696401e+00
2.146827661863143000e+00
-4.128144978451744329e+00
-9.483338659736732623e+00
-1.081324748882136255e+01
-8.861954829900957620e+00
-6.387915851331335659e+00
-4.902597624015428757e+00
-4.403993220078100457e+00
-4.103849021634171201e+00
-3.023135449624488658e+00
-6.760584802885851730e-01
2.801105636742924343e+00
6.810451912042993605e+00
1.034556250935025190e+01
1.209080269472578806e+01
1.047934816533625835e+01
5.199005387107572318e+00
-7.129145420654098286e-01
-3.519182524848379234e+00
-2.864955028618624056e+00
-8.009872531239007332e-01
9.866442590152589842e-01
1.939855462630930116e+00
2.066251811784800552e+00
1.582066250862970591e+00
8.564165893452598821e-01
2.307227871080762271e-01
-1.182726876538559707e-01
-2.020604904177383532e-01
-1.950030911214715446e-01
-2.802031833679893280e-01
-5.801878415582226722e-01
-1.213250075594292321e+00
-2.213754858630955002e+00
-3.444020865574659140e+00
-4.610089030998764770e+00
-5.357018019798844399e+00
-5.477503307477072703e+00
-4.949002453000502122e+00
-3.779349933822466312e+00
-2.016747903901283223e+00
1.448634018446042226e-01
2.189285952138618541e+00
3.026095151186613652e+00
1.492137578096755179e+00
-2.017656369967448793e+00
-5.007215399266450540e+00
-5.464915847825354334e+00
-3.787288267952613641e+00
-1.329894343951863789e+00
1.031810287050558994e+00
3.016473136510605002e+00
4.658909374905303657e+00
6.007245794505530867e+00
7.043524893762342920e+00
7.813974730546345171e+00
8.488208710232814980e+00
9.279940597431510341e+00
1.017828232777429243e+01
1.062697502059680765e+01
9.573491526839990939e+00
6.278301485006451799e+00
1.560155945404223976e+00
-2.483588958093826626e+00
-4.492745710153060124e+00
-4.622771687894645432e+00
-3.723719225083289786e+00
-2.574856904110930600e+00
-1.645646981468120718e+00
-1.182946880563689351e+00
-1.299950413437970020e+00
-1.944818906640157774e+00
-2.808221749762157771e+00
-3.146233787350697142e+00
-1.897242281777941519e+00
1.308067043926839368e+00
5.309057195548698260e+00
8.318044941989599650e+00
9.416126964180858039e+00
8.808111244356204850e+00
7.070891833549860728e+00
4.717615936502052243e+00
2.277388974950476097e+00
2.856281392376032735e-01
-9.257382965200812164e-01
-1.355338249468027056e+00
-1.265254183580663216e+00
-1.073692102452835861e+00
-1.248977565710242432e+00
-2.067054587484892902e+00
-3.243955213464352560e+00
-3.665310580856400158e+00
-2.055875293682587923e+00
1.328389110937927775e+00
4.625730213776368061e+00
6.191081502601552877e+00
5.686252094581027094e+00
3.615771094085029613e+00
6.745656577473106985e-01
-2.359282222665229689e+00
-4.724253646724199562e+00
-6.016759312032994522e+00
-6.286938615161194122e+00
-5.849807390223965342e+00
-5.191134162103684169e+00
-4.755705654318643560e+00
-4.621740919765355393e+00
-4.470399269774942397e+00
-3.727170048558712701e+00
-2.134913213432316326e+00
-1.841100279951531637e-01
1.380697057363160729e+00
2.031511254517128773e+00
1.642529533874642400e+00
4.332592007003234214e-01
-1.295703605806711511e+00
-3.161046989106032434e+00
-4.573888177722416515e+00
-4.987562118131685374e+00
-4.093189680712061573e+00
-1.798942955128946419e+00
1.392634959546553697e+00
3.840116827185548587e+00
3.141229646843045398e+00
-1.885796294215211555e+00
-8.627575068361302613e+00
-1.242283442981196728e+01
-1.160462243314661102e+01
-7.678383223235731414e+00
-2.968868323546673960e+00
7.652508793382651886e-01
2.851062385059938808e+00
3.416647143786903484e+00
3.215387172886154499e+00
3.372983468886082470e+00
4.753393247209383610e+00
7.420286936878903283e+00
9.990272165546855376e+00
9.987728093616487612e+00
6.349991644273245583e+00
1.023516450877246742e+00
-2.740654566441456996e+00
-3.474942863505192658e+00
-1.811817965402618080e+00
1.103368632624145862e+00
4.148988300729525847e+00
6.401942288391365921e+00
7.449552109042676840e+00
7.290987696923991734e+00
6.109365604412122508e+00
4.261634379755442126e+00
2.314995848327109584e+00
8.182405383571754731e-01
6.273542769354120696e-02
1.736642299998843730e-01
1.064353938727326643e+00
2.219547255620215598e+00
2.999587700699368753e+00
3.120012253201392305e+00
3.061269994848708098e+00
3.809845394608128988e+00
5.416421865698816340e+00
6.926484993643704513e+00
7.214476719300577656e+00
5.666676963548010981e+00
2.400245979298106125e+00
-1.872897760549889545e+00
-5.973604515727224396e+00
-8.811518804130333393e+00
-9.878604814512007337e+00
-9.052371740221511587e+00
-6.716990018329673795e+00
-4.044014282161338514e+00
-2.283497391872223670e+00
-1.771405638788691173e+00
-1.803042551080595635e+00
-1.682824402667264296e+00
-1.325181233952454907e+00
-9.422937676608003077e-01
-8.178100583816302338e-01
-1.187638736613428891e+00
-2.102755978506619439e+00
-3.448469573943965472e+00
-4.918002995552525292e+00
-6.016464689714867475e+00
-6.364212758548283055e+00
-5.797567532365789589e+00
-4.222053037024946498e+00
-1.757121741711604734e+00
1.040927264306242161e+00
3.120245035850717219e+00
3.010436069973558393e+00
-2.268715912443051430e-01
-5.288089487580746706e+00
-8.972691707604562694e+00
-9.261823237286625599e+00
-6.918463474375787570e+00
-3.881821887749493882e+00
-1.479346837710387996e+00
-1.023221916957915284e-01
6.003042190318053084e-01
1.319434002119428184e+00
2.632699131909035817e+00
4.789979556711250197e+00
7.509190682529119698e+00
9.821587352449190789e+00
1.020620217518196604e+01
7.521443844009303881e+00
2.702329948561395412e+00
-1.412241147820520126e+00
-2.846937135583211820e+00
-1.823713638121925218e+00
3.757701764088003382e-01
2.656786548991935337e+00
4.419217439014526683e+00
5.398040949579075765e+00
5.581321062680978606e+00
5.135180965824287291e+00
4.336465038822005624e+00
3.526709970863124433e+00
2.926160408740194896e+00
2.563296344681473382e+00
2.395889253999510693e+00
2.288795049850840257e+00
2.003170273491003073e+00
1.383641833910371988e+00
6.276934869067185563e-01
5.988328007669589947e-01
2.289114436549785303e+00
5.258683165952215077e+00
7.755839519192161191e+00
8.401458263471672794e+00
6.985238760857436446e+00
4.002923234477458792e+00
1.843501549306764409e-01
-3.510814214989405713e+00
-6.236427925794619576e+00
-7.694637761894989936e+00
-8.048359259512640307e+00
-7.697666124541206578e+00
-7.031594756404883739e+00
-6.181479718191832617e+00
-5.058151384306534659e+00
-3.515880245314532804e+00
-1.749164472587366959e+00
-3.059456625863425372e-01
3.920346530216526348e-01
2.285391400889131563e-01
-6.548665084208861176e-01
-2.012318776081948979e+00
-3.604524485543297629e+00
-5.123210844637976713e+00
-6.176193030443123178e+00
-6.459257833987699371e+00
-5.814792784084720445e+00
-4.228535950386963727e+00
-1.923854599693389789e+00
5.816290389297149588e-01
2.422572228082084944e+00
2.363184035817448958e+00
-5.130477584212158604e-01
-5.218646216333712395e+00
-8.791005480147614293e+00
-9.199062069108205009e+00
-7.140953841373381294e+00
-4.426366432215747437e+00
-2.200894335375544575e+00
-7.170691380779679047e-01
3.311569491467494797e-01
1.455726056872363783e+00
3.109782232874058305e+00
5.469050704068457058e+00
8.181218139085824959e+00
1.025307854763469706e+01
1.026906204082360929e+01
7.377221362531333426e+00
2.700429101747173988e+00
-1.113293560603052734e+00
-2.358815233990936289e+00
-1.340817068428708181e+00
7.059876980594715912e-01
2.755900669690094951e+00
4.270372880737861365e+00
5.079181081302616363e+00
5.231940710483269363e+00
4.862693798667242717e+00
4.155799357409412309e+00
3.346628264237120565e+00
2.613143545736861029e+00
2.019523775749477945e+00
1.546037502547509490e+00
1.115364375093788274e+00
7.131219852555540362e-01
5.410694986857333966e-01
1.019418752262375438e+00
2.548964025795428245e+00
4.901607088220496955e+00
7.055444992535278459e+00
8.017724172914185488e+00
7.425716252030116316e+00
5.471670633066670675e+00
2.582660778921896050e+00
-7.004140976778908678e-01
-3.737570293386563325e+00
-6.021768534775225667e+00
-7.333337003915989527e+00
-7.681269472045525681e+00
-7.227929633705673318e+00
-6.166795586147808983e+00
-4.675867930069326661e+00
-3.020453756468805651e+00
-1.545904077713689428e+00
-5.654886238597646164e-01
-1.967572960472646348e-01
-3.977040838073490625e-01
-1.100794095528299099e+00
-2.207858293416451012e+00
-3.573018717553445356e+00
-4.996761573765694742e+00
-6.227133294229654226e+00
-7.049080377245108942e+00
-7.352927224548188256e+00
-7.095510660527209801e+00
-6.313498846364424821e+00
-5.146838996441607250e+00
-3.786201124326853407e+00
-2.434873362593773294e+00
-1.316941763786159791e+00
-7.247586153044034418e-01
-1.007340220527442654e+00
-2.236970460042199793e+00
-3.822748941848229887e+00
-4.850482564271886510e+00
-4.832799630971958749e+00
-3.850679343688149903e+00
-2.125856411696783965e+00
1.719874506108698686e-01
2.825764400722586611e+00
5.523191517655940963e+00
7.912562427323999614e+00
9.764573465373093342e+00
1.103889402942942510e+01
1.169535501916698195e+01
1.148836439528640696e+01
9.976620495150765322e+00
6.969033234900844143e+00
3.228847216186992330e+00
1.933274741492487792e-01
-1.300420054030342998e+00
-1.472767759719873171e+00
-9.977711168689240573e-01
-4.119460405353655985e-01
7.873152346525054759e-03
1.329172858078792041e-01
-7.761922297788298453e-02
-5.564806049897389473e-01
-9.919016406426028887e-01
-6.306331415283349395e-01
1.421650556568383461e+00
5.119483264586386362e+00
8.952093887298332220e+00
1.128955646566654458e+01
1.170082030615363600e+01
1.055212726100070064e+01
8.248455788324454474e+00
5.149006859190865093e+00
1.754234763019508758e+00
-1.328237100063612397e+00
-3.658413104684390404e+00
-5.150347107701821692e+00
-5.951132375027619048e+00
-6.243434199095757364e+00
-6.045947362404731962e+00
-5.118284827213765098e+00
-3.414448471032459409e+00
-1.561734741091031831e+00
-4.003472487732142038e-01
-2.898451539624145590e-01
-1.059611234057523443e+00
-2.389638298219581181e+00
-4.002124321815920815e+00
-5.620056965345137101e+00
-6.971500402713035172e+00
-7.848016959527255310e+00
-8.176321079658405822e+00
-8.047036513116072598e+00
-7.651630014252960521e+00
-7.240634513649296444e+00
-7.057182825282151128e+00
-7.208271443911371534e+00
-7.631559711543285829e+00
-8.067424470022091398e+00
-8.001710451821455905e+00
-6.791374834488896006e+00
-3.888085030185006730e+00
6.992015431830079786e-01
5.278678052035257195e+00
6.185630723664512942e+00
1.691863675093232100e+00
-3.613015209395340932e+00
-4.420104652396772416e+00
-1.121118299005479768e+00
3.422524987106623673e+00
7.189798862502762233e+00
9.340850706094588674e+00
9.864290862206830823e+00
9.126789991987505957e+00
7.676333821812419522e+00
6.158267309054523686e+00
5.090370164268414932e+00
4.755589699838892237e+00
5.223044828950716756e+00
6.345296555919706982e+00
7.777593864185099903e+00
9.078449405727024413e+00
9.888583759893004199e+00
1.002813133777111076e+01
9.461395544739417574e+00
8.335538509900137782e+00
6.983347897610770794e+00
5.708565715411520358e+00
4.619494734160005223e+00
3.518816268329091113e+00
1.800702525796133990e+00
-1.181241924061389836e+00
-5.048206155703890197e+00
-7.085052851603986568e+00
-4.318159693330122728e+00
8.378182477702883491e-01
3.324985889101432779e+00
2.131434437451868558e+00
-9.400283744333262081e-01
-4.346778830621223833e+00
-7.127477979688773502e+00
-8.640921222042367233e+00
-8.674467260664821211e+00
-7.427061872661706587e+00
-5.356518380894001119e+00
-3.117629353298044581e+00
-1.370826898486768863e+00
-4.811436191709010934e-01
-4.973929874203997792e-01
-1.136246556081589310e+00
-1.724866299650619439e+00
-1.596597119800723386e+00
-5.120753682857478450e-01
1.390344159468936525e+00
3.607525931298011468e+00
5.375890755319064240e+00
6.131714041196867804e+00
5.680849778064714251e+00
4.278050357203669662e+00
2.704846184576052970e+00
1.772555376011925921e+00
1.796600004465381817e+00
2.599054548367100370e+00
3.637126801629000816e+00
4.137733803874365179e+00
3.271098356106764804e+00
4.345410687551433671e-01
-3.709857161544348969e+00
-5.677449862267462066e+00
-1.476297422241023893e+00
6.349058755393873099e+00
1.057476444154327133e+01
9.085661785197832074e+00
4.272968703796885315e+00
-1.443613257686929829e+00
-6.170320711149490656e+00
-8.821931874342487490e+00
-9.290802968320676314e+00
-8.206524435212468660e+00
-6.740637011135861556e+00
-5.999244653349799172e+00
-6.640712537183549813e+00
-8.867807841253055656e+00
-1.198843181402202873e+01
-1.378720887068885226e+01
-1.139189976753845457e+01
-4.360453052996262180e+00
3.540155356862174862e+00
7.955237175826841423e+00
8.231790088394111748e+00
6.040735492469313073e+00
2.956306933542781401e+00
2.019213833757632637e-01
-1.218197116249950973e+00
-8.384965130586220505e-01
1.177930291039593236e+00
4.015484417402180206e+00
5.682268709885126334e+00
4.025288725899518916e+00
-1.089876769354746644e+00
-7.426607723790112914e+00
-1.160118885680336298e+01
-1.206752061494862183e+01
-9.589502727914990032e+00
-5.463982004303267637e+00
-1.333117716223871874e+00
1.347748982293735409e+00
2.286025235427542768e+00
1.694148007038053905e+00
-6.818143856016921356e-02
-1.869188018201322965e+00
-2.353702156824821756e+00
-7.989027689015280043e-01
2.804019463028652570e+00
6.783851213370064137e+00
8.032307013223537240e+00
4.840833008251893332e+00
-1.572177693302607482e+00
-7.204036472491364584e+00
-8.939098848646299444e+00
-6.832403261878160272e+00
-2.366012903225543251e+00
2.229957485691897112e+00
5.154824788753580300e+00
6.094014341721682548e+00
5.379796749829266922e+00
3.646252013203379327e+00
2.044416127743972300e+00
1.667849778430154695e+00
3.044176956406175805e+00
5.958852354203358459e+00
8.875582934724326023e+00
9.608038429480318499e+00
7.374005942000387392e+00
3.094052046156531510e+00
-1.138175488675489344e+00
-3.353033791035790578e+00
-3.091358279880940252e+00
-8.800087914140725109e-01
2.321490950518909191e+00
5.007701987826851386e+00
5.934473873467007721e+00
4.664781736302615833e+00
1.087361108838602597e+00
-3.797618787713755939e+00
-6.324174062425009346e+00
-2.229516581913430162e+00
7.684003645838641816e+00
1.539893527409395269e+01
1.558468971419715388e+01
1.013786069875441065e+01
2.792647279867916943e+00
-3.185473778123330213e+00
-6.347361360058819457e+00
-6.830434636907601664e+00
-5.580594030908625491e+00
-4.530879812022966746e+00
-5.429765687372566596e+00
-8.763171225410207654e+00
-1.322063283411870316e+01
-1.503002845838319068e+01
-1.111298309144355301e+01
-2.953443111631495199e+00
4.275168028974809964e+00
6.912886876245679879e+00
5.541194331009371865e+00
1.994058033285380560e+00
-2.063688402527545485e+00
-4.925431544891651470e+00
-5.714138355636332989e+00
-4.513962254552410513e+00
-1.486503954063413069e+00
2.671013142602161938e+00
5.817100148610181876e+00
5.700449079001105979e+00
1.204470064331198520e+00
-6.045458333134511086e+00
-1.138515872374533089e+01
-1.220476280741522679e+01
-9.193157093219699760e+00
-4.414933637062799399e+00
-4.224813083651035583e-01
1.518174776276822513e+00
1.329967850833506882e+00
-5.102352795250344464e-01
-2.462134758808730339e+00
-2.840819347824221186e+00
-9.904882411867877989e-01
2.959291655047171954e+00
7.385710738841788192e+00
9.358957467520903961e+00
7.027241910730579910e+00
1.001845628009877975e+00
-4.892299227622169511e+00
-7.012681965242946625e+00
-5.153629901350662124e+00
-9.243154728410345466e-01
3.387902563009036694e+00
6.129737374609828038e+00
7.052077722737592147e+00
6.348351038086138765e+00
4.567440388106669857e+00
2.928668366611461238e+00
2.530014969020633497e+00
3.743212649758935306e+00
6.337212739168689879e+00
9.350480727594737473e+00
1.133456938440152229e+01
1.141337102403943682e+01
9.419622821553760517e+00
5.819465814231527645e+00
2.036106594464147879e+00
-5.048046974367973450e-01
-1.443211143256472484e+00
-1.019585578342122378e+00
7.035964827614876738e-02
5.048006396993172107e-01
-5.533120546426579800e-01
-1.747634918891347588e+00
-3.892770228573379510e-01
2.714750193188407934e+00
4.723459348162651672e+00
4.302189046605724876e+00
1.750497057393955780e+00
-2.341152338752458650e+00
-6.789685735787138299e+00
-9.902998199582631500e+00
-1.084717082419441425e+01
-9.798712068654705121e+00
-7.363835451992526870e+00
-4.593614765596976568e+00
-2.717730825015408413e+00
-2.450514020394977788e+00
-3.959886719135103927e+00
-7.005706516749350854e+00
-1.053530679179736218e+01
-1.287446889017515694e+01
-1.253712641641292613e+01
-8.481459603437851769e+00
-1.603399174897999657e+00
4.460837214066377676e+00
6.933095167430076700e+00
5.917624513148910026e+00
3.205595539673801397e+00
8.224637166261050680e-01
-1.654525671814416343e-01
5.613679921037600939e-01
3.021635094573392966e+00
6.267942528074162745e+00
7.649325920598642803e+00
3.968889206213617182e+00
-4.786691558822141701e+00
-1.320601329331958773e+01
-1.644300541618401112e+01
-1.485139893542162248e+01
-1.065907496737778359e+01
-5.910188784024182240e+00
-2.182261017635641398e+00
-2.096179619267435623e-01
3.936841682501979363e-03
-7.474531768559187217e-01
-9.943954680785846989e-01
5.723885612921989496e-01
4.548361404830877142e+00
9.747314999757106690e+00
1.225406422044224186e+01
8.456201381432141062e+00
2.408443175583950546e-01
-5.771891869100082673e+00
-6.413388067060139974e+00
-3.324816301139900787e+00
1.153924933093083860e+00
5.032527374617498772e+00
7.187242698778914196e+00
7.456749589605410122e+00
6.051018700050916799e+00
3.534370629663726504e+00
9.411372103517009480e-01
-7.314921581665158046e-01
-1.085381223331234102e+00
-1.813115690456225670e-01
1.745814627016668341e+00
3.992776629514932729e+00
5.584657409657386218e+00
6.086840272974392896e+00
5.491847307321457095e+00
3.926990683258864578e+00
2.073669986290750167e+00
8.863030532578705101e-01
8.858690502101971287e-01
2.214714016478299463e+00
4.696697504236463594e+00
7.546045418999645094e+00
9.598427425715097883e+00
1.000930214663976159e+01
8.563582729540204497e+00
5.710585740889584372e+00
2.564350224884742957e+00
2.784129152596346857e-01
-7.561486028164685624e-01
-6.930270980784742907e-01
-5.992820944986773646e-02
-4.359628238186573357e-02
-1.481405290240252137e+00
-3.013879053625701410e+00
-1.647658686166807440e+00
2.133271508477202261e+00
4.868793343522574979e+00
4.921703487410582945e+00
2.785918046352970023e+00
-8.759464479877685505e-01
-5.124301429331482360e+00
-8.444771352649560470e+00
-9.799328719962261403e+00
-9.148589767880398682e+00
-7.109576618616675781e+00
-4.612126842662349624e+00
-2.698246972989693848e+00
-2.149950449751595549e+00
-3.292248128315013567e+00
-6.091930178668828688e+00
-9.742936303294715827e+00
-1.239226137612451950e+01
-1.213463223019813064e+01
-7.834210435212365375e+00
-5.283590997706694159e-01
5.839886184280307369e+00
8.311025783210896023e+00
7.089490745380216730e+00
4.016465705405095399e+00
1.220350472390502317e+00
-1.343338656825164845e-01
1.314278142410317540e-01
1.936078043755091960e+00
4.780727917425643625e+00
7.408969577921413752e+00
7.971550152892290519e+00
4.699709124392427384e+00
-1.996696213776089968e+00
-8.452733124535935616e+00
-1.133657676605998610e+01
-1.045608882822124563e+01
-7.481531428816850848e+00
-4.197093270387601827e+00
-1.749671079917664462e+00
-6.885276064343762714e-01
-1.044590952306633680e+00
-2.426233977611934822e+00
-4.124764020775187667e+00
-5.253723277115365242e+00
-5.285327867068740915e+00
-4.126611731383628801e+00
-1.756347143507039243e+00
1.436685665517487109e+00
4.482846342044597421e+00
6.193211414690821925e+00
5.120784958705243639e+00
7.875466036658169688e-01
-4.463603625110018847e+00
-7.232871611924752031e+00
-6.453094288628960840e+00
-3.946091950537652604e+00
-1.776261288819352968e+00
-6.536216505266450039e-01
-3.970319770890008426e-01
-2.534732615392800148e-01
5.217954145046880265e-01
2.135892061789926188e+00
4.498047900478896466e+00
7.245545949073481040e+00
9.703617924449812193e+00
1.089793290695067540e+01
9.451928129343814433e+00
4.926544979137262636e+00
-5.431984877320159555e-01
-3.958836712876446118e+00
-4.355107241137987195e+00
-2.927091912144321739e+00
-1.126107605565535685e+00
3.139097872931915223e-01
1.051596935338106942e+00
1.055506447891290556e+00
5.793947648772990178e-01
-8.471342475187661203e-02
-6.752857958416055295e-01
-1.102796645499844130e+00
-1.481337990308126074e+00
-1.842279621076445606e+00
-2.200361375699590560e+00
-2.702651639198430988e+00
-3.439456720482358953e+00
-4.381942573660121631e+00
-5.273739132349184899e+00
-5.668494400487165130e+00
-5.417973460965662902e+00
-4.687817737826033948e+00
-3.663999362730335108e+00
-2.561400569696995255e+00
-1.484509572720625004e+00
-4.355185654564056597e-01
6.308198763111706464e-01
1.837796574887357925e+00
2.812296638558134720e+00
2.233146237021597980e+00
-8.770382143596540114e-01
-4.885987388680658405e+00
-6.801035023147458780e+00
-6.099466995049872331e+00
-3.912203399031498829e+00
-9.788074596191618237e-01
2.231288462134939810e+00
5.172601462267776284e+00
7.232309739451523889e+00
8.097107221811937094e+00
8.069278492544068371e+00
7.645741181647412787e+00
7.292721127100977974e+00
7.523845968005684171e+00
8.555156635455469782e+00
9.900537168054643899e+00
9.970123832826201848e+00
6.747354633340407304e+00
7.252643416565175416e-01
-4.835907730871220167e+00
-7.617408455501936793e+00
-7.734164640425751358e+00
-6.378708929005252770e+00
-4.435615696941230368e+00
-2.452325110490287674e+00
-1.084869268956054622e+00
-8.196296216971015181e-01
-1.651271020883190443e+00
-3.249376329304787703e+00
-4.938236681709729403e+00
-5.807677263409880553e+00
-5.225100229083506242e+00
-3.079613265569943525e+00
-1.058672730577869397e-01
2.283472928129713253e+00
3.170582615903388746e+00
2.620884486456288798e+00
1.231286114553172384e+00
-2.434670928065847395e-01
-1.064722852877534987e+00
-5.731592006951594653e-01
1.397657264353796780e+00
3.391273376630574710e+00
1.974230717771923604e+00
-4.094037873283596696e+00
-1.060346232872682926e+01
-1.319367349167979597e+01
-1.166843112636406765e+01
-7.409816133395920268e+00
-1.700986887392984981e+00
3.677090580179211532e+00
7.146960881019089662e+00
8.206796220836652722e+00
7.505550356456755168e+00
6.487843316194300769e+00
6.499042373192898125e+00
8.101580866917986512e+00
1.035543340564473169e+01
1.033401334284310380e+01
5.962115717070579635e+00
-7.759821900032800590e-01
-5.771246665998907233e+00
-7.161157799997639906e+00
-5.957975142644052369e+00
-3.371648614515652564e+00
-2.623634822020168844e-01
2.333604702756625127e+00
3.536712560601097621e+00
2.987283803523049119e+00
8.112478153203038778e-01
-2.358053160818203597e+00
-5.138887000115741621e+00
-6.202140733793910954e+00
-5.197216918793354345e+00
-2.444328701132933546e+00
8.320230413106954881e-01
2.827748837852389396e+00
2.798361426649382366e+00
1.037502644794404016e+00
-1.705980959444328260e+00
-3.966591304777823623e+00
-4.575787995511707784e+00
-3.072676716952922771e+00
8.678908645526499654e-01
6.052584992795464025e+00
8.431251903203627052e+00
3.639167206644180474e+00
-7.012543562723929647e+00
-1.459805194025691399e+01
-1.437968363513668280e+01
-8.996678497079816594e+00
-2.201274016088439645e+00
3.009731279464904929e+00
5.555682395812974406e+00
5.698078627540206220e+00
4.357578552466619293e+00
3.380154974681365498e+00
4.140527287660783706e+00
7.044016712591082197e+00
1.159873447087592169e+01
1.506480379937979386e+01
1.362355791820707118e+01
6.131086081545218391e+00
-3.263269119622884240e+00
-8.358624518628033684e+00
-8.113183736422524106e+00
-4.836851148422928404e+00
-6.769805264125957622e-01
2.498073383986632479e+00
3.791494626657812006e+00
3.203217490384571153e+00
8.224778865609707612e-01
-2.713175098218871373e+00
-5.824254485857252028e+00
-7.036456107420263173e+00
-5.510230151333750825e+00
-1.399191956616574473e+00
3.332817175512422736e+00
6.214595475103952715e+00
6.240649453336930108e+00
3.897135144563183218e+00
6.887275209651381180e-01
-1.784796757752517893e+00
-2.772616096033132305e+00
-2.204922383937637065e+00
-3.093228969532615946e-01
2.317313623485544927e+00
4.760576444760211245e+00
6.273099477969873661e+00
6.118137656515741263e+00
3.458673640063199439e+00
-1.273459595981144776e+00
-5.871340450841247005e+00
-8.085160617937118488e+00
-7.562512088166760904e+00
-6.059689302916143383e+00
-5.126777036836986490e+00
-5.142640195826976068e+00
-5.735823329351258160e+00
-6.017395360908008861e+00
-5.242758682212781629e+00
-3.195157998009809486e+00
-3.272602084582806881e-02
