0.000000000000000000e+00
-2.062899416592159640e-01
-4.191987161140213192e-01
-6.552200118610674862e-01
-8.116068032225544071e-01
-1.034888137818389842e+00
-1.206851761429375669e+00
-1.537322499530362263e+00
-1.795149461327171014e+00
-2.107910075478288014e+00
-2.311988934372267934e+00
-2.506364895045052332e+00
-2.532936954019047171e+00
-2.419708461699343172e+00
-2.134973420953774514e+00
-1.765475126106103687e+00
-1.435597374488795541e+00
-1.056352001442106836e+00
-7.943721668308707518e-01
-4.969526953331671604e-01
-3.091996800403788437e-01
1.157887331803415278e-02
4.126648541808538573e-01
1.052446495240386692e+00
1.747552575456807755e+00
2.437086835765017501e+00
2.723856715163312625e+00
2.123840387748347602e+00
3.695109264593837151e-01
-2.318753936194111631e+00
-4.723335914865957719e+00
-6.093559668223141657e+00
-6.065145360946110564e+00
-5.088347839044329746e+00
-3.534091535107191984e+00
-1.813453524997878485e+00
-2.294448288809220193e-01
1.094381230682636819e+00
2.094916273838854259e+00
3.012083889514331592e+00
3.833555582603433542e+00
4.827021846439413899e+00
5.757742933712963307e+00
6.549888293719737575e+00
6.579012590707784547e+00
5.477265914538302027e+00
3.250317325774247479e+00
6.373620483756284871e-01
-1.330892915768003171e+00
-2.253963827936128705e+00
-2.106454384738700281e+00
-1.462124190215033925e+00
-6.111503785636157593e-01
-1.099238283376298003e-01
1.428952709562371706e-02
-3.653240673049508169e-01
-9.301826508065073051e-01
-1.399854114861616816e+00
-1.401139674866328733e+00
-6.467692654764586324e-01
7.768942590596378261e-01
2.529523265639444407e+00
3.839412040626414502e+00
4.430613718020114611e+00
4.143640244070694756e+00
3.478424807126361706e+00
2.633346716975541568e+00
1.964041754588750743e+00
1.487545497904485092e+00
1.165992165710382888e+00
8.524430730314598303e-01
3.110307546642955279e-01
-4.515482243293454934e-01
-1.455463328790535638e+00
-2.404280735331778107e+00
-3.279295229086152563e+00
-3.761253774373547465e+00
-3.933827781175802230e+00
-3.624325045967727199e+00
-3.070916049282836013e+00
-2.354212506314585340e+00
-1.643144132609079877e+00
-9.829665812628189947e-01
-3.548972113926940897e-01
1.236262803021040413e-01
5.209819862738294116e-01
6.904177326261320413e-01
7.915910840143975946e-01
6.650292289401321666e-01
5.397836073334912887e-01
3.962549609533780881e-01
4.883341289958202935e-01
7.810627281569771929e-01
1.215068374275755758e+00
1.492902452327423468e+00
1.247256207681589846e+00
2.519643017338655255e-01
-1.494434094830020099e+00
-3.321169130398229807e+00
-4.669270943754781023e+00
-4.961504445365964244e+00
-4.405859192144532699e+00
-3.240075831524253491e+00
-1.937064730229670406e+00
-7.795782837938445287e-01
6.718705840519964556e-02
5.698463281634846833e-01
9.495078886246260952e-01
1.371621416730150367e+00
2.107597265929971098e+00
3.030952325256059510e+00
4.110062938245190978e+00
4.881526502223753283e+00
5.117390571901458962e+00
4.455557104010065217e+00
3.045047322765608744e+00
1.331330420603193065e+00
-7.074933163960148153e-02
-7.527728699971246717e-01
-8.098085638695362576e-01
-4.432996430056354575e-01
-8.728529429335189771e-02
1.330556955104428840e-01
-2.584010027362706324e-02
-3.996396151763297877e-01
-9.524485563564215607e-01
-1.406105140454827929e+00
-1.639627561536493916e+00
-1.463586493375180542e+00
-7.846583138316971517e-01
3.520171737228156572e-01
1.750900464789364674e+00
2.983970441471183399e+00
3.872764149794556410e+00
4.228542870514313989e+00
4.207208043952411103e+00
3.773063617213989751e+00
3.069789269442706470e+00
2.133327467694905888e+00
1.071395911417691416e+00
-9.688556665671367932e-03
-1.045280404770504434e+00
-1.909335103356354368e+00
-2.628109641278906672e+00
-3.166549347120587665e+00
-3.678461667267750368e+00
-4.059425457630861267e+00
-4.288054366678004214e+00
-4.080756423297398960e+00
-3.360642078734639160e+00
-2.149853026622577712e+00
-7.370729029778291252e-01
4.442618432110952975e-01
1.126630571397498892e+00
1.183344829271078646e+00
8.383278653351391441e-01
2.815014668362216255e-01
-1.535317953133741309e-01
-3.736393777664318017e-01
-2.071801958036289804e-01
2.602288750667435813e-01
9.161036330218466084e-01
1.453084523628628277e+00
1.539856457718943528e+00
9.575073763646956282e-01
-2.972569322509295286e-01
-1.837927558019472718e+00
-3.190348912165307471e+00
-3.875646453191897933e+00
-3.881581750379545337e+00
-3.352462841806179927e+00
-2.653059118464711208e+00
-1.958208520399149277e+00
-1.344647020506529511e+00
-7.801006099218423806e-01
-1.627836486916280079e-01
5.329419697094093245e-01
1.368942023027240662e+00
2.249584420439008081e+00
3.113662747088127070e+00
3.763046642137963360e+00
4.152215174212988913e+00
4.162448829054203436e+00
3.838388362821045785e+00
3.202166928195663953e+00
2.380791110813948563e+00
1.549481170821241927e+00
8.166510644256533835e-01
2.864407136848280411e-01
-8.016366852729701897e-02
-2.583596722801626000e-01
-3.453876054774747129e-01
-3.576081910854432278e-01
-4.340025919072565963e-01
-5.956486876518750639e-01
-9.049640069606467163e-01
-1.297193275925307310e+00
-1.594035988970488260e+00
-1.475341413991045458e+00
-5.480161657545441489e-01
1.219961345771459982e+00
3.394225571804289743e+00
5.137643925551340196e+00
5.929616463020464856e+00
5.640006656634990456e+00
4.561898306437123907e+00
3.055756025764106543e+00
1.490417447972963938e+00
1.512331683843490260e-01
-8.935878014049528639e-01
-1.659929018393530242e+00
-2.364564580894319423e+00
-3.126804032543471834e+00
-4.067697412647315325e+00
-5.024096416569017620e+00
-5.675988457699040701e+00
-5.493417200031438519e+00
-4.213030885436925388e+00
-2.107780357988292774e+00
4.497661096433552136e-02
1.431935660241381969e+00
1.818176622381321161e+00
1.351827935293239191e+00
5.318060953496086540e-01
-2.556659450289525681e-01
-6.711799890133093305e-01
-6.367834675951825618e-01
-2.039174999718139647e-01
4.026199339163344937e-01
9.268473743349612270e-01
1.119259209968645141e+00
7.961965365027174890e-01
1.183581671495390758e-02
-1.046541554037742738e+00
-1.968440361022315122e+00
-2.546836716233097597e+00
-2.693992809579253578e+00
-2.588940738695485688e+00
-2.375007214908147812e+00
-2.167261290362967774e+00
-1.945175324982056031e+00
-1.616015013526557187e+00
-1.100572364166185757e+00
-3.412640838786138442e-01
5.340017129457064193e-01
1.426503361105623924e+00
2.135216220196450188e+00
2.633718910359911458e+00
2.875690262814534659e+00
2.978486933128742908e+00
3.017103498761160907e+00
3.113474041066132791e+00
3.240019051976669395e+00
3.292109053472833224e+00
3.130472457959827981e+00
2.656224018568669187e+00
1.972150804519561484e+00
1.192491580139618090e+00
5.513074633148020709e-01
1.167414597425135425e-01
-6.372138461000614873e-02
-1.605339775341526609e-01
-3.286247032614402208e-01
-7.765734006807893941e-01
-1.490331855181425524e+00
-2.214199698733294586e+00
-2.342884332024475658e+00
-1.135822539348593452e+00
1.507314852218661017e+00
4.680674253698124510e+00
6.872811000296936257e+00
7.334244406866980981e+00
6.212487478720563949e+00
4.177455654929758566e+00
1.883987987192097924e+00
-1.621597472039636445e-01
-1.676645703251563146e+00
-2.681042357533909293e+00
-3.374769569955881732e+00
-4.145775143719951039e+00
-5.175575772183627521e+00
-6.455151287328750875e+00
-7.473107502405797575e+00
-7.504541619348355397e+00
-5.940448432800934597e+00
-3.026210779449014954e+00
7.324023893614133029e-02
2.126212207881286620e+00
2.645980021147011030e+00
2.027920942770790713e+00
9.076678031367899635e-01
-4.825753557945402367e-02
-4.921651735620617973e-01
-2.521051926775600416e-01
4.922316329125216439e-01
1.354361793350090437e+00
1.743386899239256049e+00
1.152408962953499705e+00
-5.133614064513319919e-01
-2.762486291568035490e+00
-4.659961017590679155e+00
-5.521091442070019895e+00
-5.190385304994262761e+00
-4.133900384180813958e+00
-2.913472278274582994e+00
-2.008229270140053924e+00
-1.531766364579564277e+00
-1.348238073170863416e+00
-1.150662090856009012e+00
-6.284862169292814160e-01
3.514095510343452911e-01
1.731059240905965746e+00
3.190849466883260988e+00
4.356992404738119440e+00
4.823287265648669830e+00
4.450432787487874187e+00
3.319319551894378773e+00
1.878293303133954373e+00
6.276669988503706943e-01
-1.026333053176172461e-01
-3.299304866214158305e-01
-3.245970113553588998e-01
-3.107097867032940774e-01
-4.054837462505077039e-01
-5.229007335451326677e-01
-5.771193664808782486e-01
-4.509511767868713550e-01
-1.881270397400977012e-01
1.350374959586810031e-01
3.329944888847430340e-01
2.801953690189588619e-01
-6.235169441689800834e-02
-5.597165292373689205e-01
-9.183672231170436628e-01
-8.290729696135442639e-01
-1.259089792728187718e-01
1.004564700254389820e+00
2.161053948918197687e+00
2.852657215968794180e+00
2.874158647406745537e+00
2.274747173809909206e+00
1.366156901374225630e+00
4.873972435304534945e-01
-1.186018804077982186e-01
-3.841979647907266537e-01
-4.255156506521333148e-01
-4.344258534440496589e-01
-6.225591874904700118e-01
-1.066955075564622213e+00
-1.750756490230237050e+00
-2.482843759585948717e+00
-3.077798911714215713e+00
-3.351883020457008033e+00
-3.282221907584820908e+00
-2.953340087790835344e+00
-2.557244637263654585e+00
-2.273468090498785621e+00
-2.195119800975279034e+00
-2.281556727287337605e+00
-2.363752491739193662e+00
-2.255704999546134903e+00
-1.784193853175897848e+00
-9.267298852890522021e-01
2.598055910631166254e-01
1.561405195952371150e+00
2.675574164999927618e+00
3.136957773881961398e+00
2.467841434066498696e+00
4.973927893423325530e-01
-2.187313706682854075e+00
-4.432573776020894307e+00
-5.433194824512308507e+00
-5.173598759744666431e+00
-4.143470797485522716e+00
-2.755774863399188312e+00
-1.252037637735727404e+00
2.786140129442120639e-01
1.776407037103742148e+00
3.171975750112256964e+00
4.421136080695959869e+00
5.488785255720906697e+00
6.375083358730782912e+00
7.009787429437933426e+00
7.252190396532470551e+00
6.832846722132428496e+00
5.573423859157820459e+00
3.569338028375969696e+00
1.339036558250440656e+00
-4.752579121508476168e-01
-1.515103946649625000e+00
-1.803812424992940588e+00
-1.633792275754491596e+00
-1.304049082489032507e+00
-1.077483300125267718e+00
-1.081363324300933293e+00
-1.322983827416271074e+00
-1.568040748499786696e+00
-1.385440227106598199e+00
-2.827909235846974845e-01
1.841172641731956272e+00
4.407614916718482156e+00
6.477394086803606399e+00
7.360545391992415531e+00
6.991952534315692525e+00
5.691072775692046726e+00
3.949990773544551192e+00
2.208754705624828230e+00
7.845456807166454327e-01
-2.322435468323713892e-01
-9.573207900356249800e-01
-1.646064917934555449e+00
-2.563894066631723145e+00
-3.793881103125191778e+00
-5.130527318703215656e+00
-5.963997151487540727e+00
-5.579624789414777020e+00
-3.668570389818986754e+00
-8.767145292795954781e-01
1.544403257689294318e+00
2.665276082027794313e+00
2.407555436317593500e+00
1.303609970932494866e+00
8.991902550577137885e-04
-9.803099583492791425e-01
-1.414806520344060958e+00
-1.302794074818044656e+00
-8.732147840545780859e-01
-4.042908657329719602e-01
-1.645481320167976325e-01
-2.694920769683237793e-01
-6.681271361679068654e-01
-1.139085839022323521e+00
-1.400878997535840886e+00
-1.270792317503762758e+00
-7.582788364784793789e-01
-9.349455808853000816e-02
4.392635559370392517e-01
5.980894115789210375e-01
3.653287972477715084e-01
-1.059221874900809213e-01
-5.062834202702837239e-01
-5.783353226280398829e-01
-2.195001187282191735e-01
4.435015535277574417e-01
1.148600251994907895e+00
1.627935922718865225e+00
1.717017495147141082e+00
1.430824914084655397e+00
9.045305401843112270e-01
3.803770686774378684e-01
3.476176727922460769e-02
-5.249166031690517820e-02
1.057805860423921031e-02
3.663229000456411782e-02
-1.922559153111255970e-01
-7.505294981200810733e-01
-1.517268927481827179e+00
-2.102086358469076988e+00
-1.974603572600087453e+00
-8.201837965373176553e-01
1.121753879363604156e+00
3.041003397105283224e+00
4.140741997784183503e+00
4.086291044902153224e+00
3.110661881588137501e+00
1.703229619985680454e+00
3.769534482779320905e-01
-5.487820459922987393e-01
-1.007588572044392228e+00
-1.165102988006906148e+00
-1.318551842383942851e+00
-1.716469170567034741e+00
-2.482042165156088220e+00
-3.513970019849548265e+00
-4.563513407850485315e+00
-5.262053852706677581e+00
-5.324585936931870656e+00
-4.652727971065697687e+00
-3.463938905903623411e+00
-2.172495316074680716e+00
-1.191407595539387465e+00
-7.089276542531366410e-01
-6.267567586437026161e-01
-6.848157333849388406e-01
-5.833045015468638628e-01
-1.552123594775740301e-01
6.355817369027554342e-01
1.642726279488260666e+00
2.599084615342062143e+00
3.054245337388578729e+00
2.475634033971392700e+00
5.117718556208608049e-01
-2.452610201115733801e+00
-5.249587987277499757e+00
-6.807980015991009104e+00
-6.915064014764829459e+00
-6.048935971951065582e+00
-4.708880345287943747e+00
-3.189587641870333723e+00
-1.590307117013612936e+00
3.907034508714806592e-02
1.657761620325727048e+00
3.215718209856739840e+00
4.660777860601942102e+00
5.932907675228789479e+00
6.896154783248661602e+00
7.306133450988246736e+00
6.788287571987549285e+00
5.132775011377660235e+00
2.628219514725529393e+00
1.249361052259330696e-01
-1.564571392034604713e+00
-2.188167352186416448e+00
-1.990328197570914837e+00
-1.383332518844760273e+00
-7.031084605580282254e-01
-1.890236087684420141e-01
4.399554121661029132e-02
-2.482356195910513305e-02
-2.671990036178741312e-01
-4.634402388566839504e-01
-3.374592397996790116e-01
2.877970224821129186e-01
1.374014843207394865e+00
2.624219630754673904e+00
3.610609838861126963e+00
4.022485605260851749e+00
3.799859189086156608e+00
3.131077857778822526e+00
2.286986804900997594e+00
1.521558626766288169e+00
9.577190596141584855e-01
6.032216958290973485e-01
3.447396058310090994e-01
2.803072139201295485e-02
-4.712360268992453749e-01
-1.182274224436218768e+00
-2.020818202393729557e+00
-2.830546856143555612e+00
-3.430027076649296625e+00
-3.689834887904120286e+00
-3.555019769730105583e+00
-3.098870053600644603e+00
-2.469329354291318612e+00
-1.845695338811922159e+00
-1.331421138359486500e+00
-9.427202641711043274e-01
-6.336945646486843442e-01
-3.524145135445896360e-01
-7.411897963908842257e-02
2.022496937500255776e-01
4.582844672556536381e-01
6.994331469760461939e-01
9.447766322513541093e-01
1.234664489933652742e+00
1.542209558053813323e+00
1.720671181056732335e+00
1.456809816750073372e+00
4.239622649171436719e-01
-1.412272193042763080e+00
-3.574010771239165329e+00
-5.296174084661912751e+00
-6.033616246313436626e+00
-5.689161257405065619e+00
-4.515037180813034290e+00
-2.881731388227645851e+00
-1.171597055273494892e+00
3.220391501811477042e-01
1.447664219093668603e+00
2.231343012080375221e+00
2.848585553894216638e+00
3.517620654486970810e+00
4.367206254603911653e+00
5.283836330429096506e+00
5.872202878044824104e+00
5.582430046369801779e+00
4.123252441149396041e+00
1.825366579239156906e+00
-4.326160682125069212e-01
-1.831715317945883381e+00
-2.104179030108054516e+00
-1.510225713722533003e+00
-5.526408109951135295e-01
2.996097036224698584e-01
7.242384149741465382e-01
6.152227935795592240e-01
5.805592684593942343e-02
-6.853716193719315841e-01
-1.263908245053956714e+00
-1.335545452822656243e+00
-7.264164856183956687e-01
4.496727574260410143e-01
1.788857836990824568e+00
2.796742463870750317e+00
3.191170797125661984e+00
3.017890321719396418e+00
2.565364826119774122e+00
2.122811131924363437e+00
1.836632737715400365e+00
1.659948594548923628e+00
1.435288598135941340e+00
9.957122549490189378e-01
2.741624940910369346e-01
-6.622583876466481279e-01
-1.645455239789218593e+00
-2.473005956282939177e+00
-3.007674075030955407e+00
-3.212829580798688411e+00
-3.178837997487079736e+00
-3.055870042403727282e+00
-2.985387643705232907e+00
-2.991618657405515247e+00
-2.978773633258521070e+00
-2.783164818192073398e+00
-2.306386915858249953e+00
-1.588584110303285168e+00
-7.926224320788054500e-01
-1.256922153446938806e-01
2.811591749823906250e-01
4.227870882855790935e-01
4.347962734012725816e-01
5.161500702320975797e-01
8.485430096867522254e-01
1.447908501180608987e+00
2.048116151860537304e+00
2.032708510927621059e+00
7.302034186852922604e-01
-1.903927580679976694e+00
-4.893124179746868307e+00
-6.887126570330766917e+00
-7.206808782919241096e+00
-6.031447126596467534e+00
-3.973632280107784354e+00
-1.688760216452448448e+00
2.927990054795686636e-01
1.694974630588430120e+00
2.542133367558934598e+00
3.112429845865969380e+00
3.778755639545646972e+00
4.786375539441763749e+00
6.071904807388267322e+00
7.134720955165765766e+00
7.179540564819076209e+00
5.614039118085636382e+00
2.722965865409114006e+00
-3.010892169553753828e-01
-2.224551328492755609e+00
-2.627498221019037405e+00
-1.886490959571309745e+00
-6.875338849109567940e-01
3.325435179196465363e-01
7.722340239462391898e-01
5.030223846188053294e-01
-3.043068507635915410e-01
-1.240063725580441867e+00
-1.748914718520153899e+00
-1.361123202708852897e+00
4.911109960863415530e-02
2.069141331783518112e+00
3.885115541365742331e+00
4.789474832551743333e+00
4.612788680225830440e+00
3.730320100044698606e+00
2.709710118551792224e+00
1.977660271083594434e+00
1.644937737827697255e+00
1.559146881223121062e+00
1.412493257458873108e+00
9.200594721015825650e-01
-4.033970800407591512e-02
-1.360349339520657175e+00
-2.742942086422438308e+00
-3.829843209402566284e+00
-4.344916270907120293e+00
-4.197881530211637902e+00
-3.505933926795672839e+00
-2.575824020245451873e+00
-1.735112611654518355e+00
-1.165011684764330147e+00
-8.123903874465060460e-01
-5.035813195309569723e-01
-1.215927869730766553e-01
3.140331722569457140e-01
6.832850814001039108e-01
8.558085601106746321e-01
7.671186361022712674e-01
4.716561592002149195e-01
1.249051990354839298e-01
-5.503697421568725517e-02
8.858191870216969299e-02
5.557183926294455567e-01
1.111073753168734246e+00
1.321279056864905099e+00
7.528151015850728101e-01
-6.915401170015174070e-01
-2.577135936279018935e+00
-4.135952511243685237e+00
-4.758686733577959238e+00
-4.331131722336490242e+00
-3.161507161261383203e+00
-1.749084693370307031e+00
-5.328945075215709704e-01
2.446465887471666323e-01
5.920617991399979019e-01
7.240644608295998541e-01
9.483260686443286680e-01
1.508285372138864266e+00
2.457821738818567248e+00
3.623145200081389739e+00
4.642527214669913249e+00
5.113756563039041581e+00
4.762984433221328473e+00
3.631672803359297319e+00
2.112514108254161194e+00
7.749175274584966244e-01
2.650312667078461373e-02
-8.908650204884116519e-02
1.653756953362224003e-01
4.333151722662844096e-01
4.503207023781974350e-01
1.171907198757761032e-01
-5.044317944985413638e-01
-1.248017138324700959e+00
-1.884882949614092862e+00
-2.174189609604029627e+00
-1.882525131260507134e+00
-8.698090959139943568e-01
7.744617264158801806e-01
2.650162234292231744e+00
4.217137388626198913e+00
5.129177589206599386e+00
5.360171698116733552e+00
5.053733804204680879e+00
4.333006422593888018e+00
3.269523059412047239e+00
1.929042351426778268e+00
4.328837785843016039e-01
-1.054308942450353115e+00
-2.377045278117733140e+00
-3.442796949208687618e+00
-4.242773482582361311e+00
-4.809372749684334813e+00
-5.140058545991343486e+00
-5.114417482684883609e+00
-4.521789609027433876e+00
-3.244636673793297899e+00
-1.497075853457874750e+00
2.087726091545715479e-01
1.374731744435318870e+00
1.789019601279713489e+00
1.538690667172681215e+00
8.712849841155922981e-01
8.597990378786291021e-02
-5.437034881753844973e-01
-8.203419414617466598e-01
-6.767076920175263410e-01
-1.917079046945612264e-01
4.161182223339872643e-01
8.494197843185462560e-01
8.287220137887169047e-01
2.350979531393221911e-01
-7.876080697010989784e-01
-1.865515186732935371e+00
-2.592654963487821984e+00
-2.764631500077872506e+00
-2.450769197705431779e+00
-1.900859528779707430e+00
-1.374209680404901990e+00
-1.017620116359304605e+00
-8.192041575727933012e-01
-6.521314293038303900e-01
-3.576303570338456583e-01
1.555627179790947390e-01
8.650943588005988172e-01
1.650700522474182863e+00
2.346979904578635701e+00
2.816998426833893010e+00
3.003173402331679842e+00
2.954489394441993433e+00
2.802063137591928488e+00
2.696098111039611389e+00
2.715646493677208451e+00
2.830717442005493911e+00
2.919946651247690372e+00
2.842150110771826999e+00
2.510768498642506064e+00
1.928941831882663882e+00
1.186235909267301381e+00
4.040961032554627463e-01
-3.287647002642047900e-01
-9.937939930962356172e-01
-1.603609633406215318e+00
-2.108491149853292779e+00
-2.264509674275313245e+00
-1.633505321975254443e+00
1.184225028618707959e-01
2.688518915139663790e+00
5.084856509632250443e+00
6.362015568990392111e+00
6.222163817011453268e+00
4.913553975259417506e+00
2.872053729407360922e+00
5.594520188075688960e-01
-1.592256680308618888e+00
-3.269710657508300145e+00
-4.381112976672808301e+00
-5.071112472950161099e+00
-5.621592670577998163e+00
-6.273157049354820103e+00
-7.020937739639731667e+00
-7.491015600138603681e+00
-7.038993189792172700e+00
-5.234090582245686463e+00
-2.410726664721126955e+00
3.926462213810304469e-01
2.203522747057204523e+00
2.722491877888647771e+00
2.254273643617329181e+00
1.340874215190610563e+00
5.080923182298862084e-01
1.442581822247843981e-01
3.966303245145390566e-01
1.089783975971888585e+00
1.674988972897056172e+00
1.381499911412805037e+00
-3.069137436651582784e-01
-3.093705736757476288e+00
-5.865967040121520704e+00
-7.451658919843161755e+00
-7.394985281644798292e+00
-6.019747302604234740e+00
-4.034428724432774338e+00
-2.160835226412721521e+00
-8.605604084731611758e-01
-2.268385009925675544e-01
-1.166783875953348801e-02
2.405365590262046049e-01
9.706356752509256447e-01
2.366640331435807543e+00
4.203931595851674530e+00
5.810308429824277532e+00
6.282781688405210119e+00
5.019066684863818573e+00
2.302783174603485694e+00
-6.201648566195093748e-01
-2.402815667605537442e+00
-2.560316272563547546e+00
-1.548213098997240023e+00
-1.993214717008821302e-01
8.072382259477244304e-01
1.172300417569790643e+00
9.540436710947703958e-01
4.394964253552721689e-01
-7.572080788436272997e-03
-1.140063331296706645e-01
2.042016157015346389e-01
8.069349831315671961e-01
1.385505701691244429e+00
1.610025357207304442e+00
1.311407743534812376e+00
5.758676167827677661e-01
-2.794194118395414983e-01
-8.585862910985088137e-01
-8.989511146495180460e-01
-4.062161151502347578e-01
3.363503090790029293e-01
9.095589492090875305e-01
9.840348665179537990e-01
4.949002489774433355e-01
-3.464071433692950119e-01
-1.170246893158813473e+00
-1.644769721627197256e+00
-1.621152909167194567e+00
-1.176814487700547973e+00
-5.624248491189923760e-01
-7.859013480232328319e-02
7.270741559186592873e-02
-1.179544954344496493e-01
-4.695408753916258116e-01
-6.863958729987031937e-01
-5.004688405031777476e-01
2.017428389100404396e-01
1.278854092970064693e+00
2.303507025325418400e+00
2.663864295870625121e+00
1.884252211985093517e+00
2.553442933752971336e-02
-2.177556237604494349e+00
-3.744012312773241202e+00
-4.113783217583180551e+00
-3.398016229083905326e+00
-2.140026634666877037e+00
-9.258122482388374541e-01
-1.152618157355743550e-01
2.445685936957606721e-01
3.554910179885975574e-01
5.268633884826986469e-01
1.007750215353868883e+00
1.876284601395504792e+00
3.012208697355686748e+00
4.138582262120372945e+00
4.931278483547329117e+00
5.148638591175916268e+00
4.742128035374360451e+00
3.887774844368937721e+00
2.912507592649439037e+00
2.123288652613573024e+00
1.655553489777946252e+00
1.433769687457533859e+00
1.255503185676554390e+00
9.280095862791223338e-01
3.651111693828857363e-01
-3.958062603391420686e-01
-1.237846777367123119e+00
-2.012688954151294674e+00
-2.545035305381993407e+00
-2.586369244500451803e+00
-1.826709530622559141e+00
-8.390840590580105063e-02
2.363455765572509470e+00
4.740218684757142142e+00
6.292441634377347270e+00
6.765037062098946841e+00
6.308883870212797618e+00
5.155275879401751027e+00
3.487959660008997265e+00
1.493104521526849915e+00
-5.814284266148228575e-01
-2.467293771077034403e+00
-3.980580320068392908e+00
-5.095113846747280739e+00
-5.909212880022416847e+00
-6.518025614923951494e+00
-6.847934184754629783e+00
-6.572065015510431429e+00
-5.296774816068483105e+00
-3.032091619404622573e+00
-4.446834926654107956e-01
1.567881587559086576e+00
2.512849852048161470e+00
2.452475274763403768e+00
1.743303182963939602e+00
7.947156586453530958e-01
-2.832403378984345299e-02
-4.581620164950649388e-01
-3.885577574172578430e-01
6.680015844699375982e-02
5.751002739112934803e-01
6.826180971481961013e-01
4.146161170893933323e-02
-1.338282212486772593e+00
-3.006111146521901478e+00
-4.292660161767307692e+00
-4.713505146375022825e+00
-4.217820163890642071e+00
-3.130315208047266484e+00
-1.925045744419974669e+00
-9.979488953546581387e-01
-5.228101230565809221e-01
-4.292630133331745146e-01
-4.614540511245789345e-01
-3.024897830286726874e-01
2.655598140722660871e-01
1.257096968247715107e+00
2.470526208991035588e+00
3.565577845841363391e+00
4.203125824257400112e+00
4.182233914591052759e+00
3.528295452371517094e+00
2.513732187437748955e+00
1.539279424578108513e+00
9.108115434349529638e-01
6.795666365522169405e-01
6.624281432942432657e-01
6.142266101296370850e-01
3.889730326888303780e-01
-1.319889895869026837e-02
-4.820756202487881947e-01
-8.771981517813465246e-01
-1.108683093150981458e+00
-1.176023704442904494e+00
-1.154967975318364370e+00
-1.124042795994638411e+00
-1.062036437760157437e+00
-7.837188613796930436e-01
-9.554088005597788369e-03
1.395131927617344836e+00
3.178303633755957147e+00
4.763847724511119708e+00
5.596056162066071593e+00
5.427776121899873907e+00
4.361456704542390206e+00
2.725170175618671475e+00
9.460288377993738562e-01
-5.839225208612888185e-01
-1.636348140726990641e+00
-2.213486512322718980e+00
-2.528543201161673970e+00
-2.894323925943667941e+00
-3.544202691922816228e+00
-4.457543833822339430e+00
-5.273995591425004292e+00
-5.401455510016975659e+00
-4.393653264374137279e+00
-2.374928803755010698e+00
-9.820807764913409843e-02
1.533998098803830423e+00
2.053335972214054728e+00
1.577265300797471737e+00
5.817189574717829270e-01
-3.905757843028234699e-01
-9.303477245265984186e-01
-8.586406868300306972e-01
-2.340535437136702090e-01
6.791403545324165014e-01
1.485131546969207905e+00
1.777678976072994299e+00
1.297739890443922794e+00
9.093667692403051284e-02
-1.435969416553713796e+00
-2.702471710210548217e+00
-3.306204764654240069e+00
-3.243632625928889457e+00
-2.826969434426825689e+00
-2.410102597909759670e+00
-2.167626957946595656e+00
-2.042638817544180529e+00
-1.834708462174195587e+00
-1.342424270801674036e+00
-4.898178610536224054e-01
6.305436219894606786e-01
1.799347058136739674e+00
2.767889923901433402e+00
3.364064212761024297e+00
3.553203655499212577e+00
3.444420101000157164e+00
3.230294456181703300e+00
3.074154615216035058e+00
2.997231294135477953e+00
2.867999885059559606e+00
2.504886601601964191e+00
1.833854413042192766e+00
9.592935017401841291e-01
1.116234565022971581e-01
-4.781131655076664155e-01
-6.931961627342078103e-01
-5.824212444892071794e-01
-3.361638454981970558e-01
-2.088215109149289539e-01
-4.137826190840789287e-01
-9.966952335909986527e-01
-1.722249657228801745e+00
-2.019894487449229281e+00
-1.189173498296521192e+00
1.017598239636787527e+00
3.903846680529768243e+00
6.183118733357580332e+00
6.955746907908253895e+00
6.188470582080813465e+00
4.421534456331136731e+00
2.339946607593313299e+00
5.107406151179034737e-01
-7.638330207044474740e-01
-1.494980948392038433e+00
-1.956826848276711495e+00
-2.530149651550676282e+00
-3.491540597480012220e+00
-4.837091526128120655e+00
-6.181913434752231318e+00
-6.818512427746905580e+00
-6.065851023164906763e+00
-3.838882614000393545e+00
-9.604815204949225249e-01
1.319632230757741498e+00
2.239937011640778408e+00
1.881892219111649611e+00
8.414674525705772012e-01
-2.174869789431901068e-01
-8.270556226265124433e-01
-7.986921712451503508e-01
-2.128107092769314646e-01
6.371161852203812703e-01
1.344425731868789553e+00
1.527935130549939569e+00
9.748403061557773253e-01
-2.318173202967287738e-01
-1.684113583693697347e+00
-2.835871958402024884e+00
-3.332851829849136305e+00
-3.212592489270933438e+00
-2.804113148898738306e+00
-2.444521804852826552e+00
-2.271551589572751162e+00
-2.200244745201525021e+00
-2.020670877033822421e+00
-1.534110480600895832e+00
-6.681912978861069830e-01
4.759656601880843940e-01
1.660704453960452298e+00
2.621990823782236024e+00
3.189798791451745608e+00
3.350403445844348571e+00
3.231687626604309749e+00
3.036191209294347715e+00
2.924799106992326259e+00
2.914085293461834425e+00
2.854118986636092981e+00
2.535221511812833839e+00
1.865797992306828190e+00
9.648242604221967111e-01
9.294392804606552150e-02
-4.955071740146448356e-01
-6.795803709743569732e-01
-5.121360947861721691e-01
-1.910786225047876874e-01
1.068170651056709990e-02
-1.468662499372759833e-01
-7.446507730566062078e-01
-1.589604550555584472e+00
-2.151860916672852397e+00
-1.710223012549896948e+00
1.496950213863440238e-01
2.971734752118344147e+00
5.528628824929641361e+00
6.729457135497241005e+00
6.326120400431314295e+00
4.784376971627257724e+00
2.812010269604400925e+00
1.013436388241616193e+00
-2.773301482398283224e-01
-1.039030418059878613e+00
-1.509666759492021004e+00
-2.052168196290214741e+00
-2.959683758704058754e+00
-4.281603728521155894e+00
-5.720202589635364987e+00
-6.657681742819909765e+00
-6.408712806439475607e+00
-4.689645981703177924e+00
-2.019258613353737797e+00
4.714559561848918889e-01
1.835250308286561660e+00
1.889640977871975824e+00
1.093116797693930442e+00
9.864565536363666121e-02
-5.821335188611608258e-01
-7.054593937531402625e-01
-2.897550867308269495e-01
4.434230539827786477e-01
1.153781949400150664e+00
1.489962068571908382e+00
1.209573859482098612e+00
2.922532158966170135e-01
-1.000116444717643827e+00
-2.218240814031836372e+00
-2.978920416794658799e+00
-3.186440810199972162e+00
-3.033310603337079137e+00
-2.798482750493153315e+00
-2.637405594673312592e+00
-2.517272219974002745e+00
-2.281716264170570607e+00
-1.769384096121586314e+00
-9.218210360846560425e-01
1.744772189018071462e-01
1.318550430260817530e+00
2.282918514279116629e+00
2.914311419907732237e+00
3.190050406949791029e+00
3.212004237586207012e+00
3.147132240736083553e+00
3.124709417168897829e+00
3.143785665835833409e+00
3.060600430310451259e+00
2.688083312653101409e+00
1.958553938722760401e+00
1.006403132959071245e+00
1.016711787341592205e-01
-4.967282239695810508e-01
-6.702454199450236239e-01
-4.784379570553092820e-01
-1.235897684483834996e-01
1.265761026009213086e-01
3.622340860612842384e-02
-4.953527124227956602e-01
-1.343531399310254226e+00
-2.090290752776276406e+00
-2.082187611263811799e+00
-7.740471772800303629e-01
1.719429181967960130e+00
4.429534066594306374e+00
6.167781511131846806e+00
6.383583373191193289e+00
5.323789460226276304e+00
3.623013403228437568e+00
1.898337095056194856e+00
5.384598632244089744e-01
-3.559706932757227826e-01
-9.388661183576886282e-01
-1.506831114280971828e+00
-2.337767403166323366e+00
-3.538563217965820407e+00
-4.948281798722043767e+00
-6.122330981836057617e+00
-6.455948775197008160e+00
-5.498004185668484922e+00
-3.362850225527291403e+00
-8.563453467655156581e-01
1.008396394766559734e+00
1.703716824354663206e+00
1.389318039588355536e+00
5.977052407494933828e-01
-1.404906880295876681e-01
-4.963363133232688851e-01
-3.809171801767358145e-01
9.513077925985354011e-02
6.955876604333280921e-01
1.144650550823059998e+00
1.211609616332034012e+00
7.839165339034696034e-01
-7.653159612942309065e-02
-1.128221963166462727e+00
-2.057474144526748372e+00
-2.652600228656569747e+00
-2.904578200070700333e+00
-2.947233937543925375e+00
-2.904275530586924337e+00
-2.797323992104329360e+00
-2.555999971686783390e+00
-2.085744951183845952e+00
-1.343330056903905501e+00
-3.816306497823678812e-01
6.540718452931992832e-01
1.583063152866007961e+00
2.271528705399127102e+00
2.686480512160684064e+00
2.895504857306812063e+00
3.021692491900696442e+00
3.168515415405283253e+00
3.347169595909721629e+00
3.445725263553626405e+00
3.280109156743204579e+00
2.725235866059612988e+00
1.837686365178350822e+00
8.523952073057884382e-01
5.717118889637673451e-02
-3.596188236393753623e-01
-3.830659974384235111e-01
-1.565485791710767016e-01
8.476610233514068893e-02
9.681103347608643883e-02
-2.804882352364380660e-01
-1.037951167437459743e+00
-1.917586822265407331e+00
-2.382567292298553241e+00
-1.772441072713717869e+00
2.270700446344266488e-01
3.077842213387968151e+00
5.552961232918367074e+00
6.656220290824383490e+00
6.247155839848415937e+00
4.830402508978727916e+00
3.057747606254902273e+00
1.423724928401503886e+00
1.666783612573194961e-01
-7.240585105145797007e-01
-1.443458417247459380e+00
-2.251439287466702854e+00
-3.330936806515897963e+00
-4.664511255456113226e+00
-5.964321209426107551e+00
-6.701015591832710783e+00
-6.304232338615750386e+00
-4.568905935904199467e+00
-2.004422242134181520e+00
3.541220040612241271e-01
1.669247228278653017e+00
1.801377946709555866e+00
1.168370047453774374e+00
3.338940937327494196e-01
-2.705574557973258187e-01
-4.383714962751634747e-01
-1.728321387337934112e-01
3.605740459104231910e-01
8.989951517009315829e-01
1.162920941410194642e+00
9.457164716531811788e-01
2.022666105414124005e-01
-8.937073329783303821e-01
-2.001667108125143368e+00
-2.791465606070655969e+00
-3.125001636522933168e+00
-3.091299420962844380e+00
-2.880391863105896011e+00
-2.629686859890870476e+00
-2.361497669384894138e+00
-2.006775188270862209e+00
-1.477615965957854716e+00
-7.374611563186214136e-01
1.639611128876871382e-01
1.101657848344798962e+00
1.928293904875908904e+00
2.539083226708424679e+00
2.909961412619554100e+00
3.093619394500826125e+00
3.181063850310410501e+00
3.238831866007286564e+00
3.257087118574263140e+00
3.141149078621150448e+00
2.774544870671055374e+00
2.123451172261201947e+00
1.295219692679925982e+00
4.966777167396250192e-01
-7.425143016469461232e-02
-3.239887988111166961e-01
-2.946253965208477377e-01
-1.386462140389456976e-01
-6.247803630672176672e-02
-2.518048159800924113e-01
-7.876703663320121507e-01
-1.555244324492916608e+00
-2.169524808744172084e+00
-2.017316166131020161e+00
-5.871104652426364368e-01
1.976088155235555588e+00
4.688117535464059848e+00
6.390387273509060329e+00
6.580103540516394567e+00
5.516269926773036403e+00
3.795781777275222701e+00
1.986615703732426352e+00
4.635788323096157737e-01
-6.424215839178948340e-01
-1.425146086469746276e+00
-2.123625883729846731e+00
-2.989380297574045997e+00
-4.139345151250188870e+00
-5.440371490835436141e+00
-6.463992397973458814e+00
-6.596797688572909379e+00
-5.391580961286427609e+00
-3.030618729624007468e+00
-4.158518240849955472e-01
1.416926953051270699e+00
2.005753151454139793e+00
1.579510134222905871e+00
6.944986245493020016e-01
-1.194115574434608945e-01
-5.303109622146889857e-01
-4.366252499048988156e-01
6.105429833961595332e-02
7.128464561289000745e-01
1.196868094277802053e+00
1.219614545213144385e+00
6.285381310610816952e-01
-4.829359201759888531e-01
-1.766730423266863470e+00
-2.786992437185835669e+00
-3.273633662328778726e+00
-3.252252563642945571e+00
-2.952372889107972131e+00
-2.607478380746642177e+00
-2.321096915513471082e+00
-2.051472386286453009e+00
-1.676483697799412198e+00
-1.086308161581260867e+00
-2.581058481021098472e-01
7.207301924131034321e-01
1.686954154924779070e+00
2.476283069201313136e+00
2.990966020635235534e+00
3.228454541698840163e+00
3.267998120440463339e+00
3.218857373689466339e+00
3.149561209329749367e+00
3.035262339838490142e+00
2.771276047799457132e+00
2.265077972855510158e+00
1.536054943307658016e+00
7.318796649437034896e-01
5.350475822815927568e-02
-3.496908744098776722e-01
-4.437869856788891343e-01
-3.206748772295751060e-01
-1.626160126246670168e-01
-1.781967030325629364e-01
-5.155153432805098523e-01
-1.165056608719564402e+00
-1.866082594986214316e+00
-2.083635501432626658e+00
-1.208814776365386479e+00
9.360520024735325961e-01
3.683935284886981520e+00
5.854973675926385290e+00
6.631415942910577677e+00
5.990791528629420881e+00
4.435058229101140448e+00
2.576518968135351528e+00
8.962753893797303917e-01
-3.565546822263986892e-01
-1.187114581575261951e+00
-1.803689067977530369e+00
-2.497840802389844406e+00
-3.482606301646507863e+00
-4.748223863566966685e+00
-5.978690569340630034e+00
-6.589409192218192324e+00
-5.990611104959159050e+00
-4.051593157846017590e+00
-1.413634131315790521e+00
8.327287976046483520e-01
1.922553488089058238e+00
1.824720021108183987e+00
1.019308202664201968e+00
9.246659468535056714e-02
-5.191779012172351715e-01
-6.154045731748570836e-01
-2.235051910048687640e-01
4.475208646392634382e-01
1.079887400970175992e+00
1.346447210663457517e+00
1.021782816781656278e+00
9.598610640785047721e-02
-1.169925733138494905e+00
-2.341109349489700175e+00
-3.052944336453071283e+00
-3.217155791061062420e+00
-3.015106352504990816e+00
-2.708033258363916840e+00
-2.452729431347565825e+00
-2.242288591990787339e+00
-1.956048021819103866e+00
-1.457333748903719250e+00
-6.859894044808058089e-01
2.989321058844066625e-01
1.335290309283134969e+00
2.231024461338654508e+00
2.849101514367374133e+00
3.157942409208527312e+00
3.229022914712273984e+00
3.190726402470372758e+00
3.150113937981320777e+00
3.117225507334217660e+00
2.990410019243778361e+00
2.627487382990813192e+00
1.974501734624654059e+00
1.135322088890305281e+00
3.255164726031312128e-01
-2.444927100641673956e-01
-4.728109883112003309e-01
-4.019756741356718677e-01
-1.965366269559842560e-01
-8.252266768829208399e-02
-2.626516650664023622e-01
-8.149089428204469021e-01
-1.589975187650737087e+00
-2.141581314986183315e+00
-1.810813179460032618e+00
-1.414274216691988606e-01
2.557043140162551964e+00
5.175622835230315744e+00
6.601843781225728236e+00
6.478154794321254961e+00
5.168911267979434676e+00
3.313383201087950702e+00
1.488416352627997430e+00
5.115129859235179044e-02
-9.122270436443208341e-01
-1.557368646736239537e+00
-2.179377806372593707e+00
-3.051543428411211956e+00
-4.264285722481232277e+00
-5.611352202648393295e+00
-6.572475585415822330e+00
-6.489877641077540282e+00
-4.993002508359011493e+00
-2.444252630919972802e+00
1.192937052379343110e-01
1.701671146565070902e+00
1.995637896514763865e+00
1.357148684984268439e+00
3.933484108250219768e-01
-3.738763321530488848e-01
-6.538828973285980561e-01
-4.012972011635496106e-01
2.232613493698379636e-01
9.199613477990326027e-01
1.343950016577243778e+00
1.218120151592884559e+00
4.512095095950769408e-01
-7.760435415871784759e-01
-2.049020181707685406e+00
-2.941375107032686120e+00
-3.263833208364602001e+00
-3.135117560665851677e+00
-2.826269028489109214e+00
-2.547058110924168339e+00
-2.340604387651875840e+00
-2.106314313657165371e+00
-1.693147854623007431e+00
-1.002727013885771568e+00
-5.465006110489430829e-02
1.010143058158864182e+00
1.991769194592534653e+00
2.720782104079505714e+00
3.126185424062527307e+00
3.250087918515900842e+00
3.215346953273715336e+00
3.151075058932906181e+00
3.108022450356631161e+00
3.015065070105606093e+00
2.726205252442160720e+00
2.145792126365723806e+00
1.330894444280660061e+00
4.791258197848526357e-01
-1.795414777149925145e-01
-5.007393713451183670e-01
-4.841177639195581306e-01
-2.654603057519178133e-01
-6.529965867702233751e-02
-1.097673808552514924e-01
-5.316431830546646253e-01
-1.269615804590067620e+00
-1.982474768803476284e+00
-2.062591667671996198e+00
-9.212472154935692492e-01
1.458997879209458892e+00
4.220675564625874010e+00
6.154910844009440218e+00
6.591856316059180543e+00
5.670493332118166308e+00
3.974965014539303176e+00
2.128969325528986545e+00
5.743247768970396461e-01
-5.105766140489976790e-01
-1.207765468059830205e+00
-1.781691370638257554e+00
-2.531379502194495590e+00
-3.625084572443002084e+00
-4.972264845896202878e+00
-6.168241397418082528e+00
-6.587118220251468870e+00
-5.700215533834414927e+00
-3.541598701780642955e+00
-9.058193302365654676e-01
1.121146797919743365e+00
1.924344982312820695e+00
1.620610768602143148e+00
7.520780623694447442e-01
-1.096726973124989429e-01
-5.834013528310583174e-01
-5.341577142474458473e-01
-4.636751833770017678e-02
6.356978569819682345e-01
1.190968245143425142e+00
1.322371853871833869e+00
8.623198769029652988e-01
-1.340870639920418717e-01
-1.366890573823803967e+00
-2.422347614066789667e+00
-3.010671573447069704e+00
-3.118333874856126009e+00
-2.947917518013228211e+00
-2.721140973774382577e+00
-2.530727301509824834e+00
-2.323513705419028241e+00
-1.968563989573045570e+00
-1.357610946586945699e+00
-4.792212095108582259e-01
5.590168737063624382e-01
1.572925055552511608e+00
2.383151043267958791e+00
2.893773924035545786e+00
3.120279335389859021e+00
3.167460755947765438e+00
3.166266661016188699e+00
3.189052950915902240e+00
3.191609765509571428e+00
3.029477526127588582e+00
2.565295946168426156e+00
1.797413841180201644e+00
8.936687285124083058e-01
1.040276390977466353e-01
-3.731596450147433019e-01
-4.805933884384541166e-01
-3.130456405288690735e-01
-7.552060656890337287e-02
-7.064675547589658808e-03
-2.903147747520797295e-01
-9.529725998118989683e-01
-1.772389023470662073e+00
-2.230856203775670288e+00
-1.662814492442635794e+00
2.723996549142495560e-01
3.071997061565391984e+00
5.536302439204690451e+00
6.659680188600163753e+00
6.261442321591379923e+00
4.810670875080384157e+00
2.961562785816201693e+00
1.246147310712715450e+00
-5.068483367341041629e-02
-9.127466814530251771e-01
-1.540743541873546452e+00
-2.230177495013493161e+00
-3.211974596739660459e+00
-4.506005123612060181e+00
-5.834733564622856861e+00
-6.641066242106195894e+00
-6.305997387167991519e+00
-4.584790627390920470e+00
-1.984602534973062049e+00
4.242167633449240305e-01
1.760664356757217108e+00
1.863511715152756931e+00
1.159863573245154988e+00
2.459223676881137632e-01
-4.107399868252359365e-01
-5.783153633004708416e-01
-2.592152445477425293e-01
3.618157783623016654e-01
9.876206334822077437e-01
1.302614112439824057e+00
1.075642357527806903e+00
2.630143110009900975e-01
-9.277207692554686469e-01
-2.102188402170181547e+00
-2.893172974247350648e+00
-3.169900078625540463e+00
-3.066137457939255739e+00
-2.818693754344903102e+00
-2.585481217438468260e+00
-2.374931016270560580e+00
-2.084058895275797241e+00
-1.587734854463096479e+00
-8.278570312237752971e-01
1.417523715370176407e-01
1.168915963634449273e+00
2.068878047688604394e+00
2.708429936980717656e+00
3.053934408939557699e+00
3.170943719525968874e+00
3.179895538137339273e+00
3.181379129721519927e+00
3.183612752930664147e+00
3.084252847837511080e+00
2.738401419416851557e+00
2.086225980301498417e+00
1.229186402382634880e+00
3.896475371972968893e-01
-2.108960252572482097e-01
-4.599558884725470365e-01
-3.935444296007589715e-01
-1.730438156624988510e-01
-2.544471557235850404e-02
-1.607122702430947014e-01
-6.763703635419852089e-01
-1.460805616578974009e+00
-2.118913534024327916e+00
-2.018687445987645823e+00
-6.273449427268508183e-01
1.923219219187983109e+00
4.647699474964367639e+00
6.365356286422832355e+00
6.551728739560734205e+00
5.463607213914842831e+00
3.716990052166897485e+00
1.906706955809585935e+00
4.215710073172174721e-01
-6.123185384689094901e-01
-1.311359505672109016e+00
-1.943594757616456503e+00
-2.782304938926785098e+00
-3.948706553298041211e+00
-5.298085874989834743e+00
-6.383109140567134965e+00
-6.575122795402108977e+00
-5.418551907957744440e+00
-3.086839678861956315e+00
-4.781971912122308099e-01
1.359646141329547309e+00
1.949284735839166727e+00
1.515893440534691550e+00
6.261010225159223674e-01
-1.800057482663133812e-01
-5.690148925776812305e-01
-4.471365392080797752e-01
7.299268421956178754e-02
7.350386609171004615e-01
1.219559292923416471e+00
1.246659569519193100e+00
6.787840496016017688e-01
-3.881332350248407614e-01
-1.622177977015180517e+00
-2.613285976608143546e+00
-3.110648463761175986e+00
-3.143151049971775635e+00
-2.927131015922661117e+00
-2.671716216851954595e+00
-2.452547958115456339e+00
-2.208199461465762514e+00
-1.812933850377061340e+00
-1.171055131893592005e+00
-2.847040908346283872e-01
7.334156622181540186e-01
1.704779704928162554e+00
2.466567516400444138e+00
2.938560000253183091e+00
3.144602592809142116e+00
3.187290590919687805e+00
3.184054991929142542e+00
3.189387876063301874e+00
3.147940589918821974e+00
2.922664125763019705e+00
2.403602757904152565e+00
1.619607697927797796e+00
7.490134847428043807e-01
2.630410190342434562e-02
-3.813102698440182237e-01
-4.449211187384511379e-01
-2.753133128448377875e-01
-7.731401334531146086e-02
-7.680581780871582886e-02
-4.305869680209156170e-01
-1.127351302826756330e+00
-1.898096642247310450e+00
-2.190133243664265095e+00
-1.365232367154993742e+00
7.846529713468891609e-01
3.596718052312344760e+00
5.849020297256909195e+00
6.678551176993933858e+00
6.052125758686840662e+00
4.493276198776992025e+00
2.637489341077953853e+00
9.729477948534166476e-01
-2.603302393126441516e-01
-1.081178958873384666e+00
-1.708202902421447122e+00
-2.432986191223576178e+00
-3.459743225974399650e+00
-4.766886850970165845e+00
-6.029634307812288263e+00
-6.661359573652776866e+00
-6.073887617851041476e+00
-4.136450128699411977e+00
-1.488932505474079848e+00
7.746719554284233755e-01
1.882428748696647114e+00
1.801503436525544011e+00
1.015396247497950100e+00
1.106686515283224481e-01
-4.810654999485057814e-01
-5.674870174797302935e-01
-1.817376606460608668e-01
4.676590204388567096e-01
1.071250529074109892e+00
1.313969703635403663e+00
9.835691355191932272e-01
7.298241075572874104e-02
-1.164433615222735252e+00
-2.311183634835737521e+00
-3.018851318349213386e+00
-3.203079682245554061e+00
-3.034177653749236647e+00
-2.755830062095312005e+00
-2.511364507575113869e+00
-2.290888095932062107e+00
-1.980802561015198693e+00
-1.456450586283607906e+00
-6.692189564832564663e-01
3.145450203592435323e-01
1.334170086787484166e+00
2.207338864403443512e+00
2.808560322521967301e+00
3.115679172319300694e+00
3.202383080970915508e+00
3.190902933287806942e+00
3.174743044161643990e+00
3.151645031716742373e+00
3.012565844508264590e+00
2.621426333639238049e+00
1.939042529795257153e+00
1.084566028033148832e+00
2.806810785434988853e-01
-2.668506978972501886e-01
-4.672785188284616642e-01
-3.747966273178191532e-01
-1.607802951881335540e-01
-5.198369295493657227e-02
-2.451881755472185564e-01
-8.112289084118298188e-01
-1.596114315184818055e+00
-2.156292097295038790e+00
-1.843613416947267769e+00
-2.041500697469900705e-01
2.466111366037871289e+00
5.078773529073250970e+00
6.526686297701878026e+00
6.441670523838718410e+00
5.178690542651857243e+00
3.368588983475537368e+00
1.579714049435586798e+00
1.607725101297075576e-01
-8.038746233742588565e-01
-1.464580535408363859e+00
-2.104769853998056828e+00
-2.986693934468680034e+00
-4.196485698926056607e+00
-5.536064334571351608e+00
-6.506429289609543254e+00
-6.469863627175882037e+00
-5.050740860023639200e+00
-2.570828994143487645e+00
-2.510685617290070795e-02
1.595493635960995249e+00
1.954189317579136276e+00
1.375574388970152606e+00
4.495794732745739819e-01
-3.091826047133366395e-01
-6.077772135317558444e-01
-3.927728956542491101e-01
1.894241795467365153e-01
8.582361345168122435e-01
1.285873824649185426e+00
1.204191354784750256e+00
5.118903448491052277e-01
-6.409708996850402851e-01
-1.878511811677061605e+00
-2.791961595979682187e+00
-3.178098858741608801e+00
-3.121419402536315335e+00
-2.863900113800762259e+00
-2.603843429558105438e+00
-2.390157510844271194e+00
-2.138506625911439141e+00
-1.714155901245487001e+00
-1.029219103420299319e+00
-1.033786921066804088e-01
9.317837184431518871e-01
1.889422751246457199e+00
2.610696605180603314e+00
3.030114794100195130e+00
3.187501082629375482e+00
3.196871552067610533e+00
3.175388883562889397e+00
3.166231429119215068e+00
3.097151670474884710e+00
2.825328263824242292e+00
2.255656948344173074e+00
1.443723402788746224e+00
5.843576638076958263e-01
-9.144970800654270149e-02
-4.357594610924241385e-01
-4.444995189930613932e-01
-2.486380975861759157e-01
-6.393236582342896879e-02
-1.130764153551037654e-01
-5.313202624700542609e-01
-1.267444640532472411e+00
-1.996346258579589250e+00
-2.121441000087724404e+00
-1.038555929106559139e+00
1.313855633953886048e+00
4.111949864301913671e+00
6.130514997899249252e+00
6.655521878733117624e+00
5.794922600344020402e+00
4.124085398880365183e+00
2.267172522352962183e+00
6.743047501957004641e-01
-4.637929040852727947e-01
-1.212573315692588638e+00
-1.821023432389525576e+00
-2.581719125664025505e+00
-3.668318514026954080e+00
-5.004872047817505276e+00
-6.204778255191521374e+00
-6.648783261637149167e+00
-5.794504990333714467e+00
-3.647969007582319012e+00
-9.863911457443674813e-01
1.093717772839162050e+00
1.950839139036423253e+00
1.682045371004433632e+00
8.226543755632027555e-01
-5.263050895428311726e-02
-5.540341817094408539e-01
-5.353087197283036280e-01
-6.991056309780056821e-02
6.046110784745684086e-01
1.166944220363155926e+00
1.312223285477733370e+00
8.598694015749235309e-01
-1.442837432705326717e-01
-1.400453042603964304e+00
-2.482275930592872104e+00
-3.083465009601957796e+00
-3.179333891030438508e+00
-2.974660849598699475e+00
-2.704117467450882106e+00
-2.479463412718977633e+00
-2.260622439344190049e+00
-1.920164176123135169e+00
-1.341466006889820761e+00
-4.983439017015171557e-01
5.174615749564130951e-01
1.530132399001792320e+00
2.359320373524895764e+00
2.898510224783173772e+00
3.147550087537668961e+00
3.199032794562315374e+00
3.179455513730908400e+00
3.169719049369752462e+00
3.142096697774903191e+00
2.969494129742877409e+00
2.520421598294996457e+00
1.784741759659802085e+00
9.125926960116916842e-01
1.373559195381875708e-01
-3.473739637907893862e-01
-4.783192811516147613e-01
-3.374853556488118245e-01
-1.161913395514302255e-01
-4.603389563728804007e-02
-3.101409386762482567e-01
-9.429215179691984305e-01
-1.736430059157170191e+00
-2.189924027820395747e+00
-1.647162344206854367e+00
2.426619778637905678e-01
3.006856661000787412e+00
5.471568631370807623e+00
6.628340287949129994e+00
6.272134638486908109e+00
4.849360358329027676e+00
3.003358307706370134e+00
1.270113707236364631e+00
-5.246379745840661774e-02
-9.327229346682121003e-01
-1.560031282932185404e+00
-2.229118094909815273e+00
-3.179162543559272525e+00
-4.446164085862036153e+00
-5.768399572827584976e+00
-6.598354299003764467e+00
-6.311302604397929450e+00
-4.638522925112083861e+00
-2.057446335094994971e+00
3.722209854421306696e-01
1.750894126396746797e+00
1.889265549259574462e+00
1.197455168537375547e+00
2.721445793970260763e-01
-4.090348490826640759e-01
-6.019525806401067047e-01
-2.968545156337192292e-01
3.266957548493899521e-01
9.715269925615593882e-01
1.315106509255653089e+00
1.115669913485571207e+00
3.174934365281888993e-01
-8.788433803337947214e-01
-2.075397331802062428e+00
-2.891003324384255446e+00
-3.180491405219859402e+00
-3.073600996039720368e+00
-2.814501451900055518e+00
-2.572713663860458855e+00
-2.364747857974780487e+00
-2.087977634844109698e+00
-1.611494795241542155e+00
-8.678694696060609282e-01
9.655944106736005783e-02
1.132239413844350118e+00
2.050713017209104372e+00
2.710329282805973961e+00
3.068774016356231815e+00
3.186873549763183266e+00
3.186480570993735828e+00
3.175044885518949478e+00
3.170709883886877467e+00
3.077870132450271523e+00
2.750480755457714199e+00
2.118654275291457445e+00
1.272049700173242037e+00
4.272286611522833066e-01
-1.916399895136161879e-01
-4.627988270216329414e-01
-4.126055212748137579e-01
-1.959447083882109031e-01
-3.864389372801543820e-02
-1.544140953579014597e-01
-6.496228296501015409e-01
-1.424607422611634311e+00
-2.095414665933010401e+00
-2.031600758426417741e+00
-6.853580191599710769e-01
1.842162641250908450e+00
4.584886332538841813e+00
6.349610487446488705e+00
6.581841659159652913e+00
5.517476140252547623e+00
3.769802443348422294e+00
1.941399825200251783e+00
4.340733659500343178e-01
-6.147400789420595091e-01
-1.314393879747988159e+00
-1.934566675605078112e+00
-2.755390736816652364e+00
-3.909232050098176980e+00
-5.260923884818950569e+00
-6.368260858237407618e+00
-6.596906061358129847e+00
-5.474767291417685477e+00
-3.154281352919646508e+00
-5.266391875903940756e-01
1.346408021161972446e+00
1.964749186332922726e+00
1.541223044194897307e+00
6.440861002566474758e-01
-1.781625271277622602e-01
-5.827177395706256702e-01
-4.686923342429386574e-01
5.427694226763130070e-02
7.275083633427154028e-01
1.227600652925226132e+00
1.267330723078099242e+00
7.032186223217358201e-01
-3.705525209532288256e-01
-1.618583936674092172e+00
-2.622663155263899259e+00
-3.124363783410926132e+00
-3.151482412754268214e+00
-2.926402644678316012e+00
-2.665677676536915897e+00
-2.449519057845598535e+00
-2.215074766723517552e+00
-1.832156622195295848e+00
-1.198875442845680928e+00
-3.127334195592753607e-01
7.137433465952295331e-01
1.699161947519612470e+00
2.474337912199951361e+00
2.953592927876747876e+00
3.158521036000162763e+00
3.192487850775493907e+00
3.177984242269013215e+00
3.176025624076058929e+00
3.135075248089641331e+00
2.917219525489014309e+00
2.407317150277755058e+00
1.627955849230460883e+00
7.547549871716285885e-01
2.386910913627311726e-02
-3.926503315919813719e-01
-4.610413454077528228e-01
-2.890082376943700071e-01
-8.094450488356250140e-02
-6.638828185222517275e-02
-4.062634711327267056e-01
-1.096075908626199302e+00
-1.872995421164513896e+00
-2.187869516524803437e+00
-1.398381966034889068e+00
7.215656061939829113e-01
3.529096781542330419e+00
5.805811391829339030e+00
6.669861464643974891e+00
6.069585949253408330e+00
4.521559956031898864e+00
2.664725347953323720e+00
9.950364298044263034e-01
-2.408365844445234660e-01
-1.058137245681335159e+00
-1.675472622608230377e+00
-2.388082842890758339e+00
-3.405255381433083706e+00
-4.711373479995883073e+00
-5.987423168834337339e+00
-6.648650090119229361e+00
-6.101224061809960908e+00
-4.197166259491177165e+00
-1.557756834695914305e+00
7.253192885327344186e-01
1.863674124733277537e+00
1.805807821882900566e+00
1.028358203300764107e+00
1.207323803396005008e-01
-4.798280784934962906e-01
-5.750647091380561848e-01
-1.951080165358733687e-01
4.539842232886737716e-01
1.063926896672099831e+00
1.319218580541740682e+00
1.005261517760162926e+00
1.108391670594704448e-01
-1.117753540300213455e+00
-2.266975498738386996e+00
-2.986756962624172118e+00
-3.186899906004343919e+00
-3.032755067183019904e+00
-2.766110568440329764e+00
-2.530754524085098378e+00
-2.316721552857789135e+00
-2.010197363027045991e+00
-1.486637594112694805e+00
-6.975363799009040022e-01
2.902314800422575725e-01
1.314599306686490943e+00
2.191624881055088903e+00
2.795584812990063117e+00
3.103965105893251586e+00
3.192591110336803872e+00
3.184867839606674078e+00
3.176244957665901314e+00
3.163377570634953617e+00
3.035161626167171889e+00
2.651318273610544285e+00
1.969083404444513352e+00
1.107560565946648534e+00
2.924256291695189192e-01
-2.650532082968151126e-01
-4.708243556375541483e-01
-3.771826952063895289e-01
-1.566343113241891460e-01
-3.854695929713489871e-02
-2.230856169279429868e-01
-7.847894840113252002e-01
-1.576100198765257643e+00
-2.158129526878000526e+00
-1.881760516595347710e+00
-2.781869989959617762e-01
2.382071868966549655e+00
5.020070708743682886e+00
6.511761660335393387e+00
6.465522750738935898e+00
5.224334408311871236e+00
3.420973339280807934e+00
1.628891665182853776e+00
2.027260234136215589e-01
-7.688587346744315543e-01
-1.433550435141281110e+00
-2.073244989053900866e+00
-2.952188076676376838e+00
-4.160658184975392970e+00
-5.506540969637931937e+00
-6.497035159915967917e+00
-6.494439244159849522e+00
-5.111072186161466746e+00
-2.648431042973677929e+00
-9.011821968066489885e-02
1.561958183926475563e+00
1.952257146169774638e+00
1.393139256220174760e+00
4.722386449266119945e-01
-2.919438588297985637e-01
-6.012939495916630461e-01
-3.982036961949498299e-01
1.757348064741111326e-01
8.424847069640600816e-01
1.276319720440255212e+00
1.208215942067118354e+00
5.331443651888615465e-01
-6.064501074763009036e-01
-1.841510392313022937e+00
-2.764400963029761904e+00
-3.166037271741558357e+00
-3.123473870215687676e+00
-2.874498302342783695e+00
-2.617517687018186212e+00
-2.404004458046326231e+00
-2.152390461727323956e+00
-1.729710903947747846e+00
-1.048219649309293455e+00
-1.261842186787558440e-01
9.068168458811760591e-01
1.864787494949133650e+00
2.589698607209449222e+00
3.014574626147537018e+00
3.178343352107828590e+00
3.193686623622394638e+00
3.177403865819262929e+00
3.172322760957627885e+00
3.108213900897651261e+00
2.841308993458366849e+00
2.275856813817553892e+00
1.464668028760308660e+00
6.023660965051848004e-01
-7.914788744998567382e-02
-4.299040151498110252e-01
-4.433211879034930636e-01
-2.487491814779536903e-01
-6.130242745938904031e-02
-1.042286979611646847e-01
-5.152226616676250925e-01
-1.248454163494374658e+00
-1.985851965984699818e+00
-2.136836770377644079e+00
-1.091605443368466988e+00
1.233456292973574175e+00
4.035846366699900933e+00
6.089839930690324366e+00
6.658300101510921110e+00
5.830981865152186749e+00
4.177342064625392482e+00
2.322729543743327962e+00
7.222305175734905491e-01
-4.276827520879356026e-01
-1.186402627060764825e+00
-1.798077618841173564e+00
-2.555027107200340541e+00
-3.634482035262909694e+00
-4.967889739876783395e+00
-6.177889521413146845e+00
-6.650677746563912862e+00
-5.837429494062943647e+00
-3.723386471232594808e+00
-1.064189355754239008e+00
1.043478424908760083e+00
1.938407884150561644e+00
1.698664918401812107e+00
8.517007888499403823e-01
-2.639284517903415714e-02
-5.405323360539268096e-01
-5.379339521466932617e-01
-8.627241081132340506e-02
5.822848796427226858e-01
1.149431404274518176e+00
1.309687426581323644e+00
8.782070811194316873e-01
-1.077611121214106932e-01
-1.357550696481229169e+00
-2.448097727605208718e+00
-3.067206904863296391e+00
-3.180256434559942669e+00
-2.984501733490086739e+00
-2.715573493463577570e+00
-2.488745412533014623e+00
-2.268693068192727758e+00
-1.931003211975494294e+00
-1.359084192194150331e+00
-5.238758279886402969e-01
4.859317760231700034e-01
1.497665516284474752e+00
2.331639576304674666e+00
2.879188725700485119e+00
3.137803978158110851e+00
3.196936195716738816e+00
3.182048143333196855e+00
3.174535428661993564e+00
3.150108136345791010e+00
2.983276218140788139e+00
2.542492536985993201e+00
1.813727606988508212e+00
9.427832444928785360e-01
1.623650847430022914e-01
-3.322581294073408409e-01
-4.735584650500699877e-01
-3.401621071433295618e-01
-1.206281873907622676e-01
-4.570256314473851444e-02
-3.001166223583778825e-01
-9.241433994169520050e-01
-1.718426285143949572e+00
-2.190134803907517025e+00
-1.683974834191073633e+00
1.687427629058355916e-01
2.922549305007573928e+00
5.414377694063864155e+00
6.618070862185030379e+00
6.303782288793949640e+00
4.904726775741152345e+00
3.063625529499441669e+00
1.320831178716333154e+00
-1.788407243478133679e-02
-9.128868375215501985e-01
-1.547452490394611857e+00
-2.213999142459092351e+00
-3.154585680350921351e+00
-4.413283469528061609e+00
-5.738523547287996074e+00
-6.590242434346149203e+00
-6.341078565821605117e+00
-4.705158621344127212e+00
-2.136147438858939651e+00
3.143986011457434726e-01
1.731277313568825305e+00
1.903140641802304245e+00
1.228101798549412926e+00
3.019409419579027198e-01
-3.917660460654598387e-01
-6.013723850024884632e-01
-3.109615381509743814e-01
3.057494995766600887e-01
9.541072971138016001e-01
1.310455853433621698e+00
1.128885983944509785e+00
3.460204110315605042e-01
-8.451379759203206943e-01
-2.049592372078949065e+00
-2.880743834309649198e+00
-3.184677095698413396e+00
-3.083621928315173566e+00
-2.822368651930647232e+00
-2.575525734381127752e+00
-2.365346664319583958e+00
-2.092115452053882940e+00
-1.624498950791086305e+00
-8.916401643201682381e-01
6.514451818000524530e-02
1.099679435550539042e+00
2.024225193484060714e+00
2.694197981428206656e+00
3.063103637910117527e+00
3.187990162279951356e+00
3.188991330282297199e+00
3.174917625813018063e+00
3.168559238418223512e+00
3.078215986888410693e+00
2.759132029909987072e+00
2.137500266571734642e+00
1.297900449074858242e+00
4.520633703174443685e-01
-1.748971913220368490e-01
-4.573132525178524310e-01
-4.172551797212444846e-01
-2.047812608726834460e-01
-4.385517415443625916e-02
-1.494670617972590210e-01
-6.324047706922351075e-01
-1.401125476338519693e+00
-2.080279199029113624e+00
-2.045157133191491727e+00
-7.387594712627701954e-01
1.763250703035109890e+00
4.515496123836975073e+00
6.319190345555483646e+00
6.595245851120080438e+00
5.561186653489761156e+00
3.824116972020604965e+00
1.990310111147444827e+00
4.685221059582155290e-01
-5.946405572125456063e-01
-1.302154815750199424e+00
-1.919986744668293666e+00
-2.730572659093002397e+00
-3.872856337681777728e+00
-5.222143760050098393e+00
-6.343937712209783086e+00
-6.606487638451891797e+00
-5.525148186572394593e+00
-3.229567691244600081e+00
-5.943146075922102201e-01
1.311654481558546914e+00
1.966183944633349112e+00
1.564932129545714368e+00
6.719093176500888775e-01
-1.600173971897845271e-01
-5.802223870096017144e-01
-4.807990953731993145e-01
3.377106060663077891e-02
7.086007046081107541e-01
1.219531911992299600e+00
1.276232370565249630e+00
7.295018693668212650e-01
-3.350963751839996507e-01
-1.586350902136444363e+00
-2.604055051593433312e+00
-3.121041822151886524e+00
-3.157269011656683499e+00
-2.933537663220556979e+00
-2.670070395722181189e+00
-2.451901728092645616e+00
-2.220375073329623028e+00
-1.845038867387644554e+00
-1.221248328496284064e+00
-3.421431953461968045e-01
6.830853772425924397e-01
1.673603825304276205e+00
2.458001352647469773e+00
2.947492759682740271e+00
3.159112614471719205e+00
3.195042448410298164e+00
3.178663433419605777e+00
3.174545797617827070e+00
3.135590520685297644e+00
2.925142262755894507e+00
2.425599245818064187e+00
1.653365982414200630e+00
7.802558699017888566e-01
4.178862812863093357e-02
-3.861229564276398851e-01
-4.648452514077697773e-01
-2.977221292064389235e-01
-8.766802038418300413e-02
-6.403468390495209439e-02
-3.917366303130637717e-01
-1.072590195249950362e+00
-1.852950500949090751e+00
-2.190089622663667246e+00
-1.438745246839701286e+00
6.474554443815451199e-01
3.451404511141588305e+00
5.758830434695695999e+00
6.667778849135655328e+00
6.103182034340199458e+00
4.572087359871909840e+00
2.714830138869398279e+00
1.034062367208739008e+00
-2.156629321518929165e-01
-1.041891256393409293e+00
-1.659574581731543041e+00
-2.364032506378196175e+00
-3.370363320798381856e+00
-4.671089777747088334e+00
-5.955236939863463697e+00
-6.643763974257992366e+00
-6.135913820892843873e+00
-4.264604712542603870e+00
-1.630046230654186301e+00
6.776778246490446911e-01
1.852051534527942689e+00
1.822062031151865602e+00
1.054979672548818748e+00
1.425944402543694589e-01
-4.709401423496966110e-01
-5.809489648655893346e-01
-2.112402471391038594e-01
4.356226891414931024e-01
1.052038153820296085e+00
1.321298698622565437e+00
1.023801468814635296e+00
1.419274989074004734e-01
-1.084331078794549708e+00
-2.242500385338408009e+00
-2.976724579804526094e+00
-3.188700127237143356e+00
-3.039478680230911056e+00
-2.772829105713482178e+00
-2.536095785841311123e+00
-2.323732719809982417e+00
-2.022713237037705003e+00
-1.506826252875718808e+00
-7.245828923616488559e-01
2.602669246802635228e-01
1.287775692390911164e+00
2.171915733653188685e+00
2.784889074049321955e+00
3.100971481121228557e+00
3.193042233815188258e+00
3.185393832375711387e+00
3.175262960768491016e+00
3.163392751543421255e+00
3.040896241614046591e+00
2.665740001713749141e+00
1.991083265720356987e+00
1.131517711123934511e+00
3.117783463874361782e-01
-2.554098557597053731e-01
-4.708388523001751924e-01
-3.831078861556858617e-01
-1.626133577153510978e-01
-3.793548768643600216e-02
-2.114771940385419269e-01
-7.632221515236462528e-01
-1.552966718040136529e+00
-2.149727278027669719e+00
-1.906468958044888140e+00
-3.409533979976497320e-01
2.301742331435054911e+00
4.957728529250371885e+00
6.490602756814538132e+00
6.484419081152000608e+00
5.267682471459172788e+00
3.470597902462928541e+00
1.672200473014971323e+00
2.341479004851140244e-01
-7.481480776151727685e-01
-1.416066837261495293e+00
-2.051198230666019473e+00
-2.920722406072003619e+00
-4.121182253560490949e+00
-5.469388492364689824e+00
-6.479088243551261783e+00
-6.512489646597058091e+00
-5.167526982044422290e+00
-2.723936437763243124e+00
-1.529692695486900844e-01
1.533142029621239910e+00
1.956448000164993761e+00
1.416114527790335531e+00
4.971163964692403847e-01
-2.764137103875168311e-01
-5.998421157367654910e-01
-4.094542560145723598e-01
1.578944920556575870e-01
8.265763234292180517e-01
1.271106250792478187e+00
1.219446744246205805e+00
5.603920658894165907e-01
-5.704970387668070186e-01
-1.808330587826481706e+00
-2.743821153577437499e+00
-3.160197172071652627e+00
-3.128024092136441503e+00
-2.882485500995631167e+00
-2.625534486671265544e+00
-2.412208840873198312e+00
-2.163657741782023525e+00
-1.746980676471922456e+00
-1.071985242464268184e+00
-1.544279102505298484e-01
8.786302727419009750e-01
1.841211924902319330e+00
2.573722555868717787e+00
3.006216299195269226e+00
3.175556682121148278e+00
3.193251924469737268e+00
3.177326890269585036e+00
3.173519529202882605e+00
3.113531541424861437e+00
2.854604250843335578e+00
2.297034752123351620e+00
1.489458160619165916e+00
6.243687038248968424e-01
-6.526152547154200068e-02
-4.258060955990718432e-01
-4.467343362382789618e-01
-2.544587669672996877e-01
-6.285383989637535751e-02
-9.656719431926708008e-02
-4.973016513379389103e-01
-1.225116121127884705e+00
-1.970400709094912051e+00
-2.148063976160653255e+00
-1.141329700121231472e+00
1.154941733608645826e+00
3.961840426555852002e+00
6.050986660258527827e+00
6.663546829173424335e+00
5.868777491764999077e+00
4.228888414470765689e+00
2.373015407129484444e+00
7.619781372334646363e-01
-4.002719327111669001e-01
-1.166923227683714481e+00
-1.778781853139636437e+00
-2.528680254326162835e+00
-3.599415256096727411e+00
-4.930247855735818696e+00
-6.151688925417098552e+00
-6.654124649459933316e+00
-5.880782752324589246e+00
-3.796361791423341181e+00
-1.137548887748649484e+00
9.977169137897062834e-01
1.928929013012102844e+00
1.715350254718733813e+00
8.778291430436361287e-01
-5.225023454778809744e-03
-5.321735183465267083e-01
-5.438760975836278710e-01
-1.019774551242697835e-01
5.642208368567817045e-01
1.138122881386585128e+00
1.312673876744669288e+00
8.990523655159956551e-01
-7.383520782192140586e-02
-1.320960521327694259e+00
-2.420981424605040289e+00
-3.055034052683636148e+00
-3.180911389553843893e+00
-2.991731664162621485e+00
-2.723584105998127392e+00
-2.495892552297101386e+00
-2.277199787093553418e+00
-1.944358410498335576e+00
-1.379065740088588843e+00
-5.504807745317747969e-01
4.564542446154503108e-01
1.470669611560439183e+00
2.311044718124359409e+00
2.866755321228064979e+00
3.132589629227521932e+00
3.195897148490053130e+00
3.182161119289026008e+00
3.174997052033623035e+00
3.152894036418601331e+00
2.992121397574674102e+00
2.559716443317861412e+00
1.837088037859334611e+00
9.668534453225632319e-01
1.807782169585438470e-01
-3.232200634739634815e-01
-4.737152442996615531e-01
-3.456143310843148853e-01
-1.250328077259848514e-01
-4.349500337117678112e-02
-2.875380226313263843e-01
-9.029548120083067397e-01
-1.698088322502756764e+00
-2.188071010240345782e+00
-1.717253420055246282e+00
9.926671215607746346e-02
2.842069073702781168e+00
5.358341128097613648e+00
6.605706796117789992e+00
6.330538607772145276e+00
4.953807688075278826e+00
3.117179345562079096e+00
1.366763310545897170e+00
1.504023944484184777e-02
-8.912487874396337606e-01
-1.529687275289120407e+00
-2.191847789178372530e+00
-3.123727471724953908e+00
-4.375528566040173928e+00
-5.705197038391841780e+00
-6.578952848194119518e+00
-6.367519767803280217e+00
-4.768890525175977224e+00
-2.213454875504342390e+00
2.551526389353014901e-01
1.707912356755854066e+00
1.911650924070680713e+00
1.253188003953284335e+00
3.270855799917149476e-01
-3.774356622801617323e-01
-6.018672829476501285e-01
-3.243109209313196351e-01
2.862218835460777488e-01
9.376110572315233815e-01
1.306206938336826662e+00
1.142034236360630839e+00
3.751840235276814317e-01
-8.086006089203326974e-01
-2.018016435229953220e+00
-2.863321644012999823e+00
-3.182069295896984951e+00
-3.089554444436077851e+00
-2.830025176248669005e+00
-2.581715879820924542e+00
-2.371138144487302313e+00
-2.101269537327748349e+00
-1.640448081345379894e+00
-9.150308838051732785e-01
3.684226181080005325e-02
1.071333995006842787e+00
2.000445891757900441e+00
2.678423820673017097e+00
3.055532724466079486e+00
3.186136220453624990e+00
3.189382527246552357e+00
3.175122726508810889e+00
3.169320201457540787e+00
3.083302596173322030e+00
2.772222542106963061e+00
2.158648396982959294e+00
1.322640335098575814e+00
4.736808397546817817e-01
-1.618517014004256238e-01
-4.543348170933839136e-01
-4.214215494685826791e-01
-2.111946237057311659e-01
-4.589875394293238542e-02
-1.419037818804670670e-01
-6.141842954875011973e-01
-1.378110937003201419e+00
-2.067506495212259487e+00
-2.061873530358060425e+00
-7.945224540738110575e-01
1.683070178553362162e+00
4.446082450093497229e+00
6.288902933810615714e+00
6.608615036425683265e+00
5.604512155057161493e+00
3.878666352045478050e+00
2.040923550553988441e+00
5.069902227645041171e-01
-5.694224968916253848e-01
-1.284486493028615284e+00
-1.900968061840635048e+00
-2.703052606155994741e+00
-3.836418662107641264e+00
-5.184317256645505800e+00
-6.321005682575419726e+00
-6.616244187953319589e+00
-5.575107853240252709e+00
-3.304884339169857910e+00
-6.634218441910455510e-01
1.274401378542182828e+00
1.964742094918290105e+00
1.586663045952199980e+00
6.989648598991758943e-01
-1.407231806495363169e-01
-5.754413037228003347e-01
-4.907600383095808150e-01
1.478485093273633477e-02
6.891519391644985726e-01
1.209011183966711034e+00
1.281766654676435468e+00
7.521625435545931104e-01
-3.012235411122032303e-01
-1.553276853354389919e+00
-2.582350412462572908e+00
-3.114609645461819731e+00
-3.161936553793999849e+00
-2.941587640943612580e+00
-2.676670696494544366e+00
-2.457254761839032575e+00
-2.227684362745560698e+00
-1.857814777228054215e+00
-1.241725250723110685e+00
-3.691115352562236440e-01
6.540523032628188238e-01
1.648130812124150690e+00
2.439981763076415344e+00
2.938105500371877898e+00
3.156471341512260942e+00
3.195855156325416946e+00
3.179382866577692646e+00
3.174668709477336925e+00
3.137634738067061058e+00
2.934131533967743177e+00
2.443270352179092608e+00
1.677438864715539601e+00
8.044110292191151146e-01
5.946064830586305500e-02
-3.786609785916338344e-01
-4.667025418213323618e-01
-3.045541035281174036e-01
-9.256111899232544182e-02
-6.103676407894691874e-02
-3.775196990750252501e-01
-1.050359058569762194e+00
-1.833541418731124750e+00
-2.192505131759431514e+00
-1.478733984080265351e+00
5.737249890827311738e-01
3.372978674667771237e+00
5.710386245107495817e+00
6.663644488954142631e+00
6.135456284440478747e+00
4.622833765038413922e+00
2.766883911867636492e+00
1.075853044222150112e+00
-1.873816822358257972e-01
-1.023913505776113508e+00
-1.643647777215924366e+00
-2.341722051939721716e+00
-3.337919766584585002e+00
-4.632909967811515983e+00
-5.924283563646522310e+00
-6.638624221419382465e+00
-6.170301051585521002e+00
-4.332968721789637101e+00
-1.705794224446806950e+00
6.254318095548286882e-01
1.837035578720853213e+00
1.836231330677881246e+00
1.081518050401427011e+00
1.659875385084959021e-01
-4.602496080197678863e-01
-5.852376346820006292e-01
-2.269401887039354526e-01
4.163386996932372797e-01
1.038202925145220279e+00
1.321258501223845583e+00
1.041528509159271865e+00
1.736202459195038406e-01
-1.048500185174959576e+00
-2.214639112133121923e+00
-2.963771826002489895e+00
-3.188925710252608514e+00
-3.046505657811420242e+00
-2.779959276391404277e+00
-2.541581640803600273e+00
-2.329749133543688178e+00
-2.033280481950678009e+00
-1.524943206692538133e+00
-7.500446901005841660e-01
2.309136549148521900e-01
1.259860024713059579e+00
2.150494152467348208e+00
2.772008687445008057e+00
3.095586483408855116e+00
3.192297312099473761e+00
3.185599197334597399e+00
3.174668200426912446e+00
3.163622040836804317e+00
3.045950285121774570e+00
2.679629351127745807e+00
2.012976993372205037e+00
1.156095155671029051e+00
3.318310735768790209e-01
-2.444831519664095454e-01
-4.699114312405309746e-01
-3.892243001524931523e-01
-1.693457740158115232e-01
-3.849166333434537318e-02
-2.015535386340558399e-01
-7.431672403441818009e-01
-1.530427308585625035e+00
-2.140850846377050143e+00
-1.929957098964981466e+00
-4.029000034662671426e-01
2.221355803635001624e+00
4.894481989708755698e+00
6.469195561746929890e+00
6.504909804991540589e+00
5.313988203643982722e+00
3.524460468840690641e+00
1.719746188254264396e+00
2.685819053155692471e-01
-7.255048738400153852e-01
-1.398864847697030012e+00
-2.030916539614745275e+00
-2.891488467598750667e+00
-4.083633826149458912e+00
-5.433201929210997427e+00
-6.461486636713862808e+00
-6.530463178448148831e+00
-5.224416919122290892e+00
-2.800854420005553624e+00
-2.174554324735027966e-01
1.502517857776341614e+00
1.959921291807909860e+00
1.438559549551524874e+00
5.224240505535685530e-01
-2.605428876383451553e-01
-5.988007980006457842e-01
-4.215116124031960676e-01
1.388864164208082619e-01
8.094436636414478192e-01
1.264891593536641157e+00
1.229945258396291319e+00
5.873946536235359339e-01
-5.343626136475309041e-01
-1.775405624072152078e+00
-2.723614951079432078e+00
-3.154783540619168214e+00
-3.132194452698455311e+00
-2.889425443360454704e+00
-2.631333569210432266e+00
-2.417770539861620716e+00
-2.172311837056736916e+00
-1.762248538902415618e+00
-1.095246223775145022e+00
-1.832029970389487950e-01
8.488750467813427347e-01
1.816285841802921519e+00
2.556648059104137616e+00
2.997560966140014660e+00
3.172818765213466730e+00
3.192832602823789223e+00
3.176655598408865355e+00
3.172885938949285833e+00
3.116417726486353956e+00
2.865078847207774171e+00
2.316140870152651576e+00
1.513481021951249117e+00
6.467320569085345250e-01
-5.066898270575594110e-02
-4.212807540089858471e-01
-4.504895405987142110e-01
-2.613737737305300568e-01
-6.636974694005920439e-02
-9.065694747969964273e-02
-4.802673733411044754e-01
-1.201557777730604792e+00
-1.953403818399486180e+00
-2.156264747182547126e+00
-1.188258699677957164e+00
1.078219281380006223e+00
3.887599582856374969e+00
6.011528998340214258e+00
6.668187694315666825e+00
5.906600447016386646e+00
4.281669031521099456e+00
2.424357618536903125e+00
8.022344522144193579e-01
-3.732387994234522277e-01
-1.148147516671180535e+00
-1.760135337057840976e+00
-2.502801868005379848e+00
-3.563937847884469434e+00
-4.890981286561300045e+00
-6.123397285385886235e+00
-6.655270364189692422e+00
-5.922019398990021166e+00
-3.868098004055749772e+00
-1.210386418496951055e+00
9.525784104802713648e-01
1.919863283991007030e+00
1.732348813829191370e+00
9.037365856813343035e-01
1.516755934462505305e-02
-5.250106777896107468e-01
-5.510711863162923718e-01
-1.195732502753664717e-01
5.448489540593619562e-01
1.125969870275496110e+00
1.315609402469331890e+00
9.192364540184725374e-01
-4.077082763843718066e-02
-1.285635396745686165e+00
-2.395074666955963938e+00
-3.044170187717032849e+00
-3.182540685713183048e+00
-2.998658974577274705e+00
-2.730395274918335335e+00
-2.501257306902091138e+00
-2.283967599197116893e+00
-1.955860291718713562e+00
-1.398243929474765501e+00
-5.764253178846605596e-01
4.276844058872404375e-01
1.444159112050374061e+00
2.291264816623100664e+00
2.855465297639224076e+00
3.128456385392439643e+00
3.195647151579254608e+00
3.182544876858700800e+00
3.174699228425433173e+00
3.154192410359167198e+00
2.999500839909251759e+00
2.575780002864373142e+00
1.859899877012793912e+00
9.904885018921901763e-01
1.987331647842719429e-01
-3.145680644637986467e-01
-4.745498977735581603e-01
-3.522033137927481627e-01
-1.311364801329486796e-01
-4.244671948957577656e-02
-2.753676959453787987e-01
-8.815791853723915494e-01
-1.676865641464086787e+00
-2.184398027715876101e+00
-1.748550559268212901e+00
3.092394150656286797e-02
2.761366558830816498e+00
5.301352685954118016e+00
6.592157815682000432e+00
6.356638916606530465e+00
5.002406024575244636e+00
3.170481877562694173e+00
1.412249818136844359e+00
4.754476471328924342e-02
-8.697995074360870271e-01
-1.511969478986149973e+00
-2.169534689460125954e+00
-3.091765441825940819e+00
-4.336533867642368811e+00
-5.670416053684697033e+00
-6.566408086109732700e+00
-6.392656185612339392e+00
-4.831159312193824107e+00
-2.290097646513120200e+00
1.962198336463977510e-01
1.684377074986996181e+00
1.920071358585413224e+00
1.277737213065937683e+00
3.516169154097993355e-01
-3.639941682880449836e-01
-6.035979650699642152e-01
-3.386562557504269599e-01
2.664806915249337549e-01
9.214009150821186322e-01
1.301985257093012160e+00
1.154933231255720560e+00
4.041914025923364906e-01
-7.726133139667270555e-01
-1.987327404130561082e+00
-2.846428256757745245e+00
-3.179379004452957513e+00
-3.095340384418006074e+00
-2.837793131050049933e+00
-2.588318242718528950e+00
-2.377444534512669794e+00
-2.111387098557083508e+00
-1.657309512398925211e+00
-9.392906947643283599e-01
7.800021033456272339e-03
1.042523966099621946e+00
1.977282527376743593e+00
2.663479394463304839e+00
3.048771679245103172e+00
3.184960462327630193e+00
3.190053723698249133e+00
3.175601133103728380e+00
3.169976698401140158e+00
3.088353671004047118e+00
2.785184620015087820e+00
2.179997093342505465e+00
1.347731147050345024e+00
4.958285430179653619e-01
-1.480077442891169770e-01
-4.509420457380237113e-01
