0.000000000000000000e+00
-2.481420832182315572e-01
-4.904237339439632137e-01
-7.403276619756516963e-01
-8.799011050016867230e-01
-1.064058234753708643e+00
-1.164293715751774982e+00
-1.383303839970748017e+00
-1.484501373128100488e+00
-1.598494666628663685e+00
-1.603297120691294708e+00
-1.580520301286850948e+00
-1.456412481768202039e+00
-1.233407368077670929e+00
-9.733961529133347002e-01
-6.936702549119967420e-01
-5.085545984443142764e-01
-2.452231900720552027e-01
-6.801884989850742746e-02
1.992977590872272164e-01
3.957407534487046852e-01
7.051353664838702073e-01
1.033272926809076342e+00
1.392016678216655645e+00
1.659724386483851566e+00
1.776840671980855824e+00
1.695911930955578573e+00
1.258056713860039810e+00
5.553172479922547922e-01
-4.538440946047285207e-01
-1.342726590469173198e+00
-2.074553761869831980e+00
-2.408762143062290306e+00
-2.426657767108316488e+00
-2.134398933023910594e+00
-1.628096563187324319e+00
-1.091811713391732663e+00
-5.425249662279227891e-01
-1.051625898427471645e-01
3.579543788397294701e-01
6.880342451718252095e-01
1.069418112374059593e+00
1.352893402226347241e+00
1.721898112659635993e+00
2.033826900804899918e+00
2.308707223510969353e+00
2.479665866650980099e+00
2.547543253483536496e+00
2.560132735897086675e+00
2.451467070295874073e+00
2.318391966149372152e+00
2.059850703164919139e+00
1.865906503604938704e+00
1.532990100452345850e+00
1.210112948354621354e+00
7.454837100323811194e-01
2.963736117143743742e-01
-1.908476062856455102e-01
-6.856259179048708186e-01
-1.184207167693294371e+00
-1.671081499387750080e+00
-2.025120283078875705e+00
-2.259807769872552274e+00
-2.101755251122565227e+00
-1.552039950018241576e+00
-3.654846618019280124e-01
1.070502205663590445e+00
2.457205145932520818e+00
3.347336310784238655e+00
3.597009635634306868e+00
3.296750931808149598e+00
2.513765760895947832e+00
1.585575181969845371e+00
5.946409904538798585e-01
-1.838291315620269317e-01
-8.875973464534896440e-01
-1.399169027150894529e+00
-1.929327651620290629e+00
-2.410865137360524990e+00
-2.968633783153537653e+00
-3.553515299460834775e+00
-4.041080776840516364e+00
-4.338185843667457853e+00
-4.249898869722859018e+00
-3.870967270900353085e+00
-3.138038603716819974e+00
-2.315118912601683565e+00
-1.409756462367786956e+00
-7.192751964454328073e-01
-1.543007065709246506e-01
2.507993641215239822e-01
6.505925865612923742e-01
1.102670503161572890e+00
1.569712313525570391e+00
2.083601115970944662e+00
2.430809053697944755e+00
2.509351687599054248e+00
1.915261696478353093e+00
6.445451584095542863e-01
-1.242789846830921974e+00
-3.104482989296986073e+00
-4.484392451283873093e+00
-5.060332318559479958e+00
-4.836612345096814813e+00
-4.102718110226167170e+00
-3.001765294745201373e+00
-1.868359871443193931e+00
-6.742658318980975229e-01
3.844659058858396761e-01
1.395310500815543753e+00
2.259551442954219613e+00
3.104142694119291779e+00
3.903241862657019112e+00
4.646189360667028367e+00
5.201614947990266913e+00
5.317188369763641731e+00
4.902707140548731246e+00
3.776406519831774666e+00
2.243112136685559310e+00
5.740404750482329677e-01
-6.832760951922952630e-01
-1.398446684293993769e+00
-1.590941523719213713e+00
-1.505437627548485313e+00
-1.355489695830731867e+00
-1.257496642163033806e+00
-1.322623637409281905e+00
-1.408331623177095038e+00
-1.448394270933696548e+00
-1.079229943647985301e+00
-2.689746351360613463e-01
1.032775420304641090e+00
2.452526775609771281e+00
3.654335050274875485e+00
4.319657326917170082e+00
4.351405700657664966e+00
3.913327322145408793e+00
3.183855050429748257e+00
2.449842798171244951e+00
1.715733336381563445e+00
1.102239065775218796e+00
4.553431967228623312e-01
-1.818584256148985112e-01
-9.371754430937419000e-01
-1.766003083522915462e+00
-2.617792653894338351e+00
-3.361349838912393917e+00
-3.839045403910282150e+00
-3.989808280928758943e+00
-3.709694154612261485e+00
-3.086104597431335694e+00
-2.132171239297565801e+00
-1.138986830579803877e+00
-2.135261473896768458e-01
4.605147016220073608e-01
9.081506759214149627e-01
1.146537746959436888e+00
1.199936770337329817e+00
1.164149817487803773e+00
1.051242396680805991e+00
9.629410814336719637e-01
8.504562332362304300e-01
7.790942078573958041e-01
6.396669431542600925e-01
4.448467882897581549e-01
3.543508990490269045e-02
-5.839512359998586533e-01
-1.362707591335560187e+00
-2.134448432861621114e+00
-2.679440448428867416e+00
-2.926635392424675963e+00
-2.790470841722028972e+00
-2.393098740691537607e+00
-1.805577967019027286e+00
-1.236016394060388990e+00
-7.198639427494440968e-01
-3.269975955067325191e-01
2.693013753972870947e-02
3.793282259977379112e-01
7.791497578568915561e-01
1.270496208679284811e+00
1.785883583823017373e+00
2.291211033051998136e+00
2.638124789353512689e+00
2.820151239732810122e+00
2.783217086662797435e+00
2.621255959873078467e+00
2.332602350230447374e+00
2.013505153990009955e+00
1.668555492479742997e+00
1.308291127764191764e+00
9.229609427341830541e-01
4.721110613205115047e-01
2.674977712603189908e-02
-4.148148024542626100e-01
-7.732001155790978464e-01
-1.094917164326671299e+00
-1.344442209333732485e+00
-1.576676612713580505e+00
-1.727778702288989221e+00
-1.756169947805177101e+00
-1.498093776330911453e+00
-7.858593666438115077e-01
3.788811080631867556e-01
1.811084468264297698e+00
3.057737687026593765e+00
3.821146108738254554e+00
3.911553924936046478e+00
3.428395258804772361e+00
2.541509663790106455e+00
1.516297612085779623e+00
5.581094400635036035e-01
-2.211428537544305739e-01
-8.045622045263612909e-01
-1.309217291486359125e+00
-1.793698123153408819e+00
-2.390885732178604339e+00
-3.056895961177697796e+00
-3.749675097383039724e+00
-4.259626726011456199e+00
-4.428567178802639503e+00
-4.132521603771859731e+00
-3.413309314786391546e+00
-2.432947018184579147e+00
-1.411831501175280223e+00
-5.890894293331661036e-01
-1.455991413839928354e-02
3.105452993295706454e-01
5.749378114160006437e-01
8.474805635909974377e-01
1.212269623732203927e+00
1.615739259296288477e+00
1.985477248446728904e+00
2.173728166106424275e+00
1.990545194901040649e+00
1.286966380938046051e+00
2.650572839718106158e-02
-1.524033505365408825e+00
-3.021084095967352390e+00
-4.053515562317204335e+00
-4.503497291435879291e+00
-4.368980730599868245e+00
-3.811282616600179640e+00
-2.989362011762629834e+00
-2.011614461037906754e+00
-9.963769658862339229e-01
1.733134771439875932e-02
9.353542359491183733e-01
1.777713114473586486e+00
2.514768823731099889e+00
3.223007286233745994e+00
3.850602912446365877e+00
4.370624724431793062e+00
4.630749362915260292e+00
4.479488229961074097e+00
3.810781879297930885e+00
2.635523204082258264e+00
1.241004306256173084e+00
-5.164070382262970355e-02
-9.186941259455891906e-01
-1.334082159134732937e+00
-1.364489983169354437e+00
-1.232438523179260059e+00
-1.083491054982615331e+00
-1.053066271898396744e+00
-1.154662615248563506e+00
-1.287263688805855955e+00
-1.296393437864321596e+00
-9.474462800207521518e-01
-1.735989353268164448e-01
1.001689460372863438e+00
2.266174967215848213e+00
3.306079157109172328e+00
3.828985600076732165e+00
3.818917138216559426e+00
3.399241665403661017e+00
2.773926366560217183e+00
2.117938614218174198e+00
1.489186831913632769e+00
9.370767861038847846e-01
3.708683724186108144e-01
-2.234317581539594921e-01
-9.271652841213148255e-01
-1.674781073604125980e+00
-2.422682484570478412e+00
-3.041940100425350124e+00
-3.468040472653993067e+00
-3.626231136830302848e+00
-3.487837793661255681e+00
-3.085543972651393574e+00
-2.454046649448811568e+00
-1.725456147120829398e+00
-9.470478046144676920e-01
-2.498541253161989106e-01
3.374051233173672726e-01
7.419272978290839538e-01
9.891252083433602627e-01
1.094023740898719455e+00
1.113333433991302135e+00
1.100957455262870255e+00
1.091933563950304276e+00
1.127657356911619724e+00
1.126879950923110218e+00
1.010383130372533911e+00
5.861765568615640021e-01
-1.802916746335553877e-01
-1.241461554723876537e+00
-2.330161146497403468e+00
-3.166071431770432820e+00
-3.529647133955569505e+00
-3.375766907981143650e+00
-2.835453734471568676e+00
-2.082378752761453899e+00
-1.336355961057992037e+00
-6.743418774040634833e-01
-1.668069890435197045e-01
2.740311247168041309e-01
7.018003441916613738e-01
1.222423290465039170e+00
1.840009110009415361e+00
2.504865112934424154e+00
3.095264471607953816e+00
3.480385742948880257e+00
3.584723840161341268e+00
3.363680206346718826e+00
2.901064092901531222e+00
2.272990478185496155e+00
1.644656941664507599e+00
1.064436487537105513e+00
5.789647364372682015e-01
1.462588629366904647e-01
-2.498085711799565567e-01
-6.220229207015600670e-01
-9.692347590591967599e-01
-1.267740698470294802e+00
-1.515796112973145870e+00
-1.666560287771793991e+00
-1.712585151173612319e+00
-1.548259788174451090e+00
-1.100756862575165584e+00
-2.543585490581176112e-01
9.296059516946952872e-01
2.240843900775191244e+00
3.354383779086834938e+00
3.993133795206202930e+00
4.060292708997346622e+00
3.583129545114418946e+00
2.741031800203218793e+00
1.711233082033036812e+00
7.133988868474551159e-01
-1.523237097493272685e-01
-8.279753759302704852e-01
-1.379985539308282716e+00
-1.896623629488040308e+00
-2.468481431624911515e+00
-3.127816236441530506e+00
-3.786481736324072145e+00
-4.289194138313482618e+00
-4.415461659193472777e+00
-4.047975759176686061e+00
-3.176959812433683528e+00
-2.019832453726159383e+00
-8.608153135556646518e-01
1.668271371698872713e-02
5.173365215780527659e-01
7.196601268050680789e-01
7.883771968073652880e-01
8.956306057461573822e-01
1.105322416644329842e+00
1.422151560225974665e+00
1.730751929306603820e+00
1.886971787639903031e+00
1.678075284772341913e+00
9.833381015977786799e-01
-1.908464549802261767e-01
-1.601314184151708897e+00
-2.888594972317194642e+00
-3.756671038464974632e+00
-4.075938953685006361e+00
-3.929368992209045341e+00
-3.446220383097860829e+00
-2.782851385811508482e+00
-2.013958884366023216e+00
-1.199629860129623582e+00
-3.597288471526576270e-01
4.699591423271897161e-01
1.268591258216593909e+00
2.020543120187288100e+00
2.703985669132052294e+00
3.307952265507347445e+00
3.774469470520727121e+00
4.055846486230981540e+00
4.047241494930947425e+00
3.677674615634041633e+00
2.915459321689666705e+00
1.871913160798210463e+00
7.583942719604633842e-01
-1.885165385780315783e-01
-8.179326010959578896e-01
-1.120219156317538101e+00
-1.165782466266531925e+00
-1.101468272304808815e+00
-1.034402204347356413e+00
-1.058750762924244304e+00
-1.163533229597113916e+00
-1.276907632672980020e+00
-1.241918976336077618e+00
-8.900725905079058808e-01
-1.204402913173063805e-01
1.002351715909775454e+00
2.212560555579379695e+00
3.186127791344415261e+00
3.673142042806677221e+00
3.648615723938771982e+00
3.215092410775764797e+00
2.569227289995297259e+00
1.869528812749204461e+00
1.221262580332942882e+00
6.499474493543609954e-01
1.115578970594991587e-01
-4.490251707167818296e-01
-1.080810440341693823e+00
-1.765195228354321744e+00
-2.457735650541470029e+00
-3.054746744010019111e+00
-3.473999747952646100e+00
-3.624489652990887212e+00
-3.485969090335793830e+00
-3.077165632009943863e+00
-2.468944743557255794e+00
-1.760941266160282570e+00
-1.041571402116995282e+00
-3.981587231386601311e-01
1.357372379591452738e-01
5.367191073098214193e-01
8.292933939140832988e-01
1.021104182063473420e+00
1.152649662764534844e+00
1.246659972558998186e+00
1.333536881777071192e+00
1.400103246154918990e+00
1.370104670868116159e+00
1.123484824847236663e+00
5.227163141441034666e-01
-4.527598571302462460e-01
-1.672907283539757373e+00
-2.827621139761939073e+00
-3.617326247633023684e+00
-3.854844791832821027e+00
-3.560655243809604187e+00
-2.879675508334113232e+00
-2.012134565391580310e+00
-1.146802053761277973e+00
-3.916773998522296019e-01
2.088999281855982437e-01
7.185922339310788498e-01
1.216704442930585106e+00
1.794126802712262991e+00
2.451730445287113369e+00
3.133584851650045966e+00
3.699858540943805174e+00
4.004902425336701377e+00
3.928397872041075267e+00
3.441533687669902086e+00
2.648126412053131151e+00
1.726955157208227343e+00
8.922068461873201572e-01
2.516557548108565023e-01
-1.712903102582085946e-01
-4.574682792424632494e-01
-6.882895198498268918e-01
-9.361850310110197970e-01
-1.211787347223184153e+00
-1.487916203406140836e+00
-1.700557084950315989e+00
-1.753144535939666016e+00
-1.548245666299567391e+00
-9.761622690221474219e-01
-2.821679873490847909e-02
1.193942959754235922e+00
2.428234331417320035e+00
3.404243079065823796e+00
3.929062478513015932e+00
3.960101087894413840e+00
3.559979897772199031e+00
2.844839633263351431e+00
1.959357542102221794e+00
1.023662627092472910e+00
1.515546447185731616e-01
-6.193970950599194669e-01
-1.275255425646887097e+00
-1.871418056614943204e+00
-2.452421460118032748e+00
-3.050815660500278526e+00
-3.623249887920118262e+00
-4.059871126497045069e+00
-4.204803947465822311e+00
-3.918065079967463671e+00
-3.174506563692207628e+00
-2.091153231138863866e+00
-9.419213243926558565e-01
1.420536642226914552e-02
6.119023879775337127e-01
8.758370678890162742e-01
9.306848553869442320e-01
9.363688627466187908e-01
1.008871190326956713e+00
1.187520259492342412e+00
1.432675368702456264e+00
1.613440729969722431e+00
1.560819050467973534e+00
1.096590725870165484e+00
1.738950331747834144e-01
-1.087441239719695529e+00
-2.372210044122304406e+00
-3.352794492904115575e+00
-3.828358830386603628e+00
-3.796483071054061575e+00
-3.393447456585885647e+00
-2.776409236116962109e+00
-2.079615667161061499e+00
-1.362550234277432493e+00
-6.583973486424857802e-01
4.666576555741706184e-02
7.512505934035805799e-01
1.466463834964485180e+00
2.166337881993531500e+00
2.814608701960515713e+00
3.355333848657599649e+00
3.721466493042111523e+00
3.849379006671312720e+00
3.675319141383411647e+00
3.184876071829764843e+00
2.416490496805309807e+00
1.502293557265667046e+00
5.990332064186022487e-01
-1.396902445064277798e-01
-6.462493603079683124e-01
-9.227422199018475713e-01
-1.034395231654286818e+00
-1.070545498506814353e+00
-1.104843934524376792e+00
-1.186937303563598389e+00
-1.299868983578413628e+00
-1.375444572076505834e+00
-1.267108653570267585e+00
-8.283894893866016185e-01
2.669546584533215652e-02
1.196383832360752297e+00
2.411260596525633737e+00
3.342884558396101546e+00
3.773012759785939529e+00
3.676666420495338983e+00
3.167826691770927017e+00
2.438714704438739389e+00
1.655151824522840487e+00
9.363392249741682161e-01
3.115582830875613385e-01
-2.441201358438926661e-01
-7.982272631112935501e-01
-1.400774247355467184e+00
-2.064204205878838572e+00
-2.742296056222456091e+00
-3.335564148871296375e+00
-3.731036722563505936e+00
-3.823347768393059010e+00
-3.573503439153779215e+00
-3.008450158322869328e+00
-2.241855891959916747e+00
-1.419085549578787075e+00
-6.797068614463640523e-01
-9.500526656428039118e-02
3.300269231171175099e-01
6.351532807693054394e-01
8.712062324995341056e-01
1.069870483961619101e+00
1.254625078427591633e+00
1.417749639519715776e+00
1.536407574796889941e+00
1.539327176972029587e+00
1.326714263579030328e+00
7.851665223335805299e-01
-1.267645653824936436e-01
-1.311398327931595720e+00
-2.519236892176105691e+00
-3.450006528928386107e+00
-3.902215325317181183e+00
-3.824621396243323979e+00
-3.312772696053142063e+00
-2.519591765745634593e+00
-1.619572540143443762e+00
-7.519583935511048312e-01
5.362830549279686693e-04
6.288063910147673186e-01
1.185364113728208046e+00
1.742115771909094057e+00
2.350089677315315484e+00
2.995552463963532475e+00
3.598987100015790030e+00
4.015351432405439347e+00
4.097954040552324706e+00
3.746061749729812096e+00
2.987350405925782493e+00
1.982344871624208027e+00
9.717320043148711672e-01
1.642747722938169286e-01
-3.543267147424750130e-01
-6.248505095421386102e-01
-7.667102272643648853e-01
-8.930926275636839051e-01
-1.076907374725639910e+00
-1.317365475278265752e+00
-1.562046749989288053e+00
-1.700083540772473922e+00
-1.593399962782049872e+00
-1.112409176973136793e+00
-2.105683452049125770e-01
9.990940086969590794e-01
2.256431956940987416e+00
3.257185641150762034e+00
3.808617155530130916e+00
3.871407047054629125e+00
3.531837416115936712e+00
2.914804133409534703e+00
2.146074433207830534e+00
1.323310937083292060e+00
5.126929040097081280e-01
-2.469118206800933746e-01
-9.503855601931388009e-01
-1.606678055595450738e+00
-2.237918564310888758e+00
-2.843718211696163678e+00
-3.396227041570890393e+00
-3.818955204202342912e+00
-4.007757110403772138e+00
-3.854528865061368936e+00
-3.308124533190351713e+00
-2.426756427149926232e+00
-1.382826474144251971e+00
-4.085815029604881188e-01
3.223945799491029773e-01
7.485214176768407723e-01
9.297569387797772755e-01
9.775447193370413457e-01
1.009869927533089573e+00
1.100192435259468526e+00
1.264295818970702090e+00
1.443123265639205011e+00
1.509607632604690775e+00
1.299692507439639044e+00
6.766942871626019373e-01
-3.592334189849079595e-01
-1.625216061822530200e+00
-2.795002526079610750e+00
-3.574702240358756278e+00
-3.828187930122223470e+00
-3.604607321369035944e+00
-3.054715232185342355e+00
-2.344747614143350312e+00
-1.603241345300227882e+00
-8.962360882181367172e-01
-2.405493973216529524e-01
3.922115945457385067e-01
1.031315335167791725e+00
1.698470252232456179e+00
2.372611616668119261e+00
3.003947852996241785e+00
3.509949375957683859e+00
3.801924035275281444e+00
3.801512044961434800e+00
3.471500946277580990e+00
2.842319243015357433e+00
2.014222851525341973e+00
1.140748025193183635e+00
3.616333532128955253e-01
-2.299663818541706484e-01
-6.236905044746305915e-01
-8.573208904420092091e-01
-9.976623111453891690e-01
-1.104978147041371983e+00
-1.219514387510872266e+00
-1.348772197858560729e+00
-1.452531228339017932e+00
-1.438240376659018604e+00
-1.166997425583010894e+00
-5.238741310748381563e-01
5.020096883424520762e-01
1.735613280284423743e+00
2.877663523626309505e+00
3.636416567169860503e+00
3.868010713097126185e+00
3.599766976592654988e+00
2.972393656726372679e+00
2.166751712788685058e+00
1.336249435480284298e+00
5.828660430936390968e-01
-6.791765880590565352e-02
-6.435756377461179234e-01
-1.209778040683103129e+00
-1.815389744722000875e+00
-2.471205920478217521e+00
-3.120893153670051934e+00
-3.658446639964852309e+00
-3.953227930586929784e+00
-3.896219042758224838e+00
-3.452199192840428754e+00
-2.686176637184453764e+00
-1.763743479364631828e+00
-8.771724450237236015e-01
-1.756949353076427134e-01
3.008584259856744714e-01
5.940573398647803760e-01
7.900072415756094202e-01
9.629744777465033545e-01
1.153160353648458258e+00
1.361181745922560360e+00
1.543857172022161883e+00
1.622180228814656511e+00
1.480103205229334584e+00
1.005316410681667438e+00
1.423672197034969167e-01
-1.019532472584973926e+00
-2.248352617996948410e+00
-3.250318485685090852e+00
-3.812469858910965570e+00
-3.874244445476322074e+00
-3.500362854869127904e+00
-2.826391719280060943e+00
-1.994986087503581196e+00
-1.135050792440257972e+00
-3.315303693701763255e-01
3.780716562462641539e-01
1.009777965751494921e+00
1.604938202841411199e+00
2.207248478181539575e+00
2.824389744277501002e+00
3.411037723827392565e+00
3.866660789932666376e+00
4.056467262251929995e+00
3.866148145635324163e+00
3.260080136811886131e+00
2.334399571520386907e+00
1.292535850867827740e+00
3.677734645108286515e-01
-2.906468900578478287e-01
-6.597514698128151833e-01
-8.240367511505449771e-01
-9.051985307412169224e-01
-1.003906801730203524e+00
-1.169335222618279380e+00
-1.383200254317036082e+00
-1.568733935995405115e+00
-1.591026756552722077e+00
-1.298712924118083256e+00
-5.853277130636220793e-01
5.131135389037358996e-01
1.785790907600389943e+00
2.916208804760827888e+00
3.640517767584076303e+00
3.857705828114485147e+00
3.621901897786335756e+00
3.073197972130226052e+00
2.354161485499469464e+00
1.580485975648773023e+00
8.196576349548554408e-01
1.005012625714296337e-01
-5.795993815597439980e-01
-1.238567036972908486e+00
-1.892128739925432734e+00
-2.535385855746210559e+00
-3.131862002723381000e+00
-3.614570881225740884e+00
-3.889679810423377848e+00
-3.867426426206025614e+00
-3.489711939324235956e+00
-2.780520524364699764e+00
-1.857281651059394356e+00
-9.064926230446168631e-01
-1.030867179667822459e-01
4.570553734537607382e-01
7.764774706665683590e-01
9.281421181996046821e-01
1.005052081087491667e+00
1.087327206708966987e+00
1.213630054801603242e+00
1.372183539602516822e+00
1.487792943390902733e+00
1.430797238307106367e+00
1.050456279770421997e+00
2.565306488583284916e-01
-8.881346590171655953e-01
-2.141635481326879642e+00
-3.178987735453573826e+00
-3.757247630491352464e+00
-3.807268668701951686e+00
-3.417878534275532232e+00
-2.750471381548055039e+00
-1.969952225232280751e+00
-1.196207165225537716e+00
-4.904675219994649171e-01
1.453824162193176339e-01
7.478726370142343427e-01
1.361797774193771238e+00
2.010078207739478984e+00
2.670699762642815056e+00
3.276477743861996750e+00
3.725514820216912604e+00
3.910616364861529970e+00
3.752067617783126252e+00
3.240974995740727227e+00
2.456567094495712311e+00
1.553572543016766838e+00
7.052144320201048089e-01
3.388291861909794450e-02
-4.236828985027066841e-01
-7.069392611396942971e-01
-8.863556667196043071e-01
-1.030981714052144005e+00
-1.180975591357090071e+00
-1.345330849228095760e+00
-1.490681358613765495e+00
-1.539050697575963467e+00
-1.370102943967481224e+00
-8.605095403574034574e-01
3.804033200813052712e-02
1.223779229310413053e+00
2.438026985241631639e+00
3.381332671399181589e+00
3.849031099065634010e+00
3.802841604659889185e+00
3.335204981112505518e+00
2.602537710873160659e+00
1.762267409842491084e+00
9.380827939045970343e-01
1.986607444871632266e-01
-4.479622126311154084e-01
-1.038319182052329204e+00
-1.628130343480748587e+00
-2.250008708682160297e+00
-2.891043863594781271e+00
-3.478210728488877468e+00
-3.894564610682725192e+00
-4.010152244247255027e+00
-3.736730377755538512e+00
-3.077885502324341438e+00
-2.155864918181568779e+00
-1.176187988042831867e+00
-3.375525130215376590e-01
2.500254291230371573e-01
5.943642693227413343e-01
7.783205173186081849e-01
9.056287186145783874e-01
1.050140482821281029e+00
1.239348089298875744e+00
1.447529987352679015e+00
1.597528599006464711e+00
1.569729329383260152e+00
1.228359074860292610e+00
4.863419355479006168e-01
-6.153019645192959741e-01
-1.867625033884843910e+00
-2.970953149158958695e+00
-3.672931063473718449e+00
-3.875078252732749640e+00
-3.624584192822080553e+00
-3.048402974565108448e+00
-2.290360470694745576e+00
-1.471914604544004579e+00
-6.774944269984136680e-01
5.337541963402160639e-02
7.198932772541435376e-01
1.350052850056900899e+00
1.972664232976481857e+00
2.597951182020803884e+00
3.193766175550076802e+00
3.684586358779109005e+00
3.960671234359353754e+00
3.911787680655025135e+00
3.477849279788108650e+00
2.695298540884945915e+00
1.714575440410385010e+00
7.464306140648944154e-01
-2.683087242199151679e-02
-5.285239823132605874e-01
-7.891355729668263486e-01
-9.065856286492667282e-01
-9.849496308452198035e-01
-1.096961290568018832e+00
-1.264578209031943956e+00
-1.449694673536640943e+00
-1.554350925256229532e+00
-1.433540024236366728e+00
-9.467417288619317528e-01
-4.020075938599717430e-02
1.168581836110098138e+00
2.403717302694935221e+00
3.350925086821322285e+00
3.813182703497908665e+00
3.769364619552259654e+00
3.328560140973235715e+00
2.649761769909721121e+00
1.875845975959459677e+00
1.107530725732081001e+00
3.915747485702767983e-01
-2.699132254392923036e-01
-9.041536683704540778e-01
-1.541286381886293855e+00
-2.192531888434952503e+00
-2.832469020238836510e+00
-3.396564048703291316e+00
-3.790632071466977671e+00
-3.913948664618540185e+00
-3.694153749757263405e+00
-3.124057339085739571e+00
-2.290189146525383190e+00
-1.355575578450631591e+00
-5.000965333481718345e-01
1.538278892844618106e-01
5.753592120573481905e-01
8.122504443568304699e-01
9.456313037321164572e-01
1.052836345201905832e+00
1.181856677173905190e+00
1.339140340388490724e+00
1.481281900967163834e+00
1.509483690340794659e+00
1.288174077520306104e+00
6.929695275575240565e-01
-2.955733601702488778e-01
-1.526417917958588388e+00
-2.706244561299486318e+00
-3.539525067717399942e+00
-3.864734115133753534e+00
-3.690415171335257760e+00
-3.142524654753898528e+00
-2.385424885343804924e+00
-1.569173365319179503e+00
-7.936842535578458868e-01
-1.013736173635255700e-01
5.210415044691346642e-01
1.116998999119889424e+00
1.731117705273299334e+00
2.376278257660282112e+00
3.016317956908015852e+00
3.565054765540506487e+00
3.906257325912576128e+00
3.929351429514962746e+00
3.574089363743470749e+00
2.873849624684248205e+00
1.962199770614143635e+00
1.032298444006765292e+00
2.539853557546202234e-01
-2.911314482014997207e-01
-6.204436693127358682e-01
-8.113752348037376327e-01
-9.503490076505103357e-01
-1.098175287973281344e+00
-1.274834073550663138e+00
-1.456961754977791568e+00
-1.572028991866280645e+00
-1.505442325307456697e+00
-1.126067074345488139e+00
-3.530442586877765576e-01
7.630306638276914688e-01
2.006771367169576603e+00
3.076528675482570030e+00
3.728331725803969210e+00
3.870803358605904521e+00
3.560321812731865432e+00
2.931685824917426686e+00
2.137848697864029202e+00
1.307058068277162199e+00
5.249341631403925401e-01
-1.757805138916261611e-01
-8.083136543594434675e-01
-1.413184554810086979e+00
-2.028172173806371603e+00
-2.658920774368395357e+00
-3.262588744338458024e+00
-3.746496421368811447e+00
-3.989796228247763477e+00
-3.883149592518290394e+00
-3.382525803414755394e+00
-2.552306847082517649e+00
-1.565053453740657963e+00
-6.333731706995372468e-01
8.146857264198376081e-02
5.296491654562255347e-01
7.643586096377128491e-01
8.866551096382703223e-01
9.923004816508828041e-01
1.138433072545984359e+00
1.329263104625637126e+00
1.512807686200847712e+00
1.583825990813241935e+00
1.400948936783855903e+00
8.391518756674031243e-01
-1.276727082963840521e-01
-1.356363177421888500e+00
-2.561697717017393128e+00
-3.447035621116702142e+00
-3.843088142468378265e+00
-3.748327311118674565e+00
-3.274964439617507939e+00
-2.574906886532609018e+00
-1.782896932638610377e+00
-9.959828079795063349e-01
-2.629211986374599408e-01
4.103368867195139047e-01
1.047358105246069204e+00
1.678366072817834453e+00
2.316762632968178526e+00
2.940597044540349536e+00
3.485475360181309767e+00
3.854798896423971666e+00
3.940587671430494154e+00
3.667346340230354329e+00
3.033537576548463122e+00
2.142141324065627295e+00
1.175791449668981636e+00
3.247917239658170696e-01
-2.924206682752247821e-01
-6.627524196600302897e-01
-8.520341354349307839e-01
-9.562060143638709819e-01
-1.056475627236739712e+00
-1.196553711793402197e+00
-1.369714713619260449e+00
-1.512960447601113145e+00
-1.509040776905707260e+00
-1.212462893050191726e+00
-5.155813876459319767e-01
5.601818817958614805e-01
1.815166014090135560e+00
2.938093153629817156e+00
3.657028080320383179e+00
3.857687095602977845e+00
3.588931438893377290e+00
2.993190688899099339e+00
2.230816065455323294e+00
1.433192331555369625e+00
6.811934697440877873e-01
3.275046439096741162e-04
-6.276360686964645996e-01
-1.242749407036239484e+00
-1.875714411293937456e+00
-2.525362021477770558e+00
-3.144617861438129491e+00
-3.645661276056801459e+00
-3.918263564611783600e+00
-3.865277267216351120e+00
-3.443320916050800040e+00
-2.700369766647392034e+00
-1.778587190244546923e+00
-8.662391073319180013e-01
-1.204204336050683638e-01
3.919017112326172447e-01
6.950640840981656687e-01
8.669043360891803829e-01
9.905728597563485671e-01
1.124681433128996044e+00
1.288850142261917853e+00
1.455870977306823022e+00
1.548586489870550587e+00
1.444758545555791196e+00
1.011124946323715745e+00
1.770569646924398943e-01
-9.800260328169659862e-01
-2.218980354938088873e+00
-3.230708427757886358e+00
-3.789610218826600541e+00
-3.833207572787757034e+00
-3.441670377058321684e+00
-2.764091150620589410e+00
-1.956921437764092442e+00
-1.142645162707964346e+00
-3.933460691963013289e-01
2.740167761681621128e-01
8.870604397948023134e-01
1.490591452315468635e+00
2.116735988412055125e+00
2.757064426066901497e+00
3.353137196168012757e+00
3.801449924821713289e+00
3.981909149937043590e+00
3.799553979825042838e+00
3.235422107998123575e+00
2.378635416873649877e+00
1.408944338757264436e+00
5.275955978313877637e-01
-1.314969717836349805e-01
-5.419039177573273802e-01
-7.655473993633955532e-01
-8.978930003852364505e-01
-1.022345067096193549e+00
-1.181959163367263699e+00
-1.371920986168663648e+00
-1.536022616614538316e+00
-1.568912309676190775e+00
-1.333757471705455444e+00
-7.167509759358033916e-01
2.891843089965328017e-01
1.524620556952869688e+00
2.699948123889350349e+00
3.530621985714086808e+00
3.865349041579515532e+00
3.715795426070507279e+00
3.199240420436186394e+00
2.466175334713534895e+00
1.653913228047823925e+00
8.591436528248415083e-01
1.302221127851769245e-01
-5.308338252287214676e-01
-1.153199458515004494e+00
-1.772839101203576240e+00
-2.405265653001741111e+00
-3.025294256934087489e+00
-3.561277704343684292e+00
-3.906585321895156060e+00
-3.947993488167322873e+00
-3.613195836147271134e+00
-2.917626270017191104e+00
-1.985657467012725830e+00
-1.016671360712475103e+00
-1.978314110984678298e-01
3.695180639423402691e-01
6.942588759787849950e-01
8.570621233465984812e-01
9.581620266765253913e-01
1.073541764105411911e+00
1.234800250485681428e+00
1.420278030236987732e+00
1.551643151658880448e+00
1.502302971118491648e+00
1.128697135710391208e+00
3.453868849878785618e-01
-7.891563084932375904e-01
-2.044379291351976935e+00
-3.106218236439411751e+00
-3.731480038996509485e+00
-3.842700532851632822e+00
-3.510934410854077647e+00
-2.883110505363147169e+00
-2.111220581112875472e+00
-1.315248241639886739e+00
-5.652352949010138738e-01
1.183542274707846675e-01
7.541573554438589788e-01
1.377536415722982577e+00
2.013460147304574566e+00
2.655602115236487926e+00
3.253549542777177450e+00
3.717817492848531913e+00
3.939701714602353189e+00
3.825825262715219832e+00
3.342189049287378033e+00
2.549798054272479408e+00
1.603460757397791481e+00
6.961754998281781681e-01
-2.093543015209552507e-02
-4.935410642978871887e-01
-7.590266794407947160e-01
-9.026668449484513967e-01
-1.010789479409837543e+00
-1.140626684751024245e+00
-1.306146778594158286e+00
-1.470657584667701911e+00
-1.543816932100027461e+00
-1.391544680221073804e+00
-8.826129973182591515e-01
3.087097846187654426e-02
1.233385221071199966e+00
2.454045734232891185e+00
3.386120208105841467e+00
3.834506591360577588e+00
3.774599703831283293e+00
3.311249917467079307e+00
2.601723826976568343e+00
1.795749681890669525e+00
1.003260756711284341e+00
2.799241825562797104e-01
-3.711839993461418241e-01
-9.832536807664926659e-01
-1.598153582379381765e+00
-2.236123713656748890e+00
-2.875968216167138714e+00
-3.447726049488550437e+00
-3.845760090219071614e+00
-3.955817867973875135e+00
-3.699788503615540680e+00
-3.079200741010997167e+00
-2.200213223210195856e+00
-1.246463889159007632e+00
-4.053069361871551868e-01
2.098188494853882591e-01
5.889234330663486450e-01
7.979629242989914051e-01
9.285216537977535323e-01
1.054980534016781935e+00
1.213863226797649242e+00
1.395446130778619009e+00
1.539421303518289319e+00
1.536700751825716749e+00
1.250942037049986189e+00
5.767216902083033281e-01
-4.735385265472250027e-01
-1.717655030083202305e+00
-2.857121473307983273e+00
-3.618693539910824430e+00
-3.873603342309829944e+00
-3.652109235490889727e+00
-3.082875753907421856e+00
-2.320886436382009421e+00
-1.501966755554545507e+00
-7.179951739114598386e-01
-9.192213624456940443e-03
6.321926885928684792e-01
1.243250675494683044e+00
1.861297555411156601e+00
2.497407597608905405e+00
3.116201839512690253e+00
3.634950944533286599e+00
3.940380154485530362e+00
3.921409456659367798e+00
3.519154024839175943e+00
2.771222119177271015e+00
1.821680039496452741e+00
8.736406021964595592e-01
1.017085134308173822e-01
-4.167475950315913114e-01
-7.085167062367228041e-01
-8.614010379668832762e-01
-9.710377293910974483e-01
-1.103238877564704401e+00
-1.277654104204875241e+00
-1.461863891138784455e+00
-1.569770853244855546e+00
-1.470760833256152589e+00
-1.029206187919557980e+00
-1.793832367570304953e-01
9.916922996167812920e-01
2.233914542373918621e+00
3.238116117982187347e+00
3.785423334520622962e+00
3.823795885639970749e+00
3.438904580278529632e+00
2.778680734801526775e+00
1.990722977470556598e+00
1.189143470781829803e+00
4.398776997833731550e-01
-2.408569019340844053e-01
-8.733606707252719037e-01
-1.494015000333994703e+00
-2.127244693148109711e+00
-2.762627152009909715e+00
-3.345742993120583542e+00
-3.782063476143804781e+00
-3.959671250836025003e+00
-3.787081245084010117e+00
-3.240926505987814732e+00
-2.399342714895402739e+00
-1.433366316002919305e+00
-5.407934576790109915e-01
1.377152913212445762e-01
5.651968240409108724e-01
7.945411412357055170e-01
9.185370312816890648e-01
1.024359295504331691e+00
1.163024158285747456e+00
1.338485896077375115e+00
1.500629340167815462e+00
1.546153602032870111e+00
1.334916220612776261e+00
7.438563531368459492e-01
-2.451669589803221194e-01
-1.479212348132954435e+00
-2.666120304695382970e+00
-3.512540711768469492e+00
-3.857844866849236887e+00
-3.710531062282302450e+00
-3.192169589963901544e+00
-2.460740880478148984e+00
-1.657037704368840680e+00
-8.778571743193636090e-01
-1.668132759695858114e-01
4.802866777632370243e-01
1.097372254630986088e+00
1.720981459898669241e+00
2.363090021109895744e+00
2.993143717548465865e+00
3.535715133173862768e+00
3.883968996034064425e+00
3.929636859197543242e+00
3.606053867093044651e+00
2.931902434352941622e+00
2.027062465001322256e+00
1.080105032153059197e+00
2.701793155875071850e-01
-3.053812806440442396e-01
-6.503243786953729622e-01
-8.371259639457273583e-01
-9.570198053604583865e-01
-1.080320879068039197e+00
-1.238675452071468008e+00
-1.415401691167756715e+00
-1.542829163692699623e+00
-1.503395392383300333e+00
-1.158664620609836104e+00
-4.156442517815199800e-01
6.870022749740900547e-01
1.937415653334429555e+00
3.027770007593204138e+00
3.702117218957965861e+00
3.861995595401912951e+00
3.562528420497835135e+00
2.944237831215974932e+00
2.163787188507232173e+00
1.350669312284885626e+00
5.863779514993175956e-01
-1.013720304178026138e-01
-7.298978466326750958e-01
-1.339550978861042685e+00
-1.964095339670177243e+00
-2.605036985387177317e+00
-3.215513473829864299e+00
-3.704456524990186406e+00
-3.956347423514193995e+00
-3.868596788739052439e+00
-3.399996254024745035e+00
-2.608969571388926934e+00
-1.653798975664988014e+00
-7.350378379116140337e-01
-9.608056022308228417e-03
4.660911642794078880e-01
7.323171230452308889e-01
8.786234764243279205e-01
9.941011223561619925e-01
1.135284386938371970e+00
1.313542559378384489e+00
1.488234169728952949e+00
1.567822672992726041e+00
1.419846502818982614e+00
9.151798845007165228e-01
7.126920896754694937e-03
-1.191532446432365999e+00
-2.414195326179973122e+00
-3.358033124645078082e+00
-3.826675211210150973e+00
-3.791285235730476710e+00
-3.350607054253142536e+00
-2.655881518604779501e+00
-1.853032435327735206e+00
-1.051733074933444811e+00
-3.117980801366379007e-01
3.568324185643115820e-01
9.801424506374233347e-01
1.596694253419630893e+00
2.229375321751508210e+00
2.862118582676727030e+00
3.432237106752817457e+00
3.838313072540587623e+00
3.965815490267611487e+00
3.729583735338256822e+00
3.121502778466285655e+00
2.240255504886471183e+00
1.270007439539675431e+00
4.064342408235743220e-01
-2.261236121429610335e-01
-6.106841058774163944e-01
-8.132818260878114103e-01
-9.302001614281295572e-01
-1.043187229146529837e+00
-1.194789026801093001e+00
-1.377654610187108331e+00
-1.530608081463409542e+00
-1.540738864615838200e+00
-1.266180989556627834e+00
-5.983650046985549142e-01
4.519788488071216914e-01
1.701108404866432222e+00
2.845771239741528902e+00
3.610011279706631271e+00
3.865138111643530383e+00
3.645537186050408440e+00
3.082050721898067724e+00
2.331005301884894187e+00
1.525179047849467784e+00
7.521846844588417902e-01
4.813097642534072684e-02
-5.961844037454440137e-01
-1.214730528992470582e+00
-1.841395307700858019e+00
-2.482322234724872345e+00
-3.100746471750742916e+00
-3.616057444594574566e+00
-3.919279434923373273e+00
-3.905306630784739497e+00
-3.517419667427081453e+00
-2.789638692242200513e+00
-1.857972417113673558e+00
-9.175268315709348421e-01
-1.399143162541300334e-01
3.937551398264085289e-01
7.017771879016387881e-01
8.651390986737773625e-01
9.759329896296113915e-01
1.100733378134175933e+00
1.264052788408164485e+00
1.440269546744868068e+00
1.550413630012763333e+00
1.468081474381782270e+00
1.055242253711748734e+00
2.365198500003267146e-01
-9.160086789151922204e-01
-2.162327375963128961e+00
-3.190720908214463414e+00
-3.769847737719047132e+00
-3.834279680807720414e+00
-3.463270589891336737e+00
-2.805549321843294752e+00
-2.014781129420539330e+00
-1.211064288962664381e+00
-4.638347626957903258e-01
2.097958938322214695e-01
8.334805902345754358e-01
1.447572549170942136e+00
2.079173893751494973e+00
2.720352058020312214e+00
3.315059907278474327e+00
3.766546479256402513e+00
3.960281768038612427e+00
3.803866876905116268e+00
3.272432167265682423e+00
2.443158561584314548e+00
1.484932282169091788e+00
5.941356891428650755e-01
-8.861275276219522656e-02
-5.255023591243984660e-01
-7.667491893472386799e-01
-9.034257348778214070e-01
-1.019504015159737653e+00
-1.164584972538984076e+00
-1.342595084422100404e+00
-1.506175288749864727e+00
-1.556195166387506879e+00
-1.357261687843298592e+00
-7.869869475445812057e-01
1.802482910428922780e-01
1.403269663416357504e+00
2.599618489495110207e+00
3.473762673373738341e+00
3.854855352356570286e+00
3.739932149085816171e+00
3.242220570964384763e+00
2.516420932022778167e+00
1.706048910656005058e+00
9.134590302255549688e-01
1.893802055599059231e-01
-4.646775289652279595e-01
-1.080720555053926946e+00
-1.697841820911083710e+00
-2.333709909660504955e+00
-2.963731778339557366e+00
-3.516115048469654170e+00
-3.883467219532763526e+00
-3.952564668030315254e+00
-3.648991898618915375e+00
-2.983557033237309586e+00
-2.073912751004515886e+00
-1.112455211548603939e+00
-2.863099246776321105e-01
2.996098278991594643e-01
6.469109853049257453e-01
8.304848778096550754e-01
9.460459757639482214e-01
1.067809913620594520e+00
1.229235964452200625e+00
1.413216671306047223e+00
1.549530815959827112e+00
1.518991840559503759e+00
1.182097030354732681e+00
4.444530072288697120e-01
-6.557962988518556413e-01
-1.908504035074496841e+00
-3.005080959784854677e+00
-3.689347448930641260e+00
-3.861238414318828749e+00
-3.574859262284808548e+00
-2.969537132032737503e+00
-2.199026697938553987e+00
-1.390243366973251682e+00
-6.241915593174571786e-01
7.085208967091510823e-02
7.083526997020993532e-01
1.324967060675761088e+00
1.952476949389869709e+00
2.591447680369090012e+00
3.199188277864837282e+00
3.688481630379924159e+00
3.946727392869327389e+00
