0.000000000000000000e+00
-2.167541931899705232e-01
-4.370339048551632466e-01
-6.766056385654163341e-01
-8.287155068860421192e-01
-1.042006258521134043e+00
-1.195067047027904117e+00
-1.496261772304101845e+00
-1.711810290284610625e+00
-1.970430007340408407e+00
-2.118485748066112340e+00
-2.252981225362633122e+00
-2.238275662323360393e+00
-2.099494846327105702e+00
-1.830326756453791504e+00
-1.499798450443977638e+00
-1.226865017622694509e+00
-8.941578929395892494e-01
-6.635744813819650645e-01
-3.718487419968936059e-01
-1.703982270030131307e-01
1.695061025969421820e-01
5.782780871074943985e-01
1.176232422163694835e+00
1.784878613389939694e+00
2.344615127819043465e+00
2.553203250617256614e+00
2.034295938066122744e+00
6.190107455536211223e-01
-1.591274826419706523e+00
-3.657209519484927451e+00
-5.013812921299124703e+00
-5.245927372178124770e+00
-4.643953875133837172e+00
-3.468710158754103823e+00
-2.067131244478506602e+00
-7.270856935848568625e-01
4.389464941176735024e-01
1.338619957319175935e+00
2.170311055734003958e+00
2.878009877785588699e+00
3.721287248913267121e+00
4.529886248353075295e+00
5.379924381883482098e+00
5.853797677912179864e+00
5.669598078222293225e+00
4.555049467575093658e+00
2.699291976785307412e+00
7.234484502329152633e-01
-8.374341786414771782e-01
-1.546657001492299566e+00
-1.610244812276889093e+00
-1.161018540201512961e+00
-7.532066746237728871e-01
-4.904230742994167835e-01
-6.192915659869260292e-01
-9.724068387219788612e-01
-1.420850372427603814e+00
-1.676933590226305837e+00
-1.391280205570941897e+00
-3.992843374813488944e-01
1.269846304054247366e+00
2.980807782330205935e+00
4.292814101579871533e+00
4.730385886346723190e+00
4.539371429151390913e+00
3.832811041724534462e+00
3.001978492219665284e+00
2.205185517090713976e+00
1.528428325310788871e+00
9.658453677345985033e-01
3.144113747290844252e-01
-4.120666480535250531e-01
-1.332379538403866137e+00
-2.244232492316041494e+00
-3.209433922985096999e+00
-3.910838674208199528e+00
-4.339578046453556048e+00
-4.198007914074402436e+00
-3.569073443053239814e+00
-2.531948674494040485e+00
-1.324078250498259113e+00
-2.617482672003774158e-01
5.455744947735768902e-01
9.034162252091132439e-01
1.017475140202023232e+00
8.760216685825696903e-01
7.399775984935446083e-01
5.116003281764033295e-01
3.753897916343072461e-01
2.810228749787516134e-01
3.435969718733832834e-01
5.135179498745832127e-01
6.898114489776606684e-01
7.884885849054448226e-01
6.094161420792530981e-01
1.473651156477831237e-01
-7.042239668859099355e-01
-1.621774889572751510e+00
-2.459906638962150005e+00
-2.831763370756060105e+00
-2.812243822406010452e+00
-2.404945001482873934e+00
-1.806682984921541557e+00
-1.169337952341699793e+00
-5.821868051232003127e-01
-1.707450124868384322e-01
1.806118704826384647e-01
4.634742294216608882e-01
8.658507221500966189e-01
1.269621815914004470e+00
1.798793729738180858e+00
2.259867714070610045e+00
2.716349062381993917e+00
2.985398124290215005e+00
3.094070213852764262e+00
3.029574066140834354e+00
2.872225669140603177e+00
2.689746094880626437e+00
2.461632557939588128e+00
2.242151508923049263e+00
1.931312792732777561e+00
1.622011665872398423e+00
1.152105302073951121e+00
6.499305789715210668e-01
2.189450116387935824e-02
-6.035625203647794201e-01
-1.294458424868806912e+00
-1.959929063261216520e+00
-2.479968863043428229e+00
-2.503188698972850013e+00
-1.604147664891580449e+00
2.981617303984693823e-01
2.810250879793841250e+00
4.902495239793753790e+00
5.965981150844267944e+00
5.755185201061109979e+00
4.628814176174269157e+00
2.966741553763885264e+00
1.129511964182580597e+00
-5.734485749620950035e-01
-2.022831218776823370e+00
-3.092534666450482472e+00
-3.938960088468896004e+00
-4.652399809170952416e+00
-5.470476680088887989e+00
-6.262286003740555884e+00
-6.820127025272291199e+00
-6.599929359353724045e+00
-5.289230122645651733e+00
-3.031044465557785728e+00
-5.105477532509955507e-01
1.353150048731614596e+00
2.196942280688461757e+00
2.062221428312265736e+00
1.465037901857716207e+00
8.004007035659186364e-01
4.698719140331071853e-01
5.522667689831468607e-01
1.027928442594195246e+00
1.547503943239940893e+00
1.604197693973058891e+00
7.293271546838125952e-01
-1.193486385574670683e+00
-3.526089243779515492e+00
-5.426858979264574501e+00
-6.184764227737209019e+00
-5.808465473680326951e+00
-4.638058335403775878e+00
-3.249149139389682972e+00
-2.045631306600779187e+00
-1.240378379231341865e+00
-7.678838077976491983e-01
-3.577382870507176960e-01
2.240461907844679967e-01
1.210589885122587139e+00
2.512806026269431836e+00
3.954230095537059064e+00
5.044839653600684315e+00
5.350158601644697143e+00
4.542887804446707811e+00
2.813605191504665815e+00
7.903165528197039214e-01
-7.638851034450375721e-01
-1.420408156994586335e+00
-1.332019627256092242e+00
-8.465326097491195911e-01
-4.199875756124398229e-01
-1.846727903949869909e-01
-1.840002542090556081e-01
-2.497431886994398997e-01
-2.641496981474830696e-01
-1.429582716492023009e-01
9.665151659634840797e-02
3.681599465618157208e-01
5.659422444965546140e-01
5.681606400056374850e-01
4.230933331093719718e-01
2.013751981255665902e-01
1.438248088823608217e-01
3.046579646453422829e-01
6.985401437524294543e-01
1.134547924956412768e+00
1.431386596028784597e+00
1.425549394093404976e+00
1.083515979525170758e+00
5.201994015317152886e-01
-8.601787855216194711e-02
-5.089648168430066510e-01
-7.067404188594430536e-01
-6.518242486465843921e-01
-5.123272179588356234e-01
-3.723158872963920341e-01
-3.825842716452141357e-01
-5.379309030877958975e-01
-7.953639050691950763e-01
-9.847626792900087134e-01
-9.788040494223612109e-01
-7.047073779421112460e-01
-1.849450946603431178e-01
4.345941197437930836e-01
1.041461497614194709e+00
1.438700710965234331e+00
1.589211298092750635e+00
1.454948633966966831e+00
1.185777395569884707e+00
8.667070105475163100e-01
6.075562535398087993e-01
3.632971854049672489e-01
1.041135669961916477e-01
-2.046571391423022412e-01
-5.561201817565581962e-01
-8.296182736162800442e-01
-9.606041540962881875e-01
-8.190482151386495602e-01
-4.743045200174298426e-01
1.119402470973130705e-02
4.366338496270115721e-01
7.056026284133654070e-01
7.019931574323259316e-01
4.580761906922957705e-01
3.246503861791238954e-02
-4.286682514781466335e-01
-7.696158496577998331e-01
-9.299306275388096177e-01
-8.782474131020940877e-01
-7.267991338852943795e-01
-5.202561156085618865e-01
-3.665396272049781246e-01
-2.205506535719012062e-01
-7.912165444328594921e-02
1.670253666402385651e-01
4.889009454561548118e-01
8.211326372415356234e-01
1.030373861171195227e+00
9.986651236109285179e-01
7.397650312901797864e-01
2.846676933614150640e-01
-1.978129016818642172e-01
-6.085527075988952372e-01
-7.875306954916524438e-01
-7.490240658827311826e-01
-4.948754758175915036e-01
-1.861023961999618836e-01
1.073079077985173851e-01
2.927394976464179344e-01
3.789228867092706565e-01
4.176668361812615471e-01
4.790836274438655673e-01
6.427208049538851720e-01
8.684660289937068400e-01
1.083661849282292255e+00
1.094797018248478970e+00
8.570956070827080442e-01
3.451264767276090994e-01
-2.377737735963502408e-01
-7.268806815580729497e-01
-9.278366102206485611e-01
-8.029672074109375224e-01
-4.385065129905631465e-01
6.289735585100242853e-03
3.433285146155976575e-01
5.018437156106860808e-01
4.364777305231367088e-01
2.476426487270547150e-01
-2.083873465882999168e-02
-2.272395204647523759e-01
-3.738463136157464950e-01
-4.364289762547629015e-01
-5.148580040011453418e-01
-6.473585087413630257e-01
-8.511519871078124799e-01
-1.032003710027306731e+00
-1.044983987813056014e+00
-7.736658632340029929e-01
-1.660400309533324181e-01
6.047920322047650732e-01
1.329025998877352732e+00
1.712269394353735708e+00
1.690723631782560687e+00
1.292754014754771585e+00
7.169441284625445165e-01
1.406964206150278507e-01
-2.798580070495321204e-01
-4.863832894304021548e-01
-5.181241450784173086e-01
-4.626086285891642946e-01
-4.598362496621123952e-01
-5.392705432847959557e-01
-7.281023444652733323e-01
-9.080186763393662819e-01
-1.015675207025677151e+00
-9.305001344212321390e-01
-6.530895641643078564e-01
-2.005274860535909975e-01
2.919638539487297568e-01
7.161374522865866510e-01
9.767324502400320796e-01
1.060143233709411437e+00
1.033553864896020524e+00
9.618687840181475712e-01
9.471660671576558332e-01
9.758660575396468362e-01
1.027118256213828795e+00
9.784220465261039834e-01
8.002037295317467880e-01
4.851934672861265563e-01
1.571670541036348789e-01
-8.390258078250183160e-02
-1.512816762729922437e-01
-4.010368202922128672e-02
1.643060218640887693e-01
3.536743626492592774e-01
3.716561682551127177e-01
1.568694519265412535e-01
-3.173444939775602602e-01
-9.322677980387760188e-01
-1.548916695603445026e+00
-1.915507012486977079e+00
-1.837895475304116566e+00
-1.173320051197233038e+00
-2.149866190587665718e-02
1.296828694352623268e+00
2.392443582075898689e+00
2.986147415826917229e+00
3.072993921494674652e+00
2.765622936731855219e+00
2.260518899500940648e+00
1.658623883856013004e+00
1.034957020945252326e+00
3.759122420121076558e-01
-3.045946553000363211e-01
-9.983218663228110579e-01
-1.669056315264517476e+00
-2.273607104168737347e+00
-2.800556717686583763e+00
-3.220468505318973662e+00
-3.545737290120875684e+00
-3.752204372241907393e+00
-3.841414912663332348e+00
-3.752415569154644803e+00
-3.458211860263613602e+00
-2.922173097705797140e+00
-2.213377044919402348e+00
-1.444847464270622162e+00
-7.481575902547641377e-01
-2.177217646179551713e-01
1.476157106391623453e-01
3.945193420315238342e-01
6.501656227773079388e-01
1.013163707303884165e+00
1.548173425616757193e+00
2.128221481890334221e+00
2.433066154240139056e+00
1.922049315146526327e+00
2.169823082176241535e-01
-2.424712424087116958e+00
-5.024672874869636985e+00
-6.548957623342989365e+00
-6.654356489947106823e+00
-5.593790546513672801e+00
-3.888783785925401748e+00
-1.996760572164947289e+00
-2.716169400075497120e-01
1.110697949653740801e+00
2.145765482934149926e+00
2.987760766892587849e+00
3.856182123893590052e+00
4.877742081629111048e+00
5.992387705204002657e+00
6.818609542072259444e+00
6.800854538457406839e+00
5.473582905781146479e+00
3.010313764620847987e+00
2.904197459287593541e-01
-1.656649382484510991e+00
-2.362658268765196912e+00
-2.045987245027062418e+00
-1.228057411159676482e+00
-4.382713286952585330e-01
-6.431938688964045428e-03
-7.557888033977569475e-02
-5.314785303964087992e-01
-1.096303348469643835e+00
-1.345393152165111239e+00
-9.201902762913541922e-01
2.880856326389944488e-01
1.982866549361858244e+00
3.553459879824286016e+00
4.452343058007567578e+00
4.481700295499922326e+00
3.871308439942107604e+00
3.009523453489931111e+00
2.261070898960230391e+00
1.762499952333029585e+00
1.473875078921311310e+00
1.203524877712065733e+00
7.485175783369066860e-01
-5.932984226068732832e-03
-1.034584953509760430e+00
-2.157995046552122709e+00
-3.142992259233832630e+00
-3.761342413096008475e+00
-3.911477349114143909e+00
-3.596246697711224627e+00
-2.975356917197222284e+00
-2.231165109474206876e+00
-1.534560670369208735e+00
-9.366334403231558747e-01
-4.101537783529080050e-01
7.037937217454481864e-02
4.973134884314703297e-01
7.959733002694685533e-01
9.142692323973721225e-01
8.212446904686305782e-01
5.885146827963959604e-01
3.236032293330855514e-01
1.934640610206581901e-01
2.939037988993602468e-01
6.293931486732268210e-01
1.027458255916839480e+00
1.181884137914654298e+00
7.811823626549790900e-01
-2.882823157993960050e-01
-1.759940153880550584e+00
-3.117139067441359046e+00
-3.852131379002054157e+00
-3.795692201849242942e+00
-3.084525324661985479e+00
-2.072281754590775904e+00
-1.094787166536962841e+00
-3.778915055074064666e-01
3.685426845052288541e-02
2.714712779842082258e-01
5.176458243746010490e-01
9.615541047285679488e-01
1.658545363644611914e+00
2.544717752193219606e+00
3.410493123776821900e+00
4.036262005854492685e+00
4.221549481167202522e+00
3.929211685500247686e+00
3.259988841833712403e+00
2.453504332118956466e+00
1.746528599240634083e+00
1.263992152432247495e+00
9.863619781934461761e-01
7.785893902291823876e-01
5.189162597726962867e-01
1.259537850559955818e-01
-3.756704274443496416e-01
-9.408459673095559417e-01
-1.474486633251678391e+00
-1.907162057607018513e+00
-2.118193469724559908e+00
-1.943664016802445715e+00
-1.173470211719960021e+00
2.943506892195301705e-01
2.241043377989796248e+00
4.140507468501650301e+00
5.429429637978669732e+00
5.853153225136494164e+00
5.428042203844179348e+00
4.345104477697662837e+00
2.823477756313816922e+00
1.125356129150448137e+00
-4.945809403433390483e-01
-1.847385750491917111e+00
-2.865707217979882593e+00
-3.637927450711465394e+00
-4.305607190224409742e+00
-4.989266418067528797e+00
-5.609973148648780494e+00
-5.869010783553136434e+00
-5.317815712165720576e+00
-3.757110681216345061e+00
-1.529039501378223864e+00
5.800412258142016997e-01
1.882811437261370457e+00
2.185503491692537992e+00
1.709539574360655623e+00
8.868339692045862366e-01
1.182825502870715750e-01
-2.844785979280750055e-01
-2.097247654688905449e-01
2.677846370775397444e-01
8.618284501895178140e-01
1.184245380465392294e+00
8.722190418061349648e-01
-1.868160637017556025e-01
-1.720735599123013770e+00
-3.168741090800126337e+00
-3.985881690501368979e+00
-3.991614715511722089e+00
-3.369982216824574106e+00
-2.520929917100070750e+00
-1.784868922403180624e+00
-1.332028097946339917e+00
-1.111494292764239500e+00
-9.367003815311668591e-01
-5.835938062477816768e-01
8.121213054989426250e-02
1.027882508921785565e+00
2.089667787764125872e+00
3.013563904200951438e+00
3.597308081051124429e+00
3.730564174741959338e+00
3.466397302428097849e+00
2.964631381474377658e+00
2.438349952131236176e+00
2.007978657930889810e+00
1.669229566239635476e+00
1.319297060926998943e+00
8.722349827330961869e-01
3.383883372712510051e-01
-1.985547235528957455e-01
-6.108017137602286262e-01
-8.260886709058602451e-01
-8.443419121532742544e-01
-7.728618135649646392e-01
-7.554589834193501385e-01
-9.128118121332213786e-01
-1.214048804451439478e+00
-1.424624813716412364e+00
-1.133168446178776989e+00
4.194565990180218126e-03
1.895056305631961369e+00
3.924517290252612867e+00
5.297991100588106406e+00
5.573892979848420914e+00
4.797154367917826789e+00
3.350900854369766702e+00
1.710618858276764520e+00
2.845984061639396656e-01
-7.090167253090724486e-01
-1.285069150480573796e+00
-1.653930866403328315e+00
-2.113811312115077445e+00
-2.873011293355813844e+00
-3.940227361097665248e+00
-5.037836932109787114e+00
-5.683767643824124249e+00
-5.386355829195316858e+00
-3.989904587397135938e+00
-1.896370322493700078e+00
8.544756001325115591e-02
1.260508960081727192e+00
1.452641870373259536e+00
9.577649273592306889e-01
2.714694093199185310e-01
-1.945824901340067747e-01
-2.183214474701084817e-01
1.920290260178897368e-01
8.553813392021708539e-01
1.470546965716465149e+00
1.717836424367773285e+00
1.362265722792274980e+00
3.704226281339549898e-01
-1.013822535455398688e+00
-2.354431767239359985e+00
-3.252088059890907878e+00
-3.586755585820617043e+00
-3.502924958112850540e+00
-3.245290375719909637e+00
-2.954182143174515662e+00
-2.628136678817640792e+00
-2.169730110117933819e+00
-1.483896252232961954e+00
-5.587215794398481261e-01
5.171186874080491158e-01
1.576709620678977020e+00
2.458399314955101111e+00
3.059818118770147422e+00
3.386468636253920916e+00
3.507508500703734988e+00
3.516395956928759947e+00
3.439387515447024146e+00
3.212835381095898057e+00
2.724221458890409231e+00
1.924493280758270641e+00
9.263469655776209732e-01
-3.417951503406749941e-02
-7.103243124281378718e-01
-9.766710799141040678e-01
-8.565342889358643630e-01
-5.103211814093486787e-01
-1.551647456342783726e-01
-9.222831425685258655e-03
-2.019254928825277573e-01
-7.187960285755152778e-01
-1.358308885760795226e+00
-1.741048309938007188e+00
-1.440500255933609752e+00
-2.316959590983025674e-01
1.637803499514526751e+00
3.494441705257512520e+00
4.632539966414271682e+00
4.765423630755617701e+00
4.072116100046348386e+00
2.977583178775228046e+00
1.885777037744475582e+00
1.026977889586380366e+00
4.336875163506951902e-01
-2.941498077085741639e-02
-5.528216220788758628e-01
-1.292068336807324913e+00
-2.270323864238962042e+00
-3.370570891289674798e+00
-4.345337870304823547e+00
-4.911375387444478768e+00
-4.839285245431583782e+00
-4.082308949257368091e+00
-2.841644502577165721e+00
-1.506509398718552051e+00
-4.623587989690784439e-01
1.203272340793480472e-01
3.078000221825550886e-01
3.058271169289797919e-01
2.983166293252133561e-01
3.865315709227311047e-01
5.723944872096534686e-01
8.088702720331341078e-01
1.031470398665204957e+00
1.182575088743460290e+00
1.202673739372648543e+00
1.009511446725134043e+00
5.126486977771643749e-01
-3.488072534901268673e-01
-1.511357155128249863e+00
-2.765488971901096882e+00
-3.806088862024537445e+00
-4.383241872362434677e+00
-4.381871570303596641e+00
-3.839782885486892283e+00
-2.896827592205106328e+00
-1.746140210031608353e+00
-5.932400653225424758e-01
4.058426249733974034e-01
1.175094116597517946e+00
1.753999003790341238e+00
2.251719653088078310e+00
2.795625048269058333e+00
3.430617385826282284e+00
4.072041167971810260e+00
4.482711739574583021e+00
4.371326238490145677e+00
3.566432101033010227e+00
2.192443643685006549e+00
6.766810223869399454e-01
-4.922503457068633792e-01
-1.029298375841086299e+00
-9.708351992771915295e-01
-5.614604323945283637e-01
-1.123862266695349610e-01
1.330791160511620441e-01
4.795289735530928327e-02
-3.521816353277115175e-01
-9.270322039384245594e-01
-1.438621234152434702e+00
-1.605898575150652263e+00
-1.202017369754779130e+00
-1.731747800894774536e-01
1.251601387378667996e+00
2.637061491897703114e+00
3.568109967523503290e+00
3.887378432043881116e+00
3.700544397551524423e+00
3.229235727791999633e+00
2.649343465753112969e+00
2.034178957743217442e+00
1.376206533150090117e+00
6.351284075535695850e-01
-1.995512527943145153e-01
-1.100481568889874806e+00
-1.991763410007574064e+00
-2.791588015995536853e+00
-3.423646631328152612e+00
-3.841606328839261231e+00
-4.012410597684567648e+00
-3.915099443718399019e+00
-3.530738760811216181e+00
-2.868647195155104246e+00
-1.999659887202941633e+00
-1.063404734856805645e+00
-2.373604710435784915e-01
3.467567717213712597e-01
6.354824645866787858e-01
6.704240065381169567e-01
5.505627286311246538e-01
4.083932328683705371e-01
3.708872481463802995e-01
5.271565530280710732e-01
8.787601452244134803e-01
1.298693907671395475e+00
1.517882999763436658e+00
1.189335620076681588e+00
9.481876375401171453e-02
-1.624260278279712866e+00
-3.421595471003391342e+00
-4.661779285658298910e+00
-5.000059909377147171e+00
-4.500421424918406466e+00
-3.474344435491441008e+00
-2.278000741084575509e+00
-1.179611352458667328e+00
-3.023299164773125547e-01
3.714108624941198644e-01
9.666741437263591807e-01
1.629044775206419216e+00
2.455095535810258411e+00
3.417465382168855204e+00
4.349870445170998856e+00
4.968690079097929591e+00
4.973121263077600496e+00
4.202662329547404596e+00
2.796171324500698940e+00
1.195644451580705869e+00
-8.459479727181230813e-02
-7.483725329131866166e-01
-8.320069982245182905e-01
-5.836021421882020555e-01
-2.878083162064731249e-01
-1.392702189208550323e-01
-2.138651283599871389e-01
-4.795093231050753246e-01
-8.343019544383124542e-01
-1.137503853328084569e+00
-1.236457236282195282e+00
-9.992965021984208107e-01
-3.588267708063720418e-01
6.244231809765377061e-01
1.757651306710105610e+00
2.776303637227589327e+00
3.470857981032410500e+00
3.754262628892611531e+00
3.648174657542608390e+00
3.226774878807386226e+00
2.570063979518020236e+00
1.757750037047822733e+00
8.680548298247209305e-01
-1.754316970877530663e-02
-8.334227512970554530e-01
-1.541133659770924202e+00
-2.147612791604270654e+00
-2.683068178152297811e+00
-3.176452227366118208e+00
-3.612185946228338551e+00
-3.909563310089662291e+00
-3.931802692784496678e+00
-3.549928877519870962e+00
-2.744197284780358181e+00
-1.667207000334459233e+00
-6.027945949550352900e-01
1.817734730134745458e-01
5.577408543868445090e-01
5.703283587796995624e-01
3.781167462361777476e-01
1.762725683261152088e-01
1.311163531628872225e-01
3.359131895238394727e-01
7.828732959883414333e-01
1.341365473237362993e+00
1.755807054266317335e+00
1.686124464005761325e+00
8.577507722937903756e-01
-7.172054422919845740e-01
-2.603798837820846757e+00
-4.147108526542241158e+00
-4.881063212555469377e+00
-4.755370121101798020e+00
-4.026211464292440922e+00
-3.021569495165273622e+00
-1.991851348041616898e+00
-1.058292244503928003e+00
-2.319571954159939386e-01
5.492954298362673349e-01
1.362671525516267135e+00
2.256128433076313389e+00
3.207592579384898723e+00
4.112888414190058128e+00
4.788009246755765780e+00
5.005754972618739806e+00
4.586779605922184366e+00
3.522845196347312857e+00
2.065214547297047787e+00
6.400984935576590207e-01
-3.764806913370247754e-01
-8.478472576479649803e-01
-8.730618441429605081e-01
-6.652203544223042053e-01
-4.266782186219531536e-01
-2.914754213223732515e-01
-3.150789339309127413e-01
-4.861213567600328189e-01
-7.428768594339302256e-01
-9.728076421756421954e-01
-1.027616335929515401e+00
-7.521239606437440939e-01
-5.959387469156621209e-02
9.895858063347692246e-01
2.161641647547919654e+00
3.146171837761615908e+00
3.705378674380555903e+00
3.765201450929009042e+00
3.399952270598712634e+00
2.751893136266732931e+00
1.967983708930278297e+00
1.159299969261389451e+00
3.957359921936210445e-01
-2.986112654778309006e-01
-9.333136271400128692e-01
-1.541179891133386048e+00
-2.151828386396771542e+00
-2.768924432308309758e+00
-3.348546626431211148e+00
-3.795896269540089740e+00
-3.984938442152778926e+00
-3.799979962110213716e+00
-3.208397335654519900e+00
-2.307266715708728544e+00
-1.315799698954232211e+00
-4.753324241424560781e-01
6.062971811416727891e-02
2.815061574836341118e-01
2.863757309374272975e-01
2.207231320149921350e-01
2.191078037353700603e-01
3.716364804980901715e-01
7.072892960332169965e-01
1.173064685399533236e+00
1.620285398393313425e+00
1.795339568617472903e+00
1.398477154561393210e+00
2.438036974023982673e-01
-1.516868783114912578e+00
-3.360009513734220743e+00
-4.674152663587698875e+00
-5.133497381987232266e+00
-4.791046167078154561e+00
-3.909634146036504720e+00
-2.778031261218627535e+00
-1.612306355644379741e+00
-5.394116282484148206e-01
4.055522092921244881e-01
1.254178340680862869e+00
2.076513936963933826e+00
2.929525507222083380e+00
3.811289046412850823e+00
4.617824492640624001e+00
5.133785048531769313e+00
5.085143168716367512e+00
4.283577581716902394e+00
2.819847487021875931e+00
1.110891992782096827e+00
-3.043952900306982623e-01
-1.083292181464367898e+00
-1.215213623337305648e+00
-9.250192275460794589e-01
-5.012950026585818453e-01
-1.763649310557126315e-01
-8.090190603060552765e-02
-2.352776459919917740e-01
-5.651247059455153376e-01
-9.168029528649234150e-01
-1.093597481013071970e+00
-9.018607447959419154e-01
-2.428356637037847321e-01
8.049069116253869671e-01
1.975722297073160272e+00
2.937119435616976304e+00
3.461700051766511077e+00
3.514258145579931103e+00
3.206856079925958447e+00
2.694509978692751773e+00
2.097359013626879154e+00
1.472399761108635685e+00
8.310687793780431321e-01
1.623723278305187201e-01
-5.343202761434513448e-01
-1.243716177416319901e+00
-1.933451605089752778e+00
-2.563344382557007695e+00
-3.090798242623100212e+00
-3.471769971186863035e+00
-3.662043724609627127e+00
-3.619153312969689562e+00
-3.314693998425639165e+00
-2.756810790682431733e+00
-2.019061205189543795e+00
-1.231916175147584003e+00
-5.422848862975752082e-01
-5.008637206281543047e-02
2.194101789826087556e-01
3.138176149390537462e-01
3.268816674323226645e-01
3.687809763734607449e-01
5.372605713569887920e-01
8.788811913909805318e-01
1.347700192550146170e+00
1.759891503804733803e+00
1.790813292468510065e+00
1.081832434245657337e+00
-4.914704961119656379e-01
-2.571475583404397636e+00
-4.427692311202261699e+00
-5.430641713378133062e+00
-5.403245292401321898e+00
-4.566318313383107785e+00
-3.292280776309270518e+00
-1.921609318979209391e+00
-6.860286658275643878e-01
3.218682552277392639e-01
1.136448172759652708e+00
1.881201399142629072e+00
2.689751267204657292e+00
3.623372063137345833e+00
4.603641236003197967e+00
5.382317210126376317e+00
5.593932550138359439e+00
4.926403598735415557e+00
3.383849842055576485e+00
1.417807460765569960e+00
-2.858859023740938365e-01
-1.240737051964111215e+00
-1.393036643429507171e+00
-1.019202193133088130e+00
-4.909515156607345276e-01
-1.047211851394317245e-01
-1.542060883193045392e-02
-2.299499027793430461e-01
-6.334592109307537466e-01
-1.026891368251760639e+00
-1.180654449780769166e+00
-9.034149686189053563e-01
-1.349461070198044454e-01
9.861196150477590239e-01
2.148208723790496766e+00
3.023373801100429858e+00
3.439987772939151700e+00
3.429521129540404001e+00
3.139093646278165117e+00
2.710786091393420971e+00
2.219815208092799530e+00
1.672821742491464203e+00
1.045267748227597160e+00
3.234538239978750340e-01
-4.671661212147740772e-01
-1.265061795637024256e+00
-1.996334795998615075e+00
-2.603940403093157663e+00
-3.060037773261004457e+00
-3.359769896784968068e+00
-3.505763016057082293e+00
-3.482945362934218636e+00
-3.256218837703325431e+00
-2.790453036136594900e+00
-2.102748842646264826e+00
-1.292807343785498997e+00
-5.222925808237176559e-01
5.948453085515896521e-02
3.777253616172100426e-01
4.537565782310796214e-01
3.857947044180252694e-01
3.125932254467779781e-01
3.721018952362266652e-01
6.506059274758507760e-01
1.130692995894406971e+00
1.641710097195363094e+00
1.851134394250031345e+00
1.357174439020006451e+00
-4.844770261899983971e-02
-2.095026205872356773e+00
-4.064641287821984861e+00
-5.244024839280518435e+00
-5.362073836884931666e+00
-4.607164159256768698e+00
-3.377387123414609338e+00
-2.051738239343337433e+00
-8.804710046326722495e-01
4.622570608655633684e-02
7.825583336605933527e-01
1.472196304841699277e+00
2.262713710341836659e+00
3.218664697545230879e+00
4.261969994960756125e+00
5.153294415927105021e+00
5.542012928892893875e+00
5.110166031470390280e+00
3.798818297564382718e+00
1.959729785041677275e+00
2.259853827688860506e-01
-8.752706878049523187e-01
-1.206584934212481919e+00
-9.822032149139888757e-01
-5.513708420182523717e-01
-2.085816292920849857e-01
-1.142268337829753788e-01
-2.885531159704067816e-01
-6.399275846259829814e-01
-1.005510227485954866e+00
-1.194021726512588755e+00
-1.034027232428414989e+00
-4.371641807061884544e-01
5.363300277558993301e-01
1.665602851024958309e+00
2.659894470247460507e+00
3.304376575041003683e+00
3.542132812775945272e+00
3.440168053026090078e+00
3.099474828755309552e+00
2.596976551389110544e+00
1.971329434892010735e+00
1.245516121871864224e+00
4.499528111545669784e-01
-3.659000216323406995e-01
-1.143327179626445034e+00
-1.834942127128090572e+00
-2.419842102634959691e+00
-2.902594609347410426e+00
-3.290451570048178009e+00
-3.566875736295631150e+00
-3.673982881141549584e+00
-3.522849377856069442e+00
-3.044413967561265810e+00
-2.259829999988180127e+00
-1.316856204175324008e+00
-4.383237273488203023e-01
1.837945259266662856e-01
4.729936649148540617e-01
4.793050863865687683e-01
3.381862616867366000e-01
2.136666259805906631e-01
2.498180551775520952e-01
5.259561170690434384e-01
1.017306947137641471e+00
1.561547195532299703e+00
1.854220434036039089e+00
1.523009856581188703e+00
3.370946403168276206e-01
-1.533509449913400990e+00
-3.478186521195710146e+00
-4.801826455627813850e+00
-5.160236214342056371e+00
-4.659401137418687000e+00
-3.645165917815026191e+00
-2.469314498499528554e+00
-1.370914000836921165e+00
-4.448976253121455504e-01
3.359303837215033561e-01
1.073621454693494126e+00
1.878705625486274622e+00
2.804233208678222677e+00
3.800441765271130645e+00
4.696773154249470394e+00
5.227450871676531108e+00
5.114378254883111374e+00
4.222750358155485273e+00
2.716340673885991208e+00
1.055622455482718047e+00
-2.456060687193298842e-01
-9.130480453079072856e-01
-9.989263323701054187e-01
-7.513660151301895240e-01
-4.399337523325382304e-01
-2.516322100906147052e-01
-2.643171656748211640e-01
-4.614064504251165211e-01
-7.557301691955775613e-01
-1.016449740868516471e+00
-1.087932483662587657e+00
-8.278478718124686608e-01
-1.649761059159446097e-01
8.350653292036738229e-01
1.957138832537544060e+00
2.922209248074563614e+00
3.518952656183924610e+00
3.680037083248496099e+00
3.457166592337768130e+00
2.956067339962757501e+00
2.281551645096257630e+00
1.518765300357460379e+00
7.307566859270202553e-01
-3.640516816709736536e-02
-7.538427072563604892e-01
-1.411937019338873833e+00
-2.018871019785454468e+00
-2.586701139867544796e+00
-3.110860821669054310e+00
-3.549715734542356671e+00
-3.816852592695244795e+00
-3.800953881203480655e+00
-3.416421046795542260e+00
-2.673462983270312066e+00
-1.715631859797341452e+00
-7.751894487308914616e-01
-6.651768827908956239e-02
3.121036889527740721e-01
3.970365798584857275e-01
3.142024114105114174e-01
2.184875819125229879e-01
2.442472326663675253e-01
4.704574525528890661e-01
8.960123896676218669e-01
1.412831592307747908e+00
1.791529185784289435e+00
1.708629124307639247e+00
8.780902644655216305e-01
-7.125658025049048661e-01
-2.648254956168924146e+00
-4.264746978281376499e+00
-5.066178045459714951e+00
-4.972246994427365507e+00
-4.219505503938636437e+00
-3.134940565106184795e+00
-1.984704011473052532e+00
-9.245608464734823562e-01
-1.783594938536019843e-03
8.215763912043952955e-01
1.626304302169583327e+00
2.483768614484854531e+00
3.405810486830536554e+00
4.307457282479115079e+00
4.995445718049558614e+00
5.202090996369766351e+00
4.697679110354328280e+00
3.465722274565905536e+00
1.814623505069660192e+00
2.633597424625281347e-01
-7.581436078854024707e-01
-1.126243901836766481e+00
-9.983072014380316439e-01
-6.472446960195126220e-01
-3.197277446720821481e-01
-1.680436734497602058e-01
-2.418935648611978129e-01
-4.994137039548444679e-01
-8.264985627136898216e-01
-1.059385816856580398e+00
-1.016784895546372747e+00
-5.622661597780417297e-01
3.145013491722680188e-01
1.445117009943199138e+00
2.532260231803123762e+00
3.295787247998177794e+00
3.602286666293527784e+00
3.483012461882085908e+00
3.060905924398855227e+00
2.465910696202451291e+00
1.792369164848981455e+00
1.091133033781314987e+00
3.844998853114460768e-01
-3.171404480378697821e-01
-1.005271088845767213e+00
-1.669971823905483932e+00
-2.297605060059274784e+00
-2.867275275970016413e+00
-3.341774313157409804e+00
-3.663521165872441809e+00
-3.759420529428194158e+00
-3.561568285428685865e+00
-3.046867540650153749e+00
-2.277756045865972467e+00
-1.406330033398744517e+00
-6.198253918967844278e-01
-5.804135424732954213e-02
2.368534626937090770e-01
3.176140186784299213e-01
2.934132360623349367e-01
2.885137124436545353e-01
4.081093939169624374e-01
7.088526578410879742e-01
1.165104798844968093e+00
1.634651553178221084e+00
1.840946484901798685e+00
1.436064335055445840e+00
1.991474990946686396e-01
-1.699263643414994585e+00
-3.656075575148774792e+00
-4.988348487168925871e+00
-5.356540726145394338e+00
-4.852337189810406848e+00
-3.796882657147929496e+00
-2.528487119958623630e+00
-1.297773165608983481e+00
-2.345121280148944054e-01
6.497249944073781869e-01
1.432671381649064823e+00
2.226836708526367392e+00
3.110406984470674541e+00
4.063185310500467828e+00
4.927767917181387958e+00
5.415556388497001272e+00
5.204041561205087874e+00
4.136528422663281468e+00
2.422359869303550184e+00
6.153835099000385389e-01
-7.051564203867858316e-01
-1.272375713307095868e+00
-1.193338306992416831e+00
-7.769093095108400293e-01
-3.378452345454360795e-01
-9.125226188549828699e-02
-1.215612977872866651e-01
-3.917088397369710706e-01
-7.720207366391965698e-01
-1.072229894225293245e+00
-1.088170096871088566e+00
-6.698603907909139732e-01
1.937230747708547363e-01
1.324268898342350509e+00
2.412031706826106348e+00
3.172575293965594678e+00
3.483938180187886591e+00
3.396544565340169797e+00
3.044506999883793252e+00
2.550814728854003288e+00
1.984005236579318154e+00
1.362681383148393932e+00
6.838543101913963085e-01
-4.577163524505530046e-02
-7.973968981004749823e-01
-1.525694136946889712e+00
-2.185623243436988439e+00
-2.743877380634065499e+00
-3.179418471483422604e+00
-3.473574899249981751e+00
-3.597533948168500029e+00
-3.508524077244687955e+00
-3.164308354830808856e+00
-2.562784727392778183e+00
-1.779997465727436667e+00
-9.652718777774028647e-01
-2.817867407132105817e-01
1.638537713240678928e-01
3.576956314772393175e-01
3.692454146836365858e-01
3.178599013495332359e-01
3.355806132427129884e-01
5.271223459847736992e-01
9.238252685005772236e-01
1.438968876680930986e+00
1.832416009942528179e+00
1.733475581115312192e+00
8.041318799452651378e-01
-9.642063497111833525e-01
-3.069550972248475063e+00
-4.742419122833286593e+00
-5.451837269905321470e+00
-5.157586826976217509e+00
-4.164061950153433500e+00
-2.861909261145920258e+00
-1.567361089257296447e+00
-4.597042825567743685e-01
4.268259843328492398e-01
1.175450277925603970e+00
1.925427530456416125e+00
2.790050864549486587e+00
3.781370202448831819e+00
4.762024881317816316e+00
5.444106368134270291e+00
5.470478166443505152e+00
4.605217975036324241e+00
2.963580431178412855e+00
1.064356731081569807e+00
-4.495893770304416615e-01
-1.203618509199948061e+00
-1.237848150496093647e+00
-8.551747830829727892e-01
-4.006698705776747804e-01
-1.208150084546577435e-01
-1.214549304533477092e-01
-3.766292904557459464e-01
-7.597834063858226461e-01
-1.083579271007620859e+00
-1.145650291635178508e+00
-7.918438525070232714e-01
8.999108046615892156e-03
1.108633935919277835e+00
2.217511220271906058e+00
3.047920082231033945e+00
3.455884706824548402e+00
3.466489785071752650e+00
3.196253418571452176e+00
2.757158839864831013e+00
2.213768811863083386e+00
1.586363910634122965e+00
8.803207716859826615e-01
1.140449958330987668e-01
-6.715793315876569247e-01
-1.421145554965272950e+00
-2.087236431952546489e+00
-2.644902174532961947e+00
-3.086733512308091232e+00
-3.408005632075958413e+00
-3.585258360171546865e+00
-3.566378076307731959e+00
-3.286493360456226753e+00
-2.715466132633696184e+00
-1.912119696216663334e+00
-1.034655911790676397e+00
-2.764257086107432260e-01
2.231835093475856013e-01
4.307838185389284980e-01
4.155701626809470972e-01
3.093005289735197838e-01
2.609124335452248089e-01
3.923606801760148866e-01
7.537651456287728369e-01
1.278945344949249607e+00
1.752716506248654493e+00
1.822154323572262591e+00
1.125090431136720914e+00
-4.406550349915395182e-01
-2.491865483570944839e+00
-4.293591459668425259e+00
-5.235397250625049459e+00
-5.169391609870924498e+00
-4.343840785526231763e+00
-3.144482642950088724e+00
-1.902328559347854720e+00
-8.134969118741863792e-01
7.111264325720198509e-02
8.189550911219962703e-01
1.558407137559242983e+00
2.401619378059163701e+00
3.375363058544006201e+00
4.376289119370740721e+00
5.164102418554068485e+00
5.416719228597483671e+00
4.870119290594558947e+00
3.522318187711003912e+00
1.746139557487871530e+00
1.337392677915411610e-01
-8.603705806302179848e-01
-1.145943897295652825e+00
-9.376994345082723115e-01
-5.522082092346397575e-01
-2.496104573664527926e-01
-1.679549202616933690e-01
-3.236005383049076478e-01
-6.368957990829455795e-01
-9.643909013350508985e-01
-1.133203449287349285e+00
-9.801629649356324858e-01
-4.112603572851259992e-01
5.308512350140652813e-01
1.646431281813571124e+00
2.652105481606216397e+00
3.322047665049705056e+00
3.576429025163119668e+00
3.462672117344101963e+00
3.081928916522016060e+00
2.525365223996465680e+00
1.855933327823255263e+00
1.115465921242929426e+00
3.407675334336210393e-01
-4.284029812571071849e-01
-1.154160959825403676e+00
-1.811551831518692257e+00
-2.393200689324121111e+00
-2.901182726138395562e+00
-3.325899216131386726e+00
-3.627068129660852680e+00
-3.728385640872211582e+00
-3.539801006799912830e+00
-3.011058889751905721e+00
-2.193473465065061578e+00
-1.255911703618046715e+00
-4.188272788518145329e-01
1.498754457602359258e-01
4.014849459704705192e-01
4.042746049567023658e-01
2.944935159606991149e-01
2.247388229147469496e-01
3.187033015823606541e-01
6.353983395701411352e-01
1.133450034192125200e+00
1.641716203689115305e+00
1.856656599214632664e+00
1.421962626141017427e+00
1.432579655069792235e-01
-1.764296290080283880e+00
-3.671718233284601673e+00
-4.913815182896092537e+00
-5.195233953582325981e+00
-4.648159487511734689e+00
-3.612059077277817831e+00
-2.419958632566932000e+00
-1.295745159420212289e+00
-3.328484159978327139e-01
4.882252468777759091e-01
1.257830552108812006e+00
2.077541764233069799e+00
2.997458814866138077e+00
3.968867292976655747e+00
4.822221743961935481e+00
5.287651328221681268e+00
5.083834510802005546e+00
4.087331214156311177e+00
2.495947771766954038e+00
8.054610866051277185e-01
-4.634721415972287151e-01
-1.060707566594779161e+00
-1.070050771422741631e+00
-7.593779948477192843e-01
-4.064467678236796666e-01
-2.011814126641128520e-01
-2.195443869392063041e-01
-4.383985618171728493e-01
-7.580484303083692144e-01
-1.027400367623294786e+00
-1.073736648256206516e+00
-7.496704370252311733e-01
-4.557087284603420288e-03
1.052783417288134959e+00
2.166917702842002580e+00
3.051770586764225968e+00
3.527509134539186242e+00
3.572891226162276279e+00
3.276107466106744415e+00
2.755341757853042139e+00
2.107702687653899343e+00
1.396027676328302825e+00
6.591067737241935731e-01
-7.632679364670194588e-02
-7.889009710827483701e-01
-1.461753590990848783e+00
-2.085973750947785366e+00
-2.655626604280730607e+00
-3.153686667490979811e+00
-3.539929015643317634e+00
-3.744879131922199456e+00
-3.683712924699218849e+00
-3.295012602933043766e+00
-2.594863581782544504e+00
-1.708035686974475276e+00
-8.336808615207141893e-01
-1.569548596837627708e-01
2.311515696290007693e-01
3.540730201550645329e-01
3.168615455953108229e-01
2.567401930179569192e-01
3.000343535558129826e-01
5.295135242646088480e-01
9.514233636600807342e-01
1.461732147912774060e+00
1.824385891356069544e+00
1.698790486735583416e+00
7.873169743407915089e-01
-9.046672628325876930e-01
-2.911930946663017661e+00
-4.528278681422711394e+00
-5.259478204130748402e+00
-5.056549777982659144e+00
-4.187594750293625268e+00
-3.001785467933334672e+00
-1.780814218742033495e+00
-6.881946880315745751e-01
2.330148327796574825e-01
1.036222920684529258e+00
1.823502564952013349e+00
2.683493139369977243e+00
3.628836427015811772e+00
4.552987376955609733e+00
5.221786353048493368e+00
5.326664965881043656e+00
4.633541450274451634e+00
3.187655611234882613e+00
1.402154397908866867e+00
-1.377591378122462740e-01
-1.025941305612059651e+00
-1.219712484374277262e+00
-9.511784757293085812e-01
-5.321463859701568433e-01
-2.118692610647882890e-01
-1.233662331178393967e-01
-2.820600868197605804e-01
-6.059090435679034270e-01
-9.435491512114804191e-01
-1.106030354417723682e+00
-9.169979533505272506e-01
-2.855680455201424217e-01
7.193954777263746880e-01
1.858151722276360607e+00
2.823662111955278053e+00
3.396544515334499081e+00
3.528587302890808797e+00
3.306415651933970246e+00
2.858728432559442645e+00
2.288051806393860854e+00
1.650294701597130320e+00
9.674049711920865713e-01
2.508436541680557075e-01
-4.800489601439010268e-01
-1.197021743292306040e+00
-1.868948749598065895e+00
-2.471051944367004705e+00
-2.982137840483594982e+00
-3.377387118840262659e+00
-3.618264378063201558e+00
-3.648159866270210383e+00
-3.409817864381194497e+00
-2.881074390256606943e+00
-2.118940694158747196e+00
-1.267714592949683361e+00
-5.066819245791132076e-01
2.894901335585262775e-02
2.985585982275239525e-01
3.548207100429818794e-01
3.099802479196579474e-01
2.952564211053055332e-01
4.233704436415258732e-01
7.509409724428069977e-01
1.238329866422130721e+00
1.711086511100567309e+00
1.853097625460895292e+00
1.298585469711512452e+00
-1.268812909125674460e-01
-2.142468203593825837e+00
-4.058966450481742427e+00
-5.208660435559012036e+00
-5.345354886572823538e+00
-4.647849391219305737e+00
-3.479019411255602545e+00
-2.183000624804143364e+00
-9.913754130793320796e-01
-1.096021354064969809e-05
8.186490135643847976e-01
1.573545025828351873e+00
2.386536501525997167e+00
3.317052584294092110e+00
4.303716192417044617e+00
5.138414326212675576e+00
5.496459586539917730e+00
5.069698367213145040e+00
3.783751102255498378e+00
1.964032115593395744e+00
2.227567163820359242e-01
-9.123482850862554283e-01
-1.282920624385477826e+00
-1.079473969074286499e+00
-6.360307873863271233e-01
-2.490383886247152789e-01
-9.402325725507762466e-02
-2.127480110663009238e-01
-5.338254509100891498e-01
-9.043798875922127722e-01
-1.128644359400939878e+00
-1.018048019363274603e+00
-4.613691221653581920e-01
4.982093784504840750e-01
1.639508594983550394e+00
2.652484753699934750e+00
3.297797571475757028e+00
3.507521511150494486e+00
3.358612515664157527e+00
2.977919079742294084e+00
2.465767932064422130e+00
1.872049208326869607e+00
1.210882827259829542e+00
4.893704845704821560e-01
-2.694530490928161992e-01
-1.024945728997431305e+00
-1.730280113493167349e+00
-2.350098931124779522e+00
-2.865221696881176783e+00
-3.263817481588086267e+00
-3.527242118106741930e+00
-3.614794208992738067e+00
-3.468217324513214184e+00
-3.041174614272415422e+00
-2.348890177908933286e+00
-1.502779259741314988e+00
-6.812428922476918558e-01
-5.120484400533957536e-02
3.042802169068865026e-01
4.055497001548104552e-01
3.526052945664921445e-01
2.830569724324381031e-01
3.306134059741318021e-01
5.826625122762721931e-01
1.037241892494222162e+00
1.560983787605140893e+00
1.867531324165926598e+00
1.576742492862462486e+00
4.177244504939083836e-01
-1.482556621149315079e+00
-3.516598013433289260e+00
-4.946247595775046690e+00
-5.374729855117715616e+00
-4.879142940149453267e+00
-3.805157697748260404e+00
-2.526342184835915550e+00
-1.314234599355520672e+00
-2.984091893979934906e-01
5.270700077266292638e-01
1.264709030741555384e+00
2.045648754767924515e+00
2.952394854356685805e+00
3.955891461054757752e+00
4.883093440531502516e+00
5.433968513482427376e+00
5.281027702633235066e+00
4.262524850783983688e+00
2.577726710054764503e+00
7.727689122343717187e-01
-5.692377298043435063e-01
-1.169857389434006745e+00
-1.128801921692727417e+00
-7.528337350991797239e-01
-3.546780303785714850e-01
-1.421755632878826670e-01
-1.902670818823785637e-01
-4.573348182781742932e-01
-8.168956619534710750e-01
-1.093117451509048932e+00
-1.100682697558925227e+00
-7.020787235614105448e-01
1.197376497312216820e-01
1.212846646891456492e+00
2.297698570704230114e+00
3.104303793581772108e+00
3.496708010802021427e+00
3.495531794203696752e+00
3.203738109802412026e+00
2.725774087233561183e+00
2.130037817510226805e+00
1.452080646919263307e+00
7.137761711882556481e-01
-5.540180249263879780e-02
-8.151000540459032440e-01
-1.524235278663649495e+00
-2.154813180723154975e+00
-2.696760394378525660e+00
-3.144507649883761413e+00
-3.480516417646176475e+00
-3.658660819037458545e+00
-3.606031638947898355e+00
-3.254141747471423596e+00
-2.595548823590836385e+00
-1.729174822838677850e+00
-8.437739692692728388e-01
-1.345326163434886202e-01
2.854705027292938069e-01
4.201466479426675948e-01
3.664589742360935820e-01
2.671718961169762818e-01
2.655303444124166301e-01
4.620972870397469512e-01
8.768211515427446479e-01
1.410160098276708407e+00
1.818035352511614855e+00
1.742006813591309822e+00
8.625136034908909011e-01
-8.299081378897188443e-01
-2.866074444792806375e+00
-4.514673620416255417e+00
-5.256984094354789860e+00
-5.039855222425836168e+00
-4.147393471025302425e+00
-2.949764083362882428e+00
-1.742252533524994540e+00
-6.869731032171995100e-01
1.863831768748702988e-01
9.499468663801936552e-01
1.721214352517185464e+00
2.591798616312203762e+00
3.566256012087400951e+00
4.524332941930458318e+00
5.219509409036543701e+00
5.340359336380676503e+00
4.658997774612090303e+00
3.227887458862885417e+00
1.460343720272941903e+00
-6.416179501927468665e-02
-9.466266002114329670e-01
-1.149191343436061885e+00
-9.045467492556903411e-01
-5.193515224575931954e-01
-2.346223398235346980e-01
-1.720460870238107731e-01
-3.391067154783586890e-01
-6.528698704189080937e-01
-9.687593713086314340e-01
-1.112392914621687101e+00
-9.211207755661418028e-01
-3.082394539655163301e-01
6.683910618129621506e-01
1.791069923773308314e+00
2.769679251806850928e+00
3.386443362651720079e+00
3.575993037901553429e+00
3.400830376332863558e+00
2.972287522587657715e+00
2.387110969978925912e+00
1.709963032216930356e+00
9.800525025415350866e-01
2.277261027272674265e-01
-5.162894543850984341e-01
-1.222750389404908100e+00
-1.871703648721957158e+00
-2.454570005550009260e+00
-2.964792663418403862e+00
-3.382034554206982513e+00
-3.657448767755882013e+00
-3.714459780347486362e+00
-3.473872548548510686e+00
-2.905352892253232788e+00
-2.079441620478614805e+00
-1.169680400333227288e+00
-3.824831379762281269e-01
1.383795432140715875e-01
3.633031217428320803e-01
3.672842704544153070e-01
2.823716087683829090e-01
2.511372162256977347e-01
3.849462276034795738e-01
7.307035005125198657e-01
1.233965226476573918e+00
1.709666724665243720e+00
1.843075429289677825e+00
1.283887486737590011e+00
-1.214997939618715772e-01
-2.090318371433127709e+00
-3.954770847581009718e+00
-5.076880149955982802e+00
-5.224569040803551445e+00
-4.573073522534576441e+00
-3.471811220879635673e+00
-2.245557310729849654e+00
-1.106758295056921249e+00
-1.399327762070523284e-01
6.818717846704510643e-01
1.454609125700325967e+00
2.281523197406540859e+00
3.208773904423540380e+00
4.175777783148578948e+00
4.992023047046557416e+00
5.366435948997480665e+00
5.015501294212041827e+00
3.853526961216442448e+00
2.150880283608300747e+00
4.581399445819026583e-01
-7.137982310246007156e-01
-1.175676011637036167e+00
-1.070016977462736607e+00
-6.943118843786632022e-01
-3.284898306524913769e-01
-1.502756782716088146e-01
-2.171900063696197702e-01
-4.835238030736060955e-01
-8.259114276577750324e-01
-1.073108905830317594e+00
-1.043535399054106083e+00
-6.040966513716894415e-01
2.526035600832566286e-01
1.361347497241143012e+00
2.434327152837804764e+00
3.202153161688447991e+00
3.537653200807230558e+00
3.469966080767666217e+00
3.111800795454592983e+00
2.578127743497703683e+00
1.946827414241112830e+00
1.259353903962129317e+00
5.379799422380541207e-01
-1.966789070407265472e-01
-9.185451119679590715e-01
-1.601038338046065324e+00
-2.224051141602482851e+00
-2.772799509310936994e+00
-3.228623858082855236e+00
-3.555441002346384050e+00
-3.694817064210493385e+00
-3.576503158825237172e+00
-3.151822893212833598e+00
-2.445598590876736811e+00
-1.581221865936618842e+00
-7.463843356953432373e-01
-1.096397078996860369e-01
2.502032392779145464e-01
3.600602776366232383e-01
3.225477233129110388e-01
2.717867127978844666e-01
3.326734175762980916e-01
5.856111121906166783e-01
1.028818972812900467e+00
1.540292845310483383e+00
1.857240950660004275e+00
1.619331522295597292e+00
5.471915198105236078e-01
-1.277964592040975234e+00
-3.304102211475970829e+00
-4.806987819759692471e+00
-5.353549134794751474e+00
-4.973184108457522790e+00
-3.978687512505937551e+00
-2.729883423234563899e+00
-1.500484369574822452e+00
-4.364591768213311185e-01
4.436905306430906637e-01
1.217890118642970476e+00
2.003516305973633393e+00
2.886412205944883347e+00
3.858534389806691056e+00
4.778006177696147994e+00
5.371141984683348802e+00
5.313503769702553114e+00
4.408913090521327405e+00
2.795558444683022614e+00
9.764253490637861965e-01
-4.535616286989108681e-01
-1.162340857958041873e+00
-1.198277018520603976e+00
-8.446964271065100505e-01
-4.197022917143657383e-01
-1.516279013294167255e-01
-1.411127319553781012e-01
-3.697394918047198775e-01
-7.254506309677490883e-01
-1.036326028535527799e+00
-1.108965077502768626e+00
-7.853089964304904580e-01
-2.061962331657628961e-02
1.056632972766816003e+00
2.170177727401841228e+00
3.027457514674333883e+00
3.464110379038026988e+00
3.485606265511650204e+00
3.200523515339866343e+00
2.729167009552701195e+00
2.152645223412866571e+00
1.507859092907460896e+00
8.088064288213698827e-01
7.092490917057964195e-02
-6.767940559463883066e-01
-1.396068810909279145e+00
-2.052208702509451310e+00
-2.622105110150417584e+00
-3.090564042458198379e+00
-3.437711097713898045e+00
-3.625993504653946431e+00
-3.597610204692258673e+00
-3.294691933350547774e+00
-2.703724709306145613e+00
-1.899617581180585102e+00
-1.042995054012883616e+00
-3.160685018313015848e-01
1.592138805368711885e-01
3.633265424722634251e-01
3.682071904234165416e-01
2.992531812977820560e-01
2.930396022451214333e-01
4.577779728670732795e-01
8.331791293320369718e-01
1.347762113282337415e+00
1.786672727782798287e+00
1.801851966052217868e+00
1.043824951943469692e+00
-5.684709183658778198e-01
-2.630808958109025042e+00
-4.407282003501919121e+00
-5.308331097864119386e+00
-5.207930067835221166e+00
-4.358668888300434752e+00
-3.137961141380423591e+00
-1.868067754372211509e+00
-7.444295555251148055e-01
1.764655558238364119e-01
9.533679846891526255e-01
1.708260915124349744e+00
2.552792304024058989e+00
3.516598933716986064e+00
4.498295972988548996e+00
5.254484005449844730e+00
5.453618337958806350e+00
4.827969438182467599e+00
3.393252675952462383e+00
1.558413351436955363e+00
-5.955494485698675788e-02
-1.011588074560573203e+00
-1.233258572444354106e+00
-9.633206298608142371e-01
-5.324306593047898328e-01
-2.061774194012743477e-01
-1.236659022098884342e-01
-2.965820087393880033e-01
-6.342825449625356660e-01
-9.775591086217427783e-01
-1.135853492496761152e+00
-9.370655656177067083e-01
-2.978015464720361050e-01
7.069549882806357433e-01
1.838420242787858205e+00
2.796369988981176835e+00
3.372516250826257611e+00
3.524838320617475151e+00
3.336123036042358603e+00
2.924939955782617229e+00
2.380076988087771461e+00
1.748533994356151755e+00
1.050857027707500890e+00
3.051398719896790679e-01
-4.570013672354807377e-01
-1.194711454056732958e+00
-1.870041518524454105e+00
-2.460009020287672321e+00
-2.953951078596502189e+00
-3.340081492795580864e+00
-3.588586773203092495e+00
-3.642939020347139678e+00
-3.434451692828610181e+00
-2.923326819810387889e+00
-2.154176339867011514e+00
-1.271608032292765866e+00
-4.716804609553720828e-01
9.140536692690461040e-02
3.641628413482809745e-01
3.991923811261839372e-01
3.171582403382520177e-01
2.619836715878599009e-01
3.583983784851066945e-01
6.715033991845474892e-01
1.165482778832048316e+00
1.668091542843268327e+00
1.864353010606928374e+00
1.383021478042125718e+00
3.023628880763342200e-02
-1.947399653238050643e+00
-3.879483870059154071e+00
-5.085307541136522502e+00
-5.287990253390397299e+00
-4.647706395997153628e+00
-3.526038529553981338e+00
-2.271048714585195860e+00
-1.114578359525786322e+00
-1.505482560897926092e-01
6.518624317452170747e-01
1.400249277337786369e+00
2.212985387643896740e+00
3.146232378920844841e+00
4.141101455888595240e+00
5.000460107971886892e+00
5.419940325383261204e+00
5.099981855628891836e+00
3.943357696648397859e+00
2.219970606345410324e+00
4.945864357105251297e-01
-7.029226046267635919e-01
-1.173181015502241964e+00
-1.063108089464997574e+00
-6.814125321857583684e-01
-3.167927522130979945e-01
-1.487801918785898736e-01
-2.309634909525480895e-01
-5.104067367380766829e-01
-8.572817273264933258e-01
-1.097892351291730240e+00
-1.053835006156533804e+00
-5.998516951561188026e-01
2.640157123902601710e-01
1.369085027843054192e+00
2.432039952811430705e+00
3.192849404607670749e+00
3.532551670980159209e+00
3.481466845771315377e+00
3.145022965612546351e+00
2.628145328340012021e+00
2.001243211079674733e+00
1.303244576997752535e+00
5.605234723253653684e-01
-1.971625462078855640e-01
-9.349140327847298426e-01
-1.620774880456367972e+00
-2.235316663282604477e+00
-2.770409575205861508e+00
-3.216134354651081662e+00
-3.542800626185534707e+00
-3.692719957456572111e+00
-3.587586848773100634e+00
-3.169016804787437191e+00
-2.453862165415710894e+00
-1.566925020195190088e+00
-7.061846247731941029e-01
-5.361168318293255131e-02
3.047192965002228915e-01
3.969352139739809604e-01
3.330303376677984373e-01
2.559136424845603330e-01
2.988142786968192022e-01
5.455224942817408218e-01
9.936043765167531516e-01
1.518814015354118974e+00
1.854209235550063894e+00
1.638396268418491841e+00
5.909362843493736195e-01
-1.211824662489075166e+00
-3.226849406994360070e+00
-4.732507691734229915e+00
-5.292513081696433197e+00
-4.931980562001601953e+00
-3.962817517287713809e+00
-2.744330337695714217e+00
-1.547380989628439174e+00
-5.108730658037253791e-01
3.517864384261022437e-01
1.120263089057201844e+00
1.908492831525372857e+00
2.796787726874840452e+00
3.772641149680652450e+00
4.695453254382691455e+00
5.302286084105486630e+00
5.282452386905813313e+00
4.441728640640831394e+00
2.898185487912030123e+00
1.121251157140023214e+00
-3.128795229557149171e-01
-1.063950705176333722e+00
-1.155833885481363232e+00
-8.514872416940747479e-01
-4.562712386013987320e-01
-1.945222632927600392e-01
-1.696075755093863213e-01
-3.715827336241224188e-01
-7.031611074074443080e-01
-1.008138502734688968e+00
-1.104649122897741087e+00
-8.351302443970505252e-01
-1.349182155521853888e-01
9.000329224929093375e-01
2.020312078730685190e+00
2.934309838895948985e+00
3.451945070839550489e+00
3.544291967892505113e+00
3.298569014967958957e+00
2.830959018080909662e+00
2.233632954290088346e+00
1.560434975823567383e+00
8.409022354094003449e-01
9.881406136128254025e-02
-6.381598171384725848e-01
-1.340426183592315024e+00
-1.985738881010937762e+00
-2.560589719502058603e+00
-3.053158434163300239e+00
-3.438214597189083843e+00
-3.666801951541433624e+00
-3.666511203325225843e+00
-3.369944395539651971e+00
-2.763475515866352428e+00
-1.931289842045380789e+00
-1.048495302536473162e+00
-3.080765624301736727e-01
1.656589676213642559e-01
3.592203865858681344e-01
3.539622451989229424e-01
2.807928793909400533e-01
2.759695120246809519e-01
4.438887914801059043e-01
8.191794449905406283e-01
1.331358488488818770e+00
1.772287789980378170e+00
1.807445588437573747e+00
1.094926417125667406e+00
-4.591925712430890427e-01
-2.483873528103053729e+00
-4.269790503128815473e+00
-5.224246517238370302e+00
-5.196669446522360403e+00
-4.416163607522853418e+00
-3.245160473221781583e+00
-1.998858072594148494e+00
-8.728859719271269135e-01
6.831309200729948627e-02
8.694899092435284249e-01
1.638368329256339795e+00
2.479482050633080359e+00
3.425699784138870108e+00
4.391547701645094115e+00
5.156329093554813170e+00
5.407593377696750636e+00
4.874237307060195867e+00
3.536196527662050837e+00
1.751225362512738526e+00
1.104558054619753510e-01
-9.168592532784678450e-01
-1.222558045419331219e+00
-1.010127322424670959e+00
-5.961957752466969795e-01
-2.510628947112699128e-01
-1.277748745844411449e-01
-2.567150654964060474e-01
-5.666141708251858367e-01
-9.121940782870402442e-01
-1.109747743802889763e+00
-9.808323248152893692e-01
-4.188731412168831825e-01
5.345852040376074532e-01
1.666048421392365864e+00
2.674209527362279903e+00
3.322551885699305263e+00
3.536090163362130667e+00
3.381044099443034412e+00
2.978311785877640894e+00
2.431088599013790041e+00
1.799730777015348337e+00
1.111868866688927149e+00
3.842596469931312542e-01
-3.596015764277358251e-01
-1.087256082706444582e+00
-1.766105465829642229e+00
-2.373257924252946793e+00
-2.892920778473125676e+00
-3.307761373018620166e+00
-3.583946424607339587e+00
-3.665414805523842912e+00
-3.485264526227573434e+00
-3.004729319091234085e+00
-2.262438863929955524e+00
-1.394385612505295358e+00
-5.886546884140485547e-01
-1.844133559448603733e-03
3.054762723882868403e-01
3.754020645506665477e-01
3.191406352502264010e-01
2.740931958464314366e-01
3.623334015038230937e-01
6.544386605965358816e-01
1.128544337770849948e+00
1.632539399137339808e+00
1.870366629912017853e+00
1.472014585558486077e+00
2.094409007795516031e-01
-1.729911969169221075e+00
-3.710116219407652682e+00
-5.026799244308202574e+00
-5.347021615440475273e+00
-4.787486093131229303e+00
-3.695731534525874107e+00
-2.426406468937105210e+00
-1.228973218536470347e+00
-2.188608352797527246e-01
6.157633525340159286e-01
1.372587346801892316e+00
2.172317939184297497e+00
3.085712186935114953e+00
4.073427549037756279e+00
4.956812594066594357e+00
5.435829675494422197e+00
5.194396998094498841e+00
4.098223262624885344e+00
2.380598616816443247e+00
6.018592005886421736e-01
-6.759757279031416433e-01
-1.211000245858133262e+00
-1.126718795402828377e+00
-7.332194016848374574e-01
-3.349658667607188778e-01
-1.303446665010608019e-01
-1.875813650019065859e-01
-4.611807666352078505e-01
-8.215507915604294276e-01
-1.088900648589747888e+00
-1.074697000403137759e+00
-6.437430250181204183e-01
2.107654906096354808e-01
1.320652308734204805e+00
2.395212660563097007e+00
3.164658693496117614e+00
3.506417635463328519e+00
3.455589469182772877e+00
3.125998211405317750e+00
2.627855213112691324e+00
2.029479920973816576e+00
1.362026065221379145e+00
6.409187440834167582e-01
-1.109573773627707260e-01
-8.587782041492737495e-01
-1.563728628757924399e+00
-2.196081303097091819e+00
-2.739095023833990172e+00
-3.180826236586228983e+00
-3.499435874585445916e+00
-3.649328168091174440e+00
-3.565378839443997805e+00
-3.190659926042038741e+00
-2.528503498951883532e+00
-1.680609771418976939e+00
-8.270002682118513526e-01
-1.478576815027921043e-01
2.559229477727602009e-01
3.922979287646659041e-01
3.544426411428057699e-01
2.786713073234899363e-01
3.005306025201917586e-01
5.155110217916687443e-01
9.386570219855701058e-01
1.464251249397971133e+00
1.840425259526895507e+00
1.702119732096467386e+00
7.385436417470941928e-01
-1.025003357173604801e+00
-3.078217482886163925e+00
-4.679092743779486696e+00
-5.337567242152842617e+00
-5.037158054120978612e+00
-4.080182603296158561e+00
-2.840127095733671947e+00
-1.608754420929809692e+00
-5.445048254871189819e-01
3.284775519939624466e-01
1.089186310351190290e+00
1.860659473113374096e+00
2.736967737614363294e+00
3.718158612302628896e+00
4.670517121327932841e+00
5.327297658227599264e+00
5.362349644894427669e+00
4.557972259883956490e+00
3.012766818816661196e+00
1.196466506340462477e+00
-2.908846636118294637e-01
-1.080414766801430781e+00
-1.184030234902593737e+00
-8.699422623398195276e-01
-4.571570651795176521e-01
-1.820049270593985802e-01
-1.540387048427066807e-01
-3.631136355388101533e-01
-7.063898207761513115e-01
-1.020903471043894450e+00
-1.120916626799527860e+00
-8.471977216455183202e-01
-1.391112777515250420e-01
9.015266906130252611e-01
2.020761939788041417e+00
2.927251690290912478e+00
3.437064617728654792e+00
3.529454711173109160e+00
3.294308663348390009e+00
2.845847341281134035e+00
2.269063096425983694e+00
1.609631959129850021e+00
8.919357638955406342e-01
1.400535183356790558e-01
-6.135500288785306067e-01
-1.331449841228419251e+00
-1.984126767234790423e+00
-2.555669470861735348e+00
-3.037608804134380946e+00
-3.411832965091301073e+00
-3.638136045488785886e+00
-3.649073313016384823e+00
-3.374710862465582384e+00
-2.791366944416879381e+00
-1.971289485627097715e+00
-1.082999858592395004e+00
-3.234663062728534433e-01
1.728323094376412739e-01
3.808289001284572706e-01
3.759654139144282259e-01
2.897817351209245884e-01
2.639879908814571352e-01
4.108022871260098019e-01
7.738050079493512534e-01
1.288482431196054545e+00
1.751464778066238903e+00
1.827746150364670807e+00
1.164816826723752419e+00
-3.527641419443274251e-01
-2.374694790757089002e+00
-4.193165982202457620e+00
-5.194024461193082587e+00
-5.203879253199231059e+00
-4.443627255021484146e+00
-3.280569967067215487e+00
-2.038418259303695468e+00
-9.181005903880716801e-01
1.357545160681499288e-02
8.041988696754642785e-01
1.564695974129294287e+00
2.402294268901041363e+00
3.352499946674967646e+00
4.331300021314217652e+00
5.119892170294434663e+00
5.407409833580663516e+00
4.919684416046210984e+00
3.623625971564002235e+00
1.858566374883354744e+00
2.073936691112174269e-01
-8.511757410548004277e-01
-1.192279704435491805e+00
-1.007553063726447595e+00
-6.102423113600832227e-01
-2.709362781328141789e-01
-1.448943278089839248e-01
-2.658810256258104521e-01
-5.657306736981168038e-01
-9.060491337135454515e-01
-1.109273489667122803e+00
-9.996873035940363472e-01
-4.677491001500072021e-01
4.578443042024937792e-01
1.579827492668464339e+00
2.605469313655599528e+00
3.291554060997523568e+00
3.548623244401320598e+00
3.428691477819268751e+00
3.044153648969206039e+00
2.498391546486526504e+00
1.856517365653719942e+00
1.153718558719698084e+00
4.141764704808297282e-01
-3.349922804461958892e-01
-1.060858106495528252e+00
-1.734380217824379233e+00
-2.337891151725240313e+00
-2.861446421176230270e+00
-3.289764962054840591e+00
-3.587239764964436084e+00
-3.691388940218681913e+00
-3.527319201459688358e+00
-3.049336908712308780e+00
-2.295166225898032319e+00
-1.406622675964209757e+00
-5.820148845471189158e-01
1.491973253492513002e-02
3.212443674676315752e-01
3.819786026993946537e-01
3.139488583553255441e-01
2.585075119072604566e-01
3.399721931763647897e-01
6.282645660062914361e-01
1.101915417420300303e+00
1.611480835536533318e+00
1.867125713858670100e+00
1.504010144524174475e+00
2.874768064411272750e-01
-1.615523759920882485e+00
-3.592090785841044021e+00
-4.940679444995504710e+00
-5.310747471297936784e+00
-4.801406228949000266e+00
-3.750240817318311493e+00
-2.507572213135395689e+00
-1.322227534893825718e+00
-3.115307800766589086e-01
5.309203681597483016e-01
1.295605007859651714e+00
2.097070392142622808e+00
3.004638277633929100e+00
3.984838813827255244e+00
4.871287143948729081e+00
5.379120543349640293e+00
5.199204767342038735e+00
4.183066370258755384e+00
2.527817005449163545e+00
7.608786291396837376e-01
-5.570061222349187435e-01
-1.156828767181493189e+00
-1.131022644688849388e+00
-7.709847597701133814e-01
-3.779963962335202154e-01
-1.554239095726577258e-01
-1.830621857342546177e-01
-4.286826353916438070e-01
-7.763202536781331764e-01
-1.056466168618297452e+00
-1.084277418264644410e+00
-7.143062993474630362e-01
8.335703744796424397e-02
1.168829838640238927e+00
2.265700198187015513e+00
3.092820843035344325e+00
3.499684794926021247e+00
3.496831125167855436e+00
3.189607599133045923e+00
2.692696586319297758e+00
2.086252691185542574e+00
1.412344536963054287e+00
6.927931567683318637e-01
-5.055042525830621969e-02
-7.877885877628862943e-01
-1.486737067330274664e+00
-2.122578376760584806e+00
-2.679876329808474011e+00
-3.145158501388387595e+00
-3.492029171132998933e+00
-3.669943518220977641e+00
-3.610422854387753677e+00
-3.254144285382676305e+00
-2.602288194322776693e+00
-1.755131721199337358e+00
-8.935585457596603165e-01
-2.002138492239833867e-01
2.203287103142290149e-01
3.723818965105981094e-01
3.466585930910079383e-01
2.769535314618649657e-01
2.970414286926802427e-01
5.026942230242238407e-01
9.132095448564245821e-01
1.433485154148016472e+00
1.825845333612577059e+00
1.736188055858353785e+00
8.449538860630936288e-01
-8.598283307875760340e-01
-2.908278243901827320e+00
-4.567081264646692951e+00
-5.315224238252883815e+00
-5.096653297494548873e+00
-4.192564192519467881e+00
-2.971071775948799232e+00
-1.730043061219396439e+00
-6.397358830710615507e-01
2.611102370126182626e-01
1.039052399877603339e+00
1.811196596275034265e+00
2.674778058372702105e+00
3.641755805446576844e+00
4.595344022220314351e+00
5.284159419208671160e+00
5.384388279172161340e+00
4.658722710848561377e+00
3.167655262510076231e+00
1.350088230686781410e+00
-1.909417940520621026e-01
-1.052919448297436444e+00
-1.212516198266941903e+00
-9.209779322608666607e-01
-4.993498114751316330e-01
-1.962054838795842249e-01
-1.358531831381933896e-01
-3.210851457979838619e-01
-6.581112684489552889e-01
-9.878135843088174939e-01
-1.121458823507093472e+00
-8.913199955231668747e-01
-2.221081412504568586e-01
8.001369257909045629e-01
1.928643416442707093e+00
2.864538137297985454e+00
3.408121215658006964e+00
3.525552319739724272e+00
3.305219849690925304e+00
2.867141527617530272e+00
2.301525097314580659e+00
1.657633831135772784e+00
9.567939040432689168e-01
2.176437319141952820e-01
-5.316603344334913661e-01
-1.254889267735853853e+00
-1.919390884654229801e+00
-2.504361010426892076e+00
-2.997335097482535016e+00
-3.379972619578509807e+00
-3.615863173998719038e+00
-3.644573009873236291e+00
-3.400191119428753961e+00
-2.854030563843286572e+00
-2.066151478592165525e+00
-1.190784203868265223e+00
-4.191260836760854480e-01
1.078173369401734527e-01
3.525756199420482240e-01
3.768216207733668388e-01
3.038090283942688208e-01
2.727138244049185922e-01
3.996288309503122083e-01
7.384208753166855432e-01
1.240427827182543297e+00
1.718954654364466705e+00
1.848744633619076039e+00
1.267593354355063484e+00
-1.805932435332449071e-01
-2.193803606314039811e+00
-4.075783362515530861e+00
-5.177092896995760363e+00
-5.274656855856259874e+00
-4.561824446028589719e+00
