0.000000000000000000e+00
-1.504627195896956759e-01
-3.237485440501783329e-01
-5.399711173014583032e-01
-7.200438240429183345e-01
-9.997427616193509392e-01
-1.284161844855047363e+00
-1.788506010956506964e+00
-2.310473667678751841e+00
-2.965321196987324548e+00
-3.537262469998438519e+00
-4.094380471174203784e+00
-4.320751468841324439e+00
-4.188424740409646851e+00
-3.516336706782636767e+00
-2.530860451975975867e+00
-1.517596313347086223e+00
-6.753704348831953697e-01
-2.450577065315548142e-01
-9.759526680638606899e-02
-2.387817830502659833e-01
-2.876590867351824232e-01
-1.424828848898566092e-01
5.361933429839677023e-01
1.542135425197409981e+00
2.657147864127245906e+00
2.796419471749787888e+00
8.323255842841726926e-01
-3.314397036715393430e+00
-7.708689940680368835e+00
-9.864773890356575592e+00
-9.479500301858928779e+00
-7.280798984866254209e+00
-4.361919374556363138e+00
-1.274176479066078116e+00
1.429069034346474476e+00
3.492630764469388804e+00
4.884128225441350502e+00
5.883921956742118375e+00
6.992658613452087835e+00
8.249179486288031882e+00
9.403782792473668550e+00
9.144929320669140438e+00
6.643285646781476039e+00
2.302761964374523185e+00
-1.707058154892581836e+00
-3.722143411404309710e+00
-3.711351208135256652e+00
-2.403202564055516799e+00
-7.386966193611342879e-01
7.913539320355660323e-01
1.616317126302565299e+00
1.697871566716822045e+00
8.486982685232250523e-01
-4.567663529615347273e-01
-1.804707489320105829e+00
-2.334985005280638237e+00
-1.670204951040107355e+00
1.507624107814809489e-01
2.356773586023121592e+00
3.944326852125042304e+00
4.326988213433343056e+00
3.435893277091470299e+00
1.925809352171257594e+00
3.293488419063384520e-01
-6.298625505794933632e-01
-9.507551450095298451e-01
-5.839936717313093384e-01
4.710196854847220616e-03
5.646253999023386205e-01
6.932948726345879997e-01
4.145541886181523528e-01
-2.415521934892831957e-01
-8.981654375354920505e-01
-1.174205814405301807e+00
-8.053917714487444091e-01
3.373383529591022501e-01
1.951298410341891332e+00
3.569303895379019931e+00
4.305608555058286768e+00
3.658310260214008736e+00
1.429094881865954125e+00
-1.345130219571465169e+00
-3.519493359154584056e+00
-4.143058245119144445e+00
-3.384793309117312354e+00
-1.909804468701865821e+00
-4.415570941535785221e-01
4.770990724678631500e-01
8.021618678772112210e-01
5.955640652907158161e-01
2.994190277913968412e-01
1.186229477810711724e-01
4.175784086180035493e-01
1.040118238633221281e+00
1.996720526400458162e+00
2.857051416600576932e+00
3.459695012441754258e+00
3.507790112556758544e+00
3.087272625824919015e+00
2.255834741788685260e+00
1.364240702134685623e+00
6.308847399264565503e-01
2.089293709864401272e-01
1.015149250824550903e-01
7.681772787804948266e-02
-6.133560162998728804e-02
-6.198002005529676950e-01
-1.462158039880603555e+00
-2.213659329022609423e+00
-1.883194328789793648e+00
-8.968225416128935978e-02
2.757251122895557849e+00
5.204934936909531018e+00
6.193265389056112902e+00
5.521859629834207972e+00
3.575510061292674457e+00
1.162054539731886438e+00
-1.117887965716150234e+00
-2.657781312646379401e+00
-3.446092428364007088e+00
-3.565700594573998572e+00
-3.548924628044761942e+00
-3.722603392786763443e+00
-4.437892048030722236e+00
-5.419184684974660549e+00
-6.004966215134985852e+00
-5.370071068808340620e+00
-3.281836317862203423e+00
-6.152194690031332902e-01
1.545478794626676367e+00
2.345036475198290393e+00
1.862814990719954711e+00
4.381612507165032477e-01
-1.221220425804752985e+00
-2.593320450015426104e+00
-3.145058978562748297e+00
-2.754250159153894373e+00
-1.459619373516847896e+00
4.126986027818811409e-01
2.245981997278930997e+00
3.245168904259446929e+00
2.519753515955390988e+00
-1.590244664603774338e-01
-3.867909049517729514e+00
-6.631641499079679924e+00
-7.375225803932441870e+00
-6.316830593032294772e+00
-4.613340631432823358e+00
-3.126334279678451900e+00
-2.172093234303969389e+00
-1.643655992062085236e+00
-1.061649363215244612e+00
-7.087320745831808544e-02
1.595825974876730502e+00
3.724514170240809552e+00
5.901318817715895726e+00
7.284420355076555609e+00
7.144962129013347152e+00
5.068263105739284846e+00
1.844282725819963664e+00
-9.128264097992957460e-01
-2.061409887774390715e+00
-1.585692761075466084e+00
-3.666184666012544113e-01
9.134322765863222005e-01
1.769815793393078929e+00
2.162486224225435905e+00
2.140361743733510291e+00
1.970997934398802220e+00
1.819967752834149577e+00
1.854457655460500787e+00
2.024589067044974655e+00
2.206069014871026468e+00
2.236476409998949144e+00
1.920184616091233920e+00
1.183865380674985035e+00
1.893796252458121443e-02
-1.298988753688740339e+00
-2.351346704020966349e+00
-2.518361009757329683e+00
-1.536596290059440983e+00
4.571364257888034799e-01
2.609458482287906556e+00
4.024199826110253397e+00
4.242057194328030079e+00
3.436202373116263420e+00
2.189775582746714466e+00
9.710029472360756087e-01
7.175452975827147084e-02
-5.588942895401911581e-01
-1.023436577322543561e+00
-1.569547759328259628e+00
-2.286119663987915551e+00
-3.290254768989149259e+00
-4.444596687143765656e+00
-5.490438005285583678e+00
-6.041391236091309125e+00
-5.787633878050214342e+00
-4.715369489579140705e+00
-3.129922154885355745e+00
-1.614200576962932621e+00
-6.203597001085612295e-01
-3.855944576207605001e-01
-6.778045955883785778e-01
-1.191094470760427404e+00
-1.507331224993992524e+00
-1.405311728297340190e+00
-7.437333085283319711e-01
4.470966706613646591e-01
1.872697409098011745e+00
2.727979884331234395e+00
1.726084236410615702e+00
-1.800424300584515303e+00
-6.487301876211033047e+00
-9.585490185798684948e+00
-9.910694000378306612e+00
-8.104129116725106385e+00
-5.332403528681970428e+00
-2.398281959658317142e+00
2.727705437530105748e-01
2.428903640282368936e+00
4.147789478588492784e+00
5.593788679010067710e+00
7.072079360810946014e+00
8.621345368115068908e+00
9.915493906894813136e+00
9.955470481364075752e+00
7.759997530441420821e+00
3.608121408243295747e+00
-5.458584824494145948e-01
-2.831344997599166469e+00
-3.064048010711687198e+00
-1.986988760249962516e+00
-5.180727898105910167e-01
8.029872427958292258e-01
1.559384908625374822e+00
1.578245801961367878e+00
8.367339004976891426e-01
-3.768867455175364256e-01
-1.533069678846664674e+00
-1.929598297306903909e+00
-1.034866631610370291e+00
1.064519749737779186e+00
3.623343846739949914e+00
5.450502969554374744e+00
5.896072131381703052e+00
4.986200362493383054e+00
3.369873229580655494e+00
1.719925638744720153e+00
5.418464755890333162e-01
-3.688046289194904515e-02
-1.193021644733084086e-01
-1.881960698985305283e-02
-1.427667900122202571e-01
-7.596983932350452884e-01
-1.978307272830309493e+00
-3.541373197028322650e+00
-5.038401186331837422e+00
-5.889224511446607302e+00
-5.729447343689152206e+00
-4.434861570093046268e+00
-2.491242231344759972e+00
-6.621492616153004107e-01
3.307318332822550278e-01
3.388632011661016352e-01
-2.857580789524709064e-01
-1.044540354328596710e+00
-1.493163164522207875e+00
-1.450316529212319239e+00
-8.287590932543955624e-01
2.338506682200830467e-01
1.539206251737573306e+00
2.591618712497902877e+00
2.761771885414438632e+00
1.242791784042375225e+00
-2.026759070680892005e+00
-5.800814423492351324e+00
-8.242982074567192896e+00
-8.610461897940890452e+00
-7.551021998482968733e+00
-5.865049496486685499e+00
-4.032967451458269181e+00
-2.097063587889110625e+00
-9.091695848050276862e-02
1.974198627446834164e+00
3.979451370217737871e+00
5.875480300936869682e+00
7.538960012926304799e+00
8.626957965746859358e+00
8.550241398888296374e+00
6.723770627050748239e+00
3.511392319170573373e+00
2.409714777867791868e-01
-1.721041972196336589e+00
-2.112631108643531430e+00
-1.439081661437917603e+00
-3.523109317865704693e-01
6.941582514728367181e-01
1.462259917014153476e+00
1.822271186209353910e+00
1.771770887849276166e+00
1.297812038916972055e+00
5.455765351997111656e-01
-3.276783115341630470e-01
-1.021329662000618477e+00
-1.332552624988604828e+00
-1.104239964109529737e+00
-4.332966128122605620e-01
4.757065831476562368e-01
1.264523582978134275e+00
1.671702761131255155e+00
1.625373104122620038e+00
1.237961175327222385e+00
7.468838477397752307e-01
2.721393945023172778e-01
-1.104933008192036936e-01
-4.554163806516689506e-01
-7.687362149904468644e-01
-1.116634259564547094e+00
-1.460094547028484513e+00
-1.791344118720102463e+00
-1.977025585715324496e+00
-1.917450184170927718e+00
-1.503673902190475919e+00
-7.196472593936751316e-01
3.750140266061425809e-01
1.569976241932991012e+00
2.441192296468171374e+00
2.377582024945271932e+00
8.636535136444439820e-01
-1.812491170622038794e+00
-4.530602138047226113e+00
-6.055393275865006864e+00
-6.063581079187811085e+00
-4.954045673760137269e+00
-3.334588321396336319e+00
-1.671363403807239134e+00
-2.018657085186431888e-01
1.002307082755426126e+00
2.036353474644350570e+00
3.017587392430546078e+00
4.081666670064871383e+00
5.187145184232750950e+00
6.150272209039419735e+00
6.478149095221845677e+00
5.661172428816460211e+00
3.595812243991643342e+00
9.823257333898858246e-01
-1.074667479932068792e+00
-1.932643196256866203e+00
-1.634064723564054189e+00
-6.441102210658202765e-01
5.789201609115257607e-01
1.634213836823131150e+00
2.302147626907403044e+00
2.449939073941650225e+00
2.122156583866379176e+00
1.426924939192564468e+00
5.401731094504025332e-01
-3.569793489385622021e-01
-1.073403941693440888e+00
-1.424820633532961844e+00
-1.266444410027773859e+00
-5.457670965866133761e-01
6.063134707230521947e-01
1.944040025266377647e+00
3.106707774754926099e+00
3.862371714739969430e+00
4.107784549335399049e+00
3.897988416034424919e+00
3.307303702349961405e+00
2.385629372337245258e+00
1.195006053115760025e+00
-1.571244267053481802e-01
-1.499078322060174218e+00
-2.688005334557644233e+00
-3.613130578748378063e+00
-4.265465702885101962e+00
-4.612863967775833629e+00
-4.655652547848648126e+00
-4.346748854657657368e+00
-3.667824425050649317e+00
-2.653127215214025725e+00
-1.473967264064259375e+00
-4.196636300057447477e-01
2.508841875566492075e-01
4.215159824807248046e-01
1.643113715073048764e-01
-3.943367498159916495e-01
-1.053967554823587616e+00
-1.634608750057551685e+00
-1.907884071528299641e+00
-1.703223254093804373e+00
-9.340917908945171044e-01
2.857478560962089520e-01
1.565783427919001713e+00
2.131855762684153444e+00
1.074754089596937634e+00
-1.844421808056149192e+00
-5.478282811114553397e+00
-7.936037135872052950e+00
-8.285345921196364927e+00
-6.879687315777522905e+00
-4.621363570497093676e+00
-2.271663724076015356e+00
-2.828206777898352731e-01
1.184196250865341415e+00
2.237741076287429465e+00
3.159327455034493859e+00
4.269811346984138112e+00
5.651509195924619533e+00
6.985434855386952968e+00
7.446860947258731045e+00
6.238058288555158093e+00
3.414507487641747829e+00
2.367319953993801129e-01
-1.808552438796003248e+00
-2.161795208062599727e+00
-1.178821922059137828e+00
4.157909706805221206e-01
1.993931056930341894e+00
3.103833338981246026e+00
3.547724250993182338e+00
3.293426810491926648e+00
2.501162331104406888e+00
1.418329746588842255e+00
3.633667941837980808e-01
-4.115255382655057526e-01
-7.647984253806995314e-01
-6.890162559996700908e-01
-3.050313680981882047e-01
2.169601569528667173e-01
7.444898675164011159e-01
1.289538652090555626e+00
1.926566728834860243e+00
2.699789000718333831e+00
3.432671448394296831e+00
3.855517807237998973e+00
3.700720759677509797e+00
2.862348307398350666e+00
1.435192738881322594e+00
-3.207082635625188027e-01
-2.034817094824102668e+00
-3.382702325810961419e+00
-4.173550396894142978e+00
-4.429269527198246514e+00
-4.297380677366006374e+00
-4.039188557859355377e+00
-3.809839469479264551e+00
-3.614306444216961900e+00
-3.271113873644865944e+00
-2.624354351722677503e+00
-1.719403404957590809e+00
-7.990678480718640397e-01
-1.556310372936067499e-01
3.082970561725867017e-02
-2.655820307613812603e-01
-8.811649046957996667e-01
-1.566126961717392740e+00
-1.964768282263317456e+00
-1.781369787656316594e+00
-8.434009378041071869e-01
6.610935950045014886e-01
1.966337410617944315e+00
1.690215761931450622e+00
-1.140640320585020406e+00
-5.573671020703250711e+00
-9.050640115044393141e+00
-9.817002585157872829e+00
-8.067557316392001354e+00
-4.899859536203393873e+00
-1.483494251672799136e+00
1.335883435626490590e+00
3.158080905213030753e+00
4.080030687670475054e+00
4.594201326160420429e+00
5.312036488212713792e+00
6.595759279025994459e+00
8.152872964335447392e+00
8.897200413584565482e+00
7.530198419418113076e+00
4.030154167166459800e+00
6.073603525561532823e-02
-2.440293792369907955e+00
-2.833093925981074790e+00
-1.641344856874288993e+00
2.926691012770631928e-01
2.167602686903285392e+00
3.382742798744744483e+00
3.586965810752073214e+00
2.742333052883540567e+00
1.065626372092774998e+00
-8.953388245891904518e-01
-2.382584060070573440e+00
-2.608001463268651232e+00
-1.145992052086049373e+00
1.649469639312781455e+00
4.488933813384153204e+00
6.005174249940901099e+00
5.764854959936779544e+00
4.364895865152223386e+00
2.817624600463848328e+00
1.802087687926638537e+00
1.471204670673356585e+00
1.525785134284039612e+00
1.459915124453157187e+00
7.967122594506560462e-01
-6.383691727801501514e-01
-2.670444116464550710e+00
-4.763155619894194892e+00
-6.177752438086153930e+00
-6.268262932644672603e+00
-4.794020019678143285e+00
-2.287112429288828963e+00
8.173942235908525367e-02
1.280811553867718722e+00
1.128319448534961911e+00
1.642385349136820383e-01
-8.780480920506414932e-01
-1.548796928975042952e+00
-1.726270328867934190e+00
-1.533578790951377169e+00
-1.228424603098448920e+00
-1.044729231463847219e+00
-1.102211069846380287e+00
-1.342309037708762309e+00
-1.569595290668607035e+00
-1.514397290940687313e+00
-9.823418782455436427e-01
5.401075238388375332e-02
1.242741769751525283e+00
1.813875376993122845e+00
8.926926336687369679e-01
-1.643303869291680819e+00
-4.699657547170666305e+00
-6.723842655839288973e+00
-6.905124315068397856e+00
-5.455486281466758847e+00
-3.105107191596954141e+00
-6.770274443655472929e-01
1.214980337575760183e+00
2.302276765591595442e+00
2.722395845795755775e+00
2.879384208597505435e+00
3.245997505480645362e+00
4.091423127106161850e+00
5.251511535253915675e+00
6.064350035974117148e+00
5.666105940997755219e+00
3.753566664771734729e+00
1.043269486079789754e+00
-1.178436669939614712e+00
-2.042717188824079155e+00
-1.492436291864470466e+00
-1.892977682474514603e-02
1.736142226716989478e+00
3.184842423692302749e+00
3.923877257144614106e+00
3.817029961604906596e+00
2.954388403758347881e+00
1.618975303178332492e+00
1.986818535593847246e-01
-9.230825819280661371e-01
-1.449258425931740257e+00
-1.161614463686752918e+00
-7.420018521485630125e-02
1.486968258016491129e+00
2.978140913423417580e+00
3.985823365523725847e+00
4.512021983999082941e+00
4.765924062105936443e+00
4.834824062223799679e+00
4.592909363287202673e+00
3.812487564705044463e+00
2.340931355662546398e+00
2.618472136068847322e-01
-2.100814872475533335e+00
-4.258387218064346058e+00
-5.785089908615043797e+00
-6.436455613370635653e+00
-6.138740166808942078e+00
-5.047918842513825055e+00
-3.548567272510915860e+00
-2.125195175345782506e+00
-1.089209092624407793e+00
-4.538560970057354815e-01
-1.013107779136023651e-01
2.333071039068681379e-02
-8.108468913109571907e-02
-4.411719432878715708e-01
-1.048936372017176044e+00
-1.818305078342851155e+00
-2.598447605258980442e+00
-3.155476914066152272e+00
-3.268613403976505793e+00
-2.809992546638663047e+00
-1.796355612219643794e+00
-3.963164144545424650e-01
1.033969741391175701e+00
2.001755200639371512e+00
1.945499776741202114e+00
5.557554060248649508e-01
-1.801574292594933624e+00
-4.095241076365492283e+00
-5.322949492821589246e+00
-5.238162895448972733e+00
-4.284948338989668315e+00
-3.063283620494052784e+00
-1.954849185621979402e+00
-1.056810423254290310e+00
-2.362259541315772371e-01
6.987210689983822665e-01
1.887831989449149983e+00
3.316692179925863737e+00
4.778512909197200287e+00
5.916362808161520270e+00
6.267986813936897939e+00
5.480070173488797991e+00
3.639723195960003821e+00
1.433775654297846813e+00
-2.370348114422834718e-01
-8.707258823616276233e-01
-5.858306153329576604e-01
2.015452338138831456e-01
1.078362359634419176e+00
1.771565358869686246e+00
2.166343171125965750e+00
2.246926661158286986e+00
2.076716706047037952e+00
1.731192832751372812e+00
1.257822589337317387e+00
6.726835919779143858e-01
2.178770037210117985e-02
-5.844139379134410950e-01
-8.792174599278199665e-01
-4.970625575065957258e-01
8.273858045482753720e-01
2.903991248925310575e+00
4.978779110268986230e+00
6.230307027746663451e+00
6.301565101932360413e+00
5.338153809342080613e+00
3.698737401773894096e+00
1.752837420595614981e+00
-1.827736357099589981e-01
-1.850252107380618405e+00
-3.134721096937861606e+00
-4.067205086671743075e+00
-4.769800802073244306e+00
-5.321636485779477788e+00
-5.595584541165521841e+00
-5.281488465502470753e+00
-4.122384893083840929e+00
-2.287380766301359447e+00
-4.081279224919609483e-01
8.373094507758808147e-01
1.142627820055105436e+00
6.000705364586865764e-01
-4.717032992943056557e-01
-1.712808019122526781e+00
-2.804313327466696038e+00
-3.498121792262815166e+00
-3.666059802136586665e+00
-3.289829225532499457e+00
-2.470083266858952076e+00
-1.400057943732670118e+00
-3.198710275467469000e-01
5.511734469557516558e-01
1.006876433794159809e+00
8.956062051822548664e-01
1.430883799199236528e-01
-1.137633973137733845e+00
-2.607765100782250212e+00
-3.858896079099218834e+00
-4.626926984843131585e+00
-4.854454232299564964e+00
-4.571330805481585990e+00
-3.802402336442787245e+00
-2.567795759150890422e+00
-9.536188711007931307e-01
8.738811279443303714e-01
2.663912645960166969e+00
4.171585630091361629e+00
5.219020436700281707e+00
5.703655779695288253e+00
5.592287912974420294e+00
4.904348503853882768e+00
3.752582263761221171e+00
2.377354560322310295e+00
1.102344966706351626e+00
1.921433896715230571e-01
-2.332500875795855133e-01
-2.027078046760889818e-01
1.966086319763007684e-01
8.497515893602466397e-01
1.619348757044987819e+00
2.350634476817396568e+00
2.865105542988355847e+00
3.008214031811932365e+00
2.679166082022204520e+00
1.866699618654672488e+00
6.718599846508143125e-01
-6.360345714016721885e-01
-1.608128579680090819e+00
-1.651392580002365218e+00
-3.365931961799529248e-01
2.111554521741172419e+00
4.660533079770547538e+00
6.156176758143240946e+00
6.193256440333253288e+00
5.154349704579227698e+00
3.661147523232317624e+00
2.158377541143386313e+00
8.254071864494463284e-01
-3.664671257426191375e-01
-1.527990820751673695e+00
-2.773950569060102733e+00
-4.129887204309431681e+00
-5.460732989527660841e+00
-6.420816148873050189e+00
-6.498586406912460589e+00
-5.325977803779631259e+00
-3.124100530225109029e+00
-7.793127396859910183e-01
7.597907607752114600e-01
1.122176813320775235e+00
5.485319549651186399e-01
-4.898292166424724203e-01
-1.564284442569113365e+00
-2.392679344910288997e+00
-2.842254112094333429e+00
-2.891976237684601880e+00
-2.604337243651892120e+00
-2.076391403760683207e+00
-1.409728260531144750e+00
-6.960452209041975147e-01
-2.503525889596027246e-02
5.014812822629945988e-01
7.206256138479237849e-01
4.176446917186983909e-01
-5.823112570840515145e-01
-2.186622667729753555e+00
-3.917565298082037906e+00
-5.166944409577431507e+00
-5.566486693339965264e+00
-5.096812859761698178e+00
-3.935833883302615188e+00
-2.324461270490050246e+00
-5.226586940960094019e-01
1.207053097773974404e+00
2.672001211883563432e+00
3.787549540020094252e+00
4.571053423214854305e+00
5.067909357736673392e+00
5.258999760996157846e+00
5.023823532808987302e+00
4.208742085805182498e+00
2.835577607631909913e+00
1.245024748726290209e+00
-4.917753090579174424e-02
-6.814862798071360528e-01
-5.848154230762302452e-01
7.841967001713838481e-02
1.060380015332843762e+00
2.099660297319366986e+00
2.947749025207161200e+00
3.407885203278545383e+00
3.365484910107532368e+00
2.815874586657559409e+00
1.855103304646200879e+00
6.653031246721370362e-01
-4.994492230145062273e-01
-1.299651644024692132e+00
-1.345614501188880041e+00
-3.480015528710725947e-01
1.566356569548217337e+00
3.709704222625342052e+00
5.226071942959038985e+00
5.701064299172294625e+00
5.292054782432063398e+00
4.364577990217495262e+00
3.180603767987972841e+00
1.834613175697602960e+00
3.395173027848075176e-01
-1.279138982676450764e+00
-2.930611643558581392e+00
-4.473248236075269446e+00
-5.729853580744888042e+00
-6.469476210349117018e+00
-6.418407050970137639e+00
-5.390886290141030379e+00
-3.563848963961913530e+00
-1.554804777813935113e+00
-6.892247788302519051e-02
5.612086565815083139e-01
4.359515451203840875e-01
-1.512611661144129815e-01
-9.212439716679788893e-01
-1.671437111995349056e+00
-2.268996750659006523e+00
-2.632504614211698346e+00
-2.709221194740710992e+00
-2.470780362781999084e+00
-1.913793129984021402e+00
-1.086103062883218007e+00
-1.103124894688749524e-01
7.835908919347185364e-01
1.251684247926390325e+00
8.978465244305028348e-01
-4.779759456870142365e-01
-2.561286497998972678e+00
-4.536615150011374276e+00
-5.627994241213517768e+00
-5.610444632990614799e+00
-4.742462347805323830e+00
-3.418889178016187191e+00
-1.943782674312030334e+00
-4.968332212822382243e-01
8.385865558023122279e-01
2.049332988927427657e+00
3.168798068473758445e+00
4.217150210782425468e+00
5.120470511158541349e+00
5.657832618342039765e+00
5.500609217126503303e+00
4.436531984855738742e+00
2.653124993006088506e+00
7.778381226533941373e-01
-5.070602485773100243e-01
-8.860050545681072975e-01
-4.711727447401089508e-01
4.130508140188215438e-01
1.432384101136245258e+00
2.327141164953593133e+00
2.927742754280615589e+00
3.144000923866479003e+00
2.966102070342238495e+00
2.447188362716707921e+00
1.687662091393997477e+00
8.068911010296740960e-01
-5.758868443799730619e-02
-7.304702801581385296e-01
-9.610675331167841673e-01
-4.721851981678242827e-01
8.573813045968432522e-01
2.744216313786008943e+00
4.527712175463167732e+00
5.590220290160679006e+00
5.707326254627838935e+00
5.007287490164881838e+00
3.731088526466210809e+00
2.102091319120735768e+00
3.154850457745929648e-01
-1.442305538137560461e+00
-3.015209293483593900e+00
-4.303549548130429336e+00
-5.266280976666475766e+00
-5.862971797368884630e+00
-5.976876333051091450e+00
-5.430075060258021225e+00
-4.149180982802749718e+00
-2.393964774409562679e+00
-7.202507443506190876e-01
3.642816011053593428e-01
6.747146966245790578e-01
3.211429977836860461e-01
-4.562677907964773905e-01
-1.405046449434628641e+00
-2.294891135093056089e+00
-2.930688142490152970e+00
-3.173504104032992768e+00
-2.953388889509200421e+00
-2.282725626159022081e+00
-1.260376873430236300e+00
-8.196868731715159506e-02
9.548616420235747082e-01
1.456170937318339131e+00
1.028474095316589176e+00
-4.713023498837137781e-01
-2.634101449433663866e+00
-4.588695055776090825e+00
-5.598049248767625663e+00
-5.532217162431481761e+00
-4.730643913138108836e+00
-3.586746523028691236e+00
-2.329870133809525345e+00
-1.026504358011387064e+00
3.277590542643417093e-01
1.734574588205283430e+00
3.157067072782381967e+00
4.501769126917265496e+00
5.588153072563506463e+00
6.130637876614835058e+00
5.811250235190293267e+00
4.510611190689144401e+00
2.568140750275447637e+00
7.013390018311519425e-01
-4.536989747337378809e-01
-7.096593078474088268e-01
-2.712805599104984311e-01
5.239863845013618127e-01
1.386447249340639010e+00
2.123711436108401962e+00
2.629006214261907726e+00
2.854575076828469893e+00
2.787891209568895245e+00
2.443894930888108163e+00
1.857577151088058320e+00
1.087824895916017054e+00
2.255697017116739811e-01
-5.701368743455877963e-01
-1.036028536262648903e+00
-8.153197258454956131e-01
3.459235142288401565e-01
2.272725818680875864e+00
4.268891733460752569e+00
5.551261347791168532e+00
5.770641247810683439e+00
5.052718837200337099e+00
3.723372065201949965e+00
2.095575203892508398e+00
4.122640130830416139e-01
-1.156865038478342100e+00
-2.521786230500802528e+00
-3.669895792941108237e+00
-4.623972651818958113e+00
-5.369020898335965519e+00
-5.772050629372241559e+00
-5.572312248841678972e+00
-4.554739314961429919e+00
-2.841664533474022925e+00
-9.906204500180888495e-01
3.440836852427040515e-01
8.262852773966737896e-01
5.177579747668681343e-01
-3.076340354430317503e-01
-1.339002821812910859e+00
-2.302562718651679052e+00
-2.983454178105903409e+00
-3.243541068606593747e+00
-3.036407305594799322e+00
-2.400820813969082757e+00
-1.449098358505227058e+00
-3.561557718624530633e-01
6.395358049329131767e-01
1.225775633006924492e+00
1.054264527511993732e+00
-8.383540206501680081e-02
-1.990022520656160587e+00
-3.987598142241895349e+00
-5.323888219285930923e+00
-5.679518192479974026e+00
-5.209648168276428848e+00
-4.228442754118501234e+00
-2.961105557192387661e+00
-1.513719395007400381e+00
5.356983687167386071e-02
1.663176835569128986e+00
3.210440588209601653e+00
4.578207092059510153e+00
5.631403775036457837e+00
6.177565533063181569e+00
5.974654931695207338e+00
4.887352541818939855e+00
3.122145466507696199e+00
1.263391170943378938e+00
-6.963055314138869023e-02
-5.979075240840868721e-01
-4.120926623879230810e-01
2.245926668953112382e-01
1.048403575424298406e+00
1.855212669131784509e+00
2.501381249142064167e+00
2.887447565579468023e+00
2.951319027812915330e+00
2.664527288214855183e+00
2.046657161791239687e+00
1.169738650330003127e+00
1.702819782330791398e-01
-7.336192124169352846e-01
-1.224862708807986422e+00
-9.357021761407534610e-01
3.422178912179001942e-01
2.342260139844540845e+00
4.303963150697418527e+00
5.470067865632059601e+00
5.581695574433230611e+00
4.851254958854593013e+00
3.628237341440354147e+00
2.189053790849793568e+00
7.029900197001681672e-01
-7.364779115598667492e-01
-2.085703571827390856e+00
-3.328850307174518353e+00
-4.443982255073389176e+00
-5.344952599931174220e+00
-5.835199750275823938e+00
-5.636093010146317361e+00
-4.564424211059278313e+00
-2.806081082176928199e+00
-9.567523391226522289e-01
3.329579146044244764e-01
7.629356496558703515e-01
4.358315308043566039e-01
-3.536110915677290190e-01
-1.303384677913421719e+00
-2.172689187926397647e+00
-2.790284529888759746e+00
-3.053094825127811163e+00
-2.925558766068182770e+00
-2.435989346730663918e+00
-1.660861015374233585e+00
-7.161854759538790471e-01
2.329988803242487583e-01
9.465195113058415544e-01
1.100078597015723192e+00
3.853038641797341679e-01
-1.233228011189047235e+00
-3.289480430063226102e+00
-4.995865662190565715e+00
-5.781047612872378672e+00
-5.583935791696062800e+00
-4.664209819331674112e+00
-3.316355282092961154e+00
-1.748331206761633005e+00
-1.030936823821587828e-01
1.503126752435973046e+00
2.975040808266992354e+00
4.247894288318804001e+00
5.266283799136730615e+00
5.923266615412989822e+00
6.012261492319411538e+00
5.306371040380267523e+00
3.803279130466764357e+00
1.913850803005863632e+00
2.926576130730169090e-01
-5.894679273915703899e-01
-6.563000596609315229e-01
-1.116509495168691024e-01
7.580395424257584391e-01
1.692581390027239729e+00
2.485742672609579706e+00
2.988321043389705167e+00
3.109887019542961539e+00
2.821948989829428545e+00
2.158424043629850964e+00
1.219109263308439939e+00
1.688020122968682535e-01
-7.553749157493137023e-01
-1.238524747538566562e+00
-9.390372837630399649e-01
3.193636292982446334e-01
2.271397921416316468e+00
4.193778442933182582e+00
5.365721002948250273e+00
5.542278033743053278e+00
4.924261059550844699e+00
3.833659819622265541e+00
2.501985257262302031e+00
1.054755888082018922e+00
-4.327368978698632462e-01
-1.897474855139532846e+00
-3.278170003921053954e+00
-4.502733886937881458e+00
-5.454910594065277785e+00
-5.936361929615551425e+00
-5.696117301125043220e+00
-4.597586008001935731e+00
-2.853076487051467325e+00
-1.044335597884618272e+00
2.191274531275654580e-01
6.646902766861864098e-01
3.947300736837224822e-01
-3.148209720082835172e-01
-1.188620361675423842e+00
-2.014361161766968333e+00
-2.640584465068490427e+00
-2.967729490511758161e+00
-2.945191013358695376e+00
-2.570859456880262073e+00
-1.890352050052472421e+00
-9.918473967888147280e-01
-1.659586208166859839e-02
8.144854030241754916e-01
1.179308165206016445e+00
7.203282863004024650e-01
-7.144378408741340891e-01
-2.774833344855978101e+00
-4.668068227955423311e+00
-5.692978729351561462e+00
-5.667237473250032131e+00
-4.829579485384819293e+00
-3.514327147633122372e+00
-1.979803791190174467e+00
-3.898687323828286533e-01
1.148362030616070673e+00
2.566448922430573543e+00
3.827240771140413500e+00
4.898176742322668531e+00
5.690733464476496195e+00
6.004423638386700013e+00
5.569136096836333927e+00
4.267262498642551805e+00
2.396396264929582909e+00
6.104295725750197299e-01
-5.018866731928794955e-01
-7.508835586819577745e-01
-2.994097126188872693e-01
5.531561675582179483e-01
1.517356482725091160e+00
2.363397741114276140e+00
2.925907543422023416e+00
3.107758080235500486e+00
2.880469185916118224e+00
2.278304761537454315e+00
1.393957076058161215e+00
3.751557863971535789e-01
-5.668545837079005389e-01
-1.144147643613083298e+00
-1.020688925025335037e+00
3.435404392134136509e-02
1.874428424597147202e+00
3.866554876428981213e+00
5.250907827341730005e+00
5.657476581049174946e+00
5.198758526503211463e+00
4.178256364023878788e+00
2.848006894012788059e+00
1.356773510899174529e+00
-1.971128096812891084e-01
-1.726882413763514146e+00
-3.154028531367329080e+00
-4.406057959236446386e+00
-5.389685771738763620e+00
-5.940455509708960413e+00
-5.823468527704134701e+00
-4.867321818935378630e+00
-3.206722603272010197e+00
-1.363628087818075540e+00
3.358660997143858573e-02
6.412780928240382483e-01
4.971000839929167747e-01
-1.490969201575750303e-01
-1.019006089788393910e+00
-1.885301449503562488e+00
-2.579426062128120645e+00
-2.984231561517968423e+00
-3.031780033825387299e+00
-2.706608052759731375e+00
-2.046443168987531536e+00
-1.141994410788606640e+00
-1.392434550071723898e-01
7.439771708922603421e-01
1.197312170396697573e+00
8.667718930320930104e-01
-4.336679150912292613e-01
-2.426604943948157622e+00
-4.364114029135290451e+00
-5.515371970043720928e+00
-5.636614376732654641e+00
-4.930093766464093363e+00
-3.724113719814985846e+00
-2.273588838296482173e+00
-7.356142532488827435e-01
7.900354983145406740e-01
2.234925046696113693e+00
3.550480667231689758e+00
4.689921614393146143e+00
5.561097221085596232e+00
5.975937754176401384e+00
5.674670239525333670e+00
4.510924097049421988e+00
2.713414476328643854e+00
8.916496653779578674e-01
-3.378790714440719767e-01
-7.225885295442814327e-01
-3.836115240376829494e-01
3.931916307059338811e-01
1.323233252704510532e+00
2.177249591760877845e+00
2.789016670523455144e+00
3.053364958904051019e+00
2.928534729138927428e+00
2.430635938463297396e+00
1.630416621146492329e+00
6.492646440882022807e-01
-3.291612891370634397e-01
-1.038881870848958444e+00
-1.137714291297748925e+00
-3.260992362827080937e-01
1.380794488551184696e+00
3.449627450226608882e+00
5.072682834624663961e+00
5.729690776113378625e+00
5.427132595551811711e+00
4.463386898229799726e+00
3.133790419278621009e+00
1.629662836909306245e+00
6.808435073681597116e-02
-1.462040942710963742e+00
-2.889018856875161134e+00
-4.156993084451238829e+00
-5.197629263992267212e+00
-5.873660190584370611e+00
-5.951926789729525602e+00
-5.205100240583364624e+00
-3.660240702323863893e+00
-1.766964887231176284e+00
-1.886855158684762890e-01
6.221856789280567623e-01
6.211379810258498280e-01
3.573749988733129074e-02
-8.396781809258473395e-01
-1.749962617746510407e+00
-2.503879124927427036e+00
-2.968924337587123485e+00
-3.069082165476171742e+00
-2.784847573486834538e+00
-2.153905169822622589e+00
-1.266147456869801902e+00
-2.660885801168709208e-01
6.385450245690691418e-01
1.157063343507767961e+00
9.481888450104534183e-01
-2.046352793872946718e-01
-2.104713399654429384e+00
-4.072487259252664415e+00
-5.358469461001253542e+00
-5.644377469399097791e+00
-5.076618986505460285e+00
-3.965788970123910406e+00
-2.566837315618163196e+00
-1.040210111937017290e+00
5.066332890091111985e-01
1.992143129158019610e+00
3.353115944563136441e+00
4.534307960708606977e+00
5.449578073173499959e+00
5.932085226745907214e+00
5.739841280684702340e+00
4.707889951219191182e+00
2.999131181501498489e+00
1.165887722863229614e+00
-1.659570813587997740e-01
-6.848915340035881538e-01
-4.602426472694398640e-01
2.446048792892747126e-01
1.148176313319032804e+00
2.019849927651806265e+00
2.686804570146341220e+00
3.032073194945621442e+00
2.997012836816090875e+00
2.581853130892104442e+00
1.841611107627391997e+00
8.842446129540910693e-01
-1.224639092748854158e-01
-9.302327760775433996e-01
-1.203411367095876594e+00
-6.063823670412036293e-01
9.432881118337979043e-01
3.016282818461585968e+00
4.806243818241521026e+00
5.684662541141922709e+00
5.554955202376092416e+00
4.689720423371895208e+00
3.407980559282349997e+00
1.928158219435992526e+00
3.791616460049149762e-01
-1.151202212986475182e+00
-2.594405142635193062e+00
-3.896832433745387014e+00
-4.998543490440554571e+00
-5.779684219899502651e+00
-6.019537777130385514e+00
-5.464748500498815886e+00
-4.060523758284263707e+00
-2.171922511248168153e+00
-4.633884860990025167e-01
5.319679757750672700e-01
6.863350209837651983e-01
1.928723508889607918e-01
-6.504138482675575483e-01
-1.573538829337753020e+00
-2.369571249298142224e+00
-2.894517608453091029e+00
-3.062897435098360432e+00
-2.847265301153564909e+00
-2.274942827191007044e+00
-1.427175581003029992e+00
-4.367720562588040534e-01
5.003876048862676562e-01
1.107284935885986865e+00
1.043783985015666271e+00
5.155252451324932039e-02
-1.761475143377533081e+00
-3.781402956600693255e+00
-5.225933177543801378e+00
-5.682642381856758185e+00
-5.236180433739099804e+00
-4.193238167470231481e+00
-2.825725196873887235e+00
-1.308395512882049694e+00
2.441060546454575098e-01
1.745579620612026428e+00
3.129804072880304933e+00
4.344269652011596428e+00
5.313739079831631962e+00
5.886971274193133041e+00
5.826877461266889213e+00
4.937227588035566939e+00
3.310873700321329771e+00
1.448744997859918726e+00
-3.018675913708067284e-03
-6.626587556222391928e-01
-5.444421395770749905e-01
1.047110753517827841e-01
9.973488407132626854e-01
1.891510994467803020e+00
2.605094091715143723e+00
3.011963001050121047e+00
3.043927176672696966e+00
2.691340829459258011e+00
2.002305867500540071e+00
1.075881812675816063e+00
6.738037397592848421e-02
-7.959986830398830815e-01
-1.198778504815625645e+00
-7.951938806121787717e-01
5.702658690573892963e-01
2.581643817339486890e+00
4.480279224950379557e+00
5.565692977306551548e+00
5.632857552681936220e+00
4.900673120779226011e+00
3.690557910871818059e+00
2.240457698627084326e+00
6.935526414959383157e-01
-8.531719655184141216e-01
-2.324246165348467841e+00
-3.660379151872164005e+00
-4.804085592099887947e+00
-5.653869747966076886e+00
-6.014804830919320722e+00
-5.633641545267264128e+00
-4.394653774430906878e+00
-2.568386204366412962e+00
-7.798028142113707650e-01
3.824358829277134664e-01
7.055962735090224314e-01
3.307978694093591243e-01
-4.558035825209210135e-01
-1.376892803855114256e+00
-2.213431700456770290e+00
-2.807170624336174924e+00
-3.057808535801573413e+00
-2.923634232299205049e+00
-2.419094513850957195e+00
-1.613229529278917385e+00
-6.292089481200209278e-01
3.477076590890447183e-01
1.050401587670572789e+00
1.137000203125245301e+00
3.110241254775596431e-01
-1.403880061667546864e+00
-3.464266327620458608e+00
-5.064006517589957568e+00
-5.695607524255234644e+00
-5.376352445801451552e+00
-4.406164606207721768e+00
-3.079067988397091948e+00
-1.584855737458982006e+00
-4.041512155631110659e-02
1.469222469989340363e+00
2.878836283057544687e+00
4.135444019025405815e+00
5.170322340423740393e+00
5.843339920584440961e+00
5.920692964362401334e+00
5.176064101839664922e+00
3.637487930961261995e+00
1.752149186981100559e+00
1.827537628150852633e-01
-6.208105577182820856e-01
-6.146704350690567198e-01
-2.738316365467779664e-02
8.465737871841334528e-01
1.754024232231625513e+00
2.503719095939464179e+00
2.963450634627870173e+00
3.057782847810169624e+00
2.769909111539702540e+00
2.138308417054767929e+00
1.252534123193051796e+00
2.547232771309221877e-01
-6.472541780552166779e-01
-1.159218243605476095e+00
-9.347049211016843495e-01
2.419575821312655028e-01
2.164983981351317421e+00
4.141889027741859408e+00
5.418662054070509271e+00
5.682606727278659342e+00
5.087491737207507470e+00
3.950127998173018185e+00
2.528590878313945467e+00
9.851879595037270620e-01
-5.725211171103358199e-01
-2.061456371012083455e+00
-3.419101988638164169e+00
-4.593167669602898684e+00
-5.499354488102699001e+00
-5.967776881458277671e+00
-5.750762699704306868e+00
-4.684484006178969651e+00
-2.946331459542510522e+00
-1.105554165032652580e+00
2.108103700571301864e-01
7.025304482167122888e-01
4.508425960573234637e-01
-2.745940567237521446e-01
-1.190177087877196449e+00
-2.063143237816514652e+00
-2.720955594555505730e+00
-3.049280297619909597e+00
-2.992561201477636601e+00
-2.554345576240448779e+00
-1.794186226685920760e+00
-8.259964389630551906e-01
1.761858067324602317e-01
9.600131746591989979e-01
1.190665294548932218e+00
5.453105888670428669e-01
-1.034029414814886971e+00
-3.095836143759171044e+00
-4.838569977137687772e+00
-5.663542476048466945e+00
-5.501397147727072223e+00
-4.627907039953414348e+00
-3.352327175991194785e+00
-1.881744566298700461e+00
-3.398267235608956049e-01
1.186520186142860922e+00
2.627302569830310297e+00
3.926722563838288771e+00
5.019375894997145870e+00
5.779647737317366918e+00
5.986540387372796701e+00
5.396791025793679530e+00
3.974169199420088727e+00
2.096351503854004594e+00
4.214624312475947487e-01
-5.360836317172475995e-01
-6.645279771423292514e-01
-1.616885099706881490e-01
6.783815248815998622e-01
1.592072780294956802e+00
2.378357470286066366e+00
2.895925242308877490e+00
3.059982089826998486e+00
2.842966789536498062e+00
2.271802459987699141e+00
1.425724467437242460e+00
4.357317286763405240e-01
-5.031184905174986843e-01
-1.112435837755995083e+00
-1.046535943733450935e+00
-4.383428388671965076e-02
1.784360214002912004e+00
3.814626136053194116e+00
5.258187994330030257e+00
5.702854591704250353e+00
5.238134962700982555e+00
4.175718386564504669e+00
2.792586872161407996e+00
1.266253546859544832e+00
-2.883886022997387832e-01
-1.786859325085532912e+00
-3.165519293310277593e+00
-4.374478172504025153e+00
-5.339999232571893906e+00
-5.909644493250168829e+00
-5.841980883511117995e+00
-4.936630879731503718e+00
-3.291548200640136645e+00
-1.418354287454187013e+00
3.065766693805956761e-02
6.775384532717239061e-01
5.437232481284649532e-01
-1.189819924463810519e-01
-1.020621083840471677e+00
-1.916925255478988843e+00
-2.624882080426192754e+00
-3.019472871591548202e+00
-3.034930720226733936e+00
-2.665048528975547448e+00
-1.960394747917611369e+00
-1.023854161238218596e+00
-1.546876846261279782e-02
8.316113379567391384e-01
1.198506205192826801e+00
7.456443397935473838e-01
-6.629933449661927769e-01
-2.684457664108098385e+00
-4.551673567967556622e+00
-5.584433152948808932e+00
-5.606901584891185841e+00
-4.850411095810614803e+00
-3.632338615534286497e+00
-2.181727551625538108e+00
-6.374627281235228926e-01
9.062211240403837964e-01
2.373499944792911265e+00
3.704773499049945240e+00
4.840420146411797298e+00
5.673913309461855015e+00
6.005365577603723359e+00
5.583299204732797172e+00
4.309229169956136474e+00
2.474456383002792137e+00
7.096317267649899785e-01
-4.118102417249009939e-01
-6.973408149026342207e-01
-2.985552265118378568e-01
4.969851015967892693e-01
1.415430898782884750e+00
2.242587304011617988e+00
2.823834649008765574e+00
3.062230178775589895e+00
2.917141395833746653e+00
2.405409674619501725e+00
1.596863938535568961e+00
6.144758134945302874e-01
-3.573608703538485587e-01
-1.052705347485784815e+00
-1.129605394496638215e+00
-2.934027515881968418e-01
1.427380483725890992e+00
3.484814601826587310e+00
5.074295085650513570e+00
5.694561305147687769e+00
5.365928093342568594e+00
4.387612055430985869e+00
3.052006915408673748e+00
1.550609372965414456e+00
1.719964198695485887e-03
-1.508622561802695827e+00
-2.914689334369363838e+00
-4.164226731800027892e+00
-5.189573254243491363e+00
-5.851267615383171972e+00
-5.916615353381375897e+00
-5.160954613748145015e+00
-3.615845720615078918e+00
-1.731238086475614946e+00
-1.693657805560736529e-01
6.243649555274308760e-01
6.105867238446733847e-01
1.869404066855684388e-02
-8.577069359331069842e-01
-1.765964680768531858e+00
-2.513828017056373376e+00
-2.968302311156844731e+00
-3.054439974365757315e+00
-2.756158289599543565e+00
-2.112653315012033683e+00
-1.216071316212189890e+00
-2.122939964770972909e-01
6.850749272934667511e-01
1.174563955864278197e+00
9.087391717194009955e-01
-3.152527821070471026e-01
-2.264811238918387204e+00
-4.228649164099002711e+00
-5.461917196295451582e+00
-5.677446016411421326e+00
-5.048172117812765869e+00
-3.894630778736032362e+00
-2.469822318389123250e+00
-9.293519858555896462e-01
6.230169404448357984e-01
2.107733372508067582e+00
3.463075065153406129e+00
4.635503446047239962e+00
5.534783066961785458e+00
5.983355172298016278e+00
5.729784683193812178e+00
4.620772383454437637e+00
2.857290898021628944e+00
1.024900430503754345e+00
-2.562504763770808158e-01
-7.064374957186713155e-01
-4.228500648281190433e-01
3.190811105782070944e-01
1.235997895996664209e+00
2.099282548968123052e+00
2.741250427541034096e+00
3.051973925869891691e+00
2.979586757707691547e+00
2.530162792801478933e+00
1.764979249602752542e+00
7.985479707768826652e-01
-1.954882855617739168e-01
-9.658214186522916522e-01
-1.179424329604737087e+00
-5.169549434577375147e-01
1.071903168614830371e+00
3.128657821827561580e+00
4.853849457594965777e+00
5.659767831669209492e+00
5.483950688554094732e+00
4.601526392827437917e+00
3.318126559016107979e+00
1.840343326540555990e+00
2.939658098480076309e-01
-1.231685222907495492e+00
-2.666506964873322616e+00
-3.954863082672019914e+00
-5.033302085252864266e+00
-5.777630697983367369e+00
-5.968409293113794867e+00
-5.365129547060598192e+00
-3.936673621315823546e+00
-2.063409607793539990e+00
-4.008475552909556705e-01
5.429287369404925956e-01
6.610293536691831395e-01
1.519826098108706947e-01
-6.914072188007903685e-01
-1.606782090996813350e+00
-2.392521201182476354e+00
-2.907101228853392616e+00
-3.064486100653606826e+00
-2.837824431616488674e+00
-2.255921286291295846e+00
-1.399607095560072123e+00
-4.033398750912925435e-01
5.342646581686762985e-01
1.128846623734404142e+00
1.031990070105754276e+00
-9.245693896306523066e-03
-1.863914815067122976e+00
-3.890193175341307263e+00
-5.302253083868550654e+00
-5.707813832528281672e+00
-5.213678328094595749e+00
-4.135326215413452466e+00
-2.746470882448708739e+00
-1.219819859732204304e+00
3.342882083459935982e-01
1.832721079465646330e+00
3.212171718285300681e+00
4.421113358067785271e+00
5.381764924038459519e+00
5.935987620680798216e+00
5.837812884180248574e+00
4.894453196017344965e+00
3.221997385370590550e+00
1.349444613959716488e+00
-7.340479284065459797e-02
-6.856526820129960065e-01
-5.238125936565856122e-01
1.544221174210149150e-01
1.058778591957511006e+00
1.948305501151012642e+00
2.643396195542735416e+00
3.022917947368754632e+00
3.023709471092176138e+00
2.642159881704996938e+00
1.929154252430225647e+00
9.896869618672525792e-01
-1.522120084105596342e-02
-8.506431247782106908e-01
-1.196486250678287844e+00
-7.157920495579469522e-01
7.168378497780860670e-01
2.743186064139741198e+00
4.591059579666929125e+00
5.592540080763579446e+00
5.587184709487599932e+00
4.812635134009867421e+00
3.584617973238378497e+00
2.129870833761423832e+00
5.857277863786805039e-01
-9.532345629286912425e-01
-2.412315071767170416e+00
-3.733764501090933052e+00
-4.858657103838618596e+00
-5.678816808970165830e+00
-5.992022096467867875e+00
-5.549021093191656817e+00
-4.257782498801205406e+00
-2.419791216585606808e+00
-6.685357723676215169e-01
4.308575023495453404e-01
6.947349335100312384e-01
2.813464350064532882e-01
-5.212532924607387042e-01
-1.440684009374683550e+00
-2.263909612842081476e+00
-2.837868068064590243e+00
-3.066019350533537580e+00
-2.910108321636892370e+00
-2.388541118979413458e+00
-1.573246847443147578e+00
-5.885639873542335421e-01
3.795420915505570703e-01
1.063161961487831597e+00
1.118827500162317579e+00
2.565566017070986526e-01
-1.482817145460257224e+00
-3.539296712777953324e+00
-5.108757915418951967e+00
-5.702906820621985950e+00
-5.352866323806710014e+00
-4.360792812139329122e+00
-3.016452756304930816e+00
-1.509384885915917351e+00
4.371185000345837596e-02
1.556270857610206670e+00
2.961595791578598647e+00
4.207423693755664829e+00
5.224580234732123074e+00
5.871772968572416040e+00
5.914315737707140919e+00
5.131798406737649643e+00
3.566089267096674398e+00
1.679963212050274102e+00
1.350606400135548335e-01
-6.345892036185506457e-01
-6.006865791642986840e-01
3.413231386469352258e-03
8.842108859860559056e-01
1.790739473676617566e+00
2.531934184359599271e+00
2.976530970007102983e+00
3.051091959457454372e+00
2.740474681428533898e+00
2.085639051308374903e+00
1.180716881007177088e+00
1.741317777122131372e-01
-7.156470422103070606e-01
-1.183634778348352956e+00
-8.831260847580107987e-01
3.768661187731061069e-01
2.342482768555727013e+00
4.289791768074561418e+00
5.484652394741114989e+00
5.662071419614306933e+00
5.007764680883363795e+00
3.843041652988506751e+00
2.416003418191006613e+00
8.784964388781929534e-01
-6.688595541706454650e-01
-2.147807233002110738e+00
-3.498115801299580330e+00
-4.664732285255237976e+00
-5.554487900830995528e+00
-5.984303270687583165e+00
-5.701877717688332403e+00
-4.563448823156405432e+00
-2.786253335004225562e+00
-9.647908912625889899e-01
2.877558355689960323e-01
7.073311122735884693e-01
4.017289795486685411e-01
-3.508565841402547791e-01
-1.268048461017001305e+00
-2.124548018639402791e+00
-2.755503499161587211e+00
-3.053706674308837687e+00
-2.969593358350480106e+00
-2.511249053701542167e+00
-1.741448785196619831e+00
-7.749380870721366277e-01
2.144214297589620843e-01
9.742767635751432564e-01
1.171085741594325214e+00
4.875770649383205924e-01
-1.117326586000533473e+00
-3.175348992544723359e+00
-4.885649410989420183e+00
-5.669582696809354339e+00
-5.474544089966834726e+00
-4.577896135754672358e+00
-3.283883892622120548e+00
-1.798301461767969123e+00
-2.474671586258827549e-01
1.278513610472389983e+00
2.709293031765144910e+00
3.990448952482060996e+00
5.059090277192336949e+00
5.790092067354730254e+00
5.963591100124030930e+00
5.340676823505660309e+00
3.896569046909139633e+00
2.020655023809244888e+00
3.697791366789867640e-01
-5.553498310807737370e-01
-6.563294828837153982e-01
-1.358352934516754984e-01
7.136487520610160784e-01
1.630431385157453894e+00
2.412815577231808284e+00
2.919979439428336931e+00
3.066835755389305085e+00
2.827597409382947014e+00
2.232884790598313796e+00
1.366468568516287618e+00
3.654201567748199819e-01
-5.672808790041052873e-01
-1.143085133887770999e+00
-1.013541623811366144e+00
6.562143870076647678e-02
1.941895437632336296e+00
3.958249759577805893e+00
5.335059153453554082e+00
5.701931143483307096e+00
5.180674049051378738e+00
4.089186410115871695e+00
2.696618930246984736e+00
1.170521926432653403e+00
-3.816160078886413620e-01
-1.877764867842690588e+00
-3.255227996688303982e+00
-4.460677160403993646e+00
-5.413144117312760351e+00
-5.949534693261770535e+00
-5.821453588393780798e+00
-4.844084831672407887e+00
-3.151352341546744373e+00
-1.284193301108391916e+00
1.111632991346757499e-01
6.906546147967297378e-01
5.041107940602590487e-01
-1.864493800785385902e-01
-1.092180761308439108e+00
-1.975219716937398173e+00
-2.659144137915757877e+00
-3.025840229480027066e+00
-3.014545763352018515e+00
-2.622921195168840924e+00
-1.903587753134480476e+00
-9.619048905239413472e-01
4.003241501591159324e-02
8.660198765780366958e-01
1.194484400553194270e+00
6.902783903000898613e-01
-7.636434321238805278e-01
-2.795209907443339414e+00
-4.628254468974207114e+00
-5.603811655224652633e+00
-5.574736680002663647e+00
-4.783705496671258217e+00
-3.545251377396117842e+00
-2.084484056678968411e+00
-5.385887171767822501e-01
9.981593316025233475e-01
2.451688086227066243e+00
3.765658630804467499e+00
4.881334997373162565e+00
5.689601201584223666e+00
5.986534125332459766e+00
5.522877103599282300e+00
4.214419202637801121e+00
2.371292333497160509e+00
6.304813746569735144e-01
-4.489344976241015361e-01
-6.930419037440161967e-01
-2.658101254991887541e-01
5.440745424742204905e-01
1.465026288373145080e+00
2.284652147557662438e+00
2.851001828038311814e+00
3.068683598516295685e+00
2.901113848859752764e+00
2.368315548737333742e+00
1.544452736737299769e+00
5.559355824827247883e-01
-4.084649277113247545e-01
-1.077329691409605106e+00
-1.106197211751706266e+00
-2.108841195331496166e-01
1.551332298954510414e+00
3.604879155685828174e+00
5.147173932095393312e+00
5.707234981144264196e+00
5.331113226987477915e+00
4.323922926859482985e+00
2.972579953534872921e+00
1.462186770914310596e+00
-9.170092848744514080e-02
-1.603192599221749504e+00
-3.006409370926558022e+00
-4.248257130082550681e+00
-5.257410841676303903e+00
-5.888849818736877850e+00
-5.906096500101532421e+00
-5.092397995582387260e+00
-3.504743796185081361e+00
-1.618688980903336683e+00
-9.498211721462898605e-02
6.454136874551744674e-01
5.872492940171663012e-01
-3.042649392279917278e-02
-9.156140263721781469e-01
-1.818306537141932022e+00
-2.551244459163446443e+00
-2.984478840181335357e+00
-3.046658610243072385e+00
-2.724457834676830892e+00
-2.060421529087198778e+00
-1.150041354779778313e+00
-1.435222899000654639e-01
7.378286512598211111e-01
1.187305828367831495e+00
8.589708145188453825e-01
-4.284933819168967317e-01
-2.405099001898340028e+00
-4.337903173638181009e+00
-5.502289176410582350e+00
-5.649970524826026796e+00
-4.975724024469443840e+00
-3.800230045824270153e+00
-2.368696998625010153e+00
-8.306378444879327638e-01
7.145036630595356097e-01
2.188935958150952654e+00
3.533250010276088204e+00
4.692449681289483365e+00
5.571729932613567193e+00
5.984216269365493446e+00
5.678216318829145237e+00
4.516901341606653908e+00
2.729679746128859108e+00
9.179280455516688475e-01
-3.115125455185041026e-01
-7.066804565147170036e-01
-3.838479947497734357e-01
3.768915931660810625e-01
1.295173059798796711e+00
2.147121932033943636e+00
2.769679895941179470e+00
3.056849320665099956e+00
2.961231458672354488e+00
2.492794210946032596e+00
1.715495986564421260e+00
7.453860414660815614e-01
-2.411314312332212273e-01
-9.896134468049615496e-01
-1.164925530357289629e+00
-4.530838421659630355e-01
1.175148088757925757e+00
3.235581086097259806e+00
4.925369828930620031e+00
5.679585354031089217e+00
5.458701300547495805e+00
4.545634563085465984e+00
3.242100962125316954e+00
1.751808314845539449e+00
1.993496837650485520e-01
-1.325829354607948485e+00
-2.753291069276935676e+00
-4.029191685771154496e+00
-5.089711478143514434e+00
-5.807729516884861276e+00
-5.960040507563197032e+00
-5.310405835383390283e+00
-3.844652093990650776e+00
-1.964296654252857488e+00
-3.290228316080810456e-01
5.711548172174070181e-01
6.495221149424641460e-01
1.142650173834514615e-01
-7.413093863296349451e-01
-1.656742734275583384e+00
-2.433141209124033200e+00
-2.930113685269411405e+00
-3.064980023387069430e+00
-2.813469469167145576e+00
-2.208060804651492237e+00
-1.334367812495817152e+00
-3.315986717848098397e-01
5.946168848759755265e-01
1.152577876995200423e+00
9.940868586346294222e-01
-1.164200130143061424e-01
-2.009516702873307636e+00
-4.015342979802290380e+00
-5.361069064501921666e+00
-5.694748830436199505e+00
-5.150554033364062256e+00
-4.047109217782507429e+00
-2.649409697057267365e+00
-1.122316609763717166e+00
4.284049421407663538e-01
1.921250515378894796e+00
3.294069528674920644e+00
4.493398642702783441e+00
5.436192469080094902e+00
5.955220032405289743e+00
5.802033081980217943e+00
4.797298631323858586e+00
3.089470885260829025e+00
1.229362458990914009e+00
-1.423097423204187362e-01
-6.945291522241916482e-01
-4.873319146019941539e-01
2.138966124846324590e-01
1.121394474364361571e+00
1.999987422308166840e+00
2.675248413836691430e+00
3.030561150005163462e+00
3.007581661848896637e+00
2.605737353458920769e+00
1.878771092195648196e+00
9.335338812791327268e-01
-6.673307947782157468e-02
-8.830859532381306609e-01
-1.192343744330031097e+00
-6.612416332534497565e-01
8.164153451876082768e-01
2.854244644326029423e+00
4.670641993034960748e+00
5.617631336594023139e+00
5.562418077538844763e+00
4.753664923778743834e+00
3.505045893730493578e+00
2.039002941305462002e+00
4.910886442561834819e-01
-1.044619425594469186e+00
-2.494674801077146231e+00
-3.802947726070994516e+00
-4.910818105815380363e+00
-5.706979717429443433e+00
-5.985403932311012198e+00
-5.497405504369228701e+00
-4.166914010653847811e+00
-2.316339455602503428e+00
-5.878900890019541636e-01
4.683335417169566250e-01
6.900438187313181482e-01
2.473076881730793819e-01
-5.698673762168460222e-01
-1.491228632079543814e+00
-2.306078173782631247e+00
-2.863472150676557693e+00
-3.069868569173505701e+00
-2.890169697418966344e+00
-2.346377477880944973e+00
-1.514625229251546079e+00
-5.231066171653618868e-01
4.368361895817205465e-01
1.090374611340818145e+00
1.092382339853918749e+00
1.651488737932068351e-01
-1.618471005339903179e+00
-3.667429090814240844e+00
-5.182115312317931988e+00
-5.708114489051056673e+00
-5.306254342298649895e+00
-4.284551834283345961e+00
-2.926633528375589322e+00
-1.414218277294627235e+00
1.391106051322426596e-01
1.648571172048101774e+00
3.047986889156234724e+00
4.284600196762053947e+00
5.284582177270562120e+00
5.900740674323755819e+00
5.893271243045188790e+00
5.051422043780359417e+00
3.444293058538880459e+00
1.560072094772401163e+00
5.780437892459430738e-02
-6.546790363501390209e-01
-5.739245733764437585e-01
5.700705863107796006e-02
9.458118049851035325e-01
1.845376208202370583e+00
2.569888898847791481e+00
2.991975179975679744e+00
3.042131421866079766e+00
2.708404149129076899e+00
2.035810828545816520e+00
1.120584837231862529e+00
1.148318778101751758e-01
-7.585652270291187715e-01
-1.190042332476233256e+00
-8.351103810908523384e-01
4.785749740159411791e-01
2.465186202623661504e+00
4.384280030658348259e+00
5.519917059936791937e+00
5.639716961894914782e+00
4.946378002068575697e+00
3.760358438924911617e+00
2.323186960498633713e+00
7.831342297013943465e-01
-7.607414730041730522e-01
-2.231386316247833346e+00
-3.570684562625931591e+00
-4.722711127487587035e+00
-5.590502576805608470e+00
-5.985336060573860806e+00
-5.655519929650799860e+00
-4.470933585943877908e+00
-2.673598379504388500e+00
-8.714297950863383324e-01
3.355113847327698129e-01
7.069810298700374140e-01
3.674262473990331790e-01
-4.021161901202662814e-01
-1.321673982326987185e+00
-2.169313119860219352e+00
-2.783387211476001433e+00
-3.059779947903716657e+00
-2.952559788504934613e+00
-2.473221227122782473e+00
-1.687777536325684169e+00
-7.139711020234789096e-01
2.696511900498879122e-01
1.006108523273640865e+00
1.157344789607666291e+00
4.143978816467986936e-01
-1.238023959722422740e+00
-3.299725404623887748e+00
-4.966135428076515090e+00
-5.687423194426027173e+00
-5.439688869453397579e+00
-4.509829086662541897e+00
-3.198092878241043380e+00
-1.704160793799056162e+00
-1.514943540284021117e-01
1.371786569168524483e+00
2.795703287728121378e+00
4.066586852263440299e+00
5.119285353897200963e+00
5.823809938670073016e+00
5.954050170938573139e+00
5.276109314249565863e+00
3.788104084328459908e+00
1.904908540536030204e+00
2.873231271899622241e-01
-5.855994626589847707e-01
-6.399674364805368887e-01
-8.991435933974949168e-02
7.711569217702479717e-01
1.684845926904458890e+00
2.453946275115379549e+00
2.940183243982958938e+00
3.062917631181295786e+00
2.799737782374761785e+00
2.184659352763775431e+00
1.304598058787236559e+00
3.011282025185455513e-01
-6.185526175530043913e-01
-1.159666996670196903e+00
-9.744666213006585309e-01
1.646650273946973497e-01
2.072390673843923281e+00
4.068137656832374383e+00
5.385458281109815282e+00
5.689179051494444472e+00
5.123335717555969282e+00
4.007796874030629120e+00
2.604239115946995309e+00
1.074964467670834978e+00
-4.745779750539897424e-01
-1.964428160942587542e+00
-3.332443166720401084e+00
-4.524997356543636329e+00
-5.457449146663210904e+00
-5.959851830895264158e+00
-5.782692613471011711e+00
-4.753134447180708655e+00
-3.031663403571049020e+00
-1.178115282104538863e+00
1.715034597510334269e-01
6.986920724559273488e-01
4.726671465658007776e-01
-2.386390791518890886e-01
-1.148815575790441024e+00
-2.023870934667669097e+00
-2.691254855882502461e+00
-3.036187090780793074e+00
-3.001807960988176038e+00
-2.588893318564660984e+00
-1.853463995849483181e+00
-9.038993536959328834e-01
9.490844409296000928e-02
9.014432143908904793e-01
1.189673922627967340e+00
6.292468887127951049e-01
-8.745444644256907818e-01
-2.918602649408434502e+00
-4.715808560482281031e+00
-5.631371647152247029e+00
-5.548255452946985855e+00
-4.721449901941389804e+00
-3.463059573135561120e+00
-1.992752430225570359e+00
-4.436566913547744240e-01
1.090731111602140979e+00
2.537553545798878485e+00
3.841093141593570071e+00
4.941820222960101816e+00
5.725908045826091808e+00
5.984224328731799325e+00
5.469624541666124884e+00
4.115537369098794862e+00
2.258079155103796865e+00
5.434804393849005377e-01
-4.872066280285440865e-01
-6.846008639013148045e-01
-2.257912015512615334e-01
5.984365004058695980e-01
1.519195092959053639e+00
2.327812696267354209e+00
2.875223357583966965e+00
3.069816884253442790e+00
2.878379958909294434e+00
2.324305792983985430e+00
1.485257471584062516e+00
4.914385346374684493e-01
-4.634788471460726256e-01
-1.102101991270661330e+00
-1.078692189296195370e+00
-1.207688149641736458e-01
1.682198098594412272e+00
3.725881711106100891e+00
5.213743342698411887e+00
5.707837914517984501e+00
5.281877571102113755e+00
4.246219676165252643e+00
2.881492608167515179e+00
1.366569593047863851e+00
-1.862449402297544077e-01
-1.692809334764677764e+00
-3.087935142036804859e+00
-4.318302936515905799e+00
-5.309733554121745414e+00
-5.910402712710964401e+00
-5.879922782974150053e+00
-5.011553308999731726e+00
-3.387012015074656990e+00
-1.505410234806667358e+00
-2.345444173531829879e-02
6.627333716582233247e-01
5.607077766337886793e-01
-8.234280413386405040e-02
-9.746224229292917984e-01
-1.871179381578985224e+00
-2.587896361616765173e+00
-2.999391033838010756e+00
-3.037730170395555707e+00
-2.693050303631802311e+00
-2.011273671066414970e+00
-1.090708870844441014e+00
-8.537428275446394543e-02
7.798030060932316099e-01
1.192638941149523957e+00
8.099250589020210445e-01
-5.311469321455190018e-01
-2.528177406062148247e+00
-4.432596279275115236e+00
-5.538543263694528207e+00
-5.629622510051347284e+00
-4.916724208714975397e+00
-3.719732491822532516e+00
-2.277187328143772227e+00
-7.355395716745367629e-01
8.074650693058906814e-01
2.275264116053313135e+00
3.609547837850889618e+00
4.754577049067695960e+00
5.610955469315963562e+00
5.987670189153385891e+00
5.632286976696152969e+00
4.423416284761012562e+00
2.615820551684443274e+00
8.241282802530461860e-01
-3.590893115402815083e-01
-7.060961635924869473e-01
-3.490237438352233323e-01
4.287588262305619402e-01
1.349123356207787561e+00
2.191897857775555458e+00
2.797158097598565707e+00
3.062497660619253548e+00
2.943285330862501770e+00
2.453327293592737046e+00
1.659509575129752390e+00
6.823739891892977028e-01
-2.981766700589305041e-01
-1.021694138090396775e+00
-1.149222188604428263e+00
-3.755786062909180489e-01
1.300088838232547284e+00
3.361763669335723570e+00
5.004194211313811813e+00
5.692844207604474960e+00
5.418711268773858336e+00
4.473094069415981089e+00
3.153661614742122588e+00
1.656612606555791123e+00
1.038321449528337437e-01
-1.417108498929346094e+00
-2.837119254572050497e+00
-4.102806951807012048e+00
-5.147237595374192232e+00
-5.837441459735070559e+00
-5.945623915132205894e+00
-5.240617339675128328e+00
-3.731850229452155610e+00
-1.846811135071804166e+00
-2.473354376795240395e-01
5.990922021814983900e-01
6.304944219881449818e-01
6.621460902705020302e-02
-7.997466399921443481e-01
-1.711447850201336385e+00
-2.473483044782269769e+00
-2.949297708935059159e+00
-3.060185233805698068e+00
-2.785310416992739402e+00
-2.160943035193227946e+00
-1.275222615148947192e+00
-2.708679052451277713e-01
6.415871891484479228e-01
1.165807863829688928e+00
9.540490031336497090e-01
-2.135023784139495895e-01
-2.135771423418769022e+00
-4.121046848230603743e+00
-5.410153858301526952e+00
-5.683851871698578861e+00
-5.096762122183966959e+00
-3.969102622531118119e+00
-2.559623503823484914e+00
-1.028004834706220949e+00
5.210585844299339131e-01
2.008121653683283103e+00
3.371519133884012476e+00
4.557649751233658897e+00
5.479945372858593622e+00
5.965595213945956488e+00
5.764510770837915743e+00
4.709793803733773210e+00
2.974810433586624114e+00
1.127730417349319225e+00
-1.994791444778982736e-01
-7.014941909677707699e-01
-4.564835214134767005e-01
2.649584486511342707e-01
1.177167312759356932e+00
2.048372223680986703e+00
2.707636722810396357e+00
3.041410489380765636e+00
2.995182393859987968e+00
2.571061473315105594e+00
1.826862977225146345e+00
8.724993467116296531e-01
-1.245635213797932767e-01
-9.203564652423606995e-01
-1.186902226784608994e+00
-5.963612864483569531e-01
9.331345775279387134e-01
2.982219493497167750e+00
4.759369686142450817e+00
5.643026323450028414e+00
5.531704672622983487e+00
4.687102866672615775e+00
3.419710729611477706e+00
1.945357229225534779e+00
3.956669503264371723e-01
-1.136962685306094123e+00
-2.580608526694672555e+00
-3.879113345075868580e+00
-4.972389657720534650e+00
-5.744183052881197682e+00
-5.981939405937106713e+00
-5.440433559933074648e+00
-4.062895820891688992e+00
-2.199455235197252279e+00
-4.994237425825462373e-01
5.053823130600967328e-01
6.785706819235707288e-01
2.038971840778999178e-01
-6.271477217360417189e-01
-1.547003952569809604e+00
-2.349280736265378255e+00
-2.886929143989648505e+00
-3.069783766264424507e+00
-2.866219893195746771e+00
-2.302186546194817218e+00
-1.456064430189103254e+00
-4.602652453435184254e-01
4.895861365962967948e-01
1.113448752783156470e+00
1.064378965236397301e+00
7.713572610936747509e-02
-1.744217563896974799e+00
-3.782154239476379409e+00
-5.243447076156233955e+00
-5.706693327121836745e+00
-5.257388179964737063e+00
-4.208063896031485562e+00
-2.836615920809286262e+00
-1.318908984852530830e+00
2.337764287981948519e-01
1.737703189454524955e+00
3.128185352028043376e+00
4.352548198548381819e+00
5.334443209135920405e+00
5.919674168385054891e+00
5.866146690761254945e+00
4.971354307250785531e+00
3.330165151078148256e+00
1.451296892246940917e+00
-9.951975963697120425e-03
-6.707760844427906877e-01
-5.481100628922045415e-01
1.064368440781481989e-01
1.002240556996060628e+00
1.895982048652113727e+00
2.605286029610706766e+00
3.006188044618633981e+00
3.032563362130892060e+00
2.676673830499108675e+00
1.986232364818392160e+00
1.060456568942957922e+00
5.559668081024242425e-02
-8.006856167845298744e-01
-1.193929770953909397e+00
-7.822578673370065294e-01
5.860987017890205708e-01
2.593061068085293019e+00
4.481907571923509082e+00
5.556952185786089515e+00
5.618821188587826754e+00
4.886618882373714889e+00
3.678759191007853868e+00
2.231394671918701444e+00
6.879912020839906717e-01
-8.539453175808312535e-01
-2.318849836248363605e+00
-3.648447261384939022e+00
-4.786601394289302647e+00
-5.632155682250832740e+00
-5.990089864932892638e+00
-5.608902092675353224e+00
-4.375443737687989554e+00
-2.557778749391363515e+00
-7.771152362688390491e-01
3.814008181386537299e-01
7.034213343249340333e-01
3.291997781682605151e-01
-4.568802786594577947e-01
-1.377780731309145024e+00
-2.215138670876978910e+00
-2.810905483963637153e+00
-3.064406744701558605e+00
-2.933260858381866676e+00
-2.432443485738271516e+00
-1.630946140521835064e+00
-6.505359849097994696e-01
3.265505403212157209e-01
1.037043929697429867e+00
1.140313090878371183e+00
3.369267141223137307e-01
-1.361044476158397298e+00
-3.421819356299545589e+00
-5.040257809829322255e+00
-5.697044698452530476e+00
-5.397193415410069584e+00
-4.436323217314506628e+00
-3.109205079810720473e+00
-1.609388559340150904e+00
-5.644811209857143741e-02
1.461844023367906198e+00
2.877859028246443795e+00
4.137613878645347576e+00
5.173682717517652740e+00
5.850097887564456478e+00
5.936321040834737772e+00
5.204913711730017489e+00
3.676164106321806901e+00
1.790013556356224944e+00
2.084124742394605490e-01
-6.120090727023524968e-01
-6.210223495794714443e-01
-4.331455285350659795e-02
8.277937106507140541e-01
1.737760747266818617e+00
2.492699379253893621e+00
2.958370908135663502e+00
3.057463927466254727e+00
2.771480534550463837e+00
2.137568895098755473e+00
1.245956862543058596e+00
2.410125544798004393e-01
-6.643742395450067395e-01
-1.171577349601088391e+00
-9.327158051163414454e-01
2.635203502550537702e-01
2.199701682882235332e+00
4.173916292545012396e+00
5.433781191974192737e+00
5.677340034004870972e+00
5.068991246025867703e+00
3.929385471489377668e+00
2.514112120477642875e+00
9.805002608287848309e-01
-5.680099479603176738e-01
-2.052106860202835836e+00
-3.410933303582987186e+00
-4.590485856077919813e+00
-5.502740409970874325e+00
-5.971336798369326182e+00
-5.745545825155461195e+00
-4.665214631981187132e+00
-2.916799553783125276e+00
-1.077061416656634130e+00
2.276112262788696772e-01
7.041310478751585666e-01
4.403205318044003946e-01
-2.910945949999963478e-01
-1.205214572103984638e+00
-2.072303060289857779e+00
-2.722994398591738197e+00
-3.045744687027513997e+00
-2.987667017561473681e+00
-2.552466621697881966e+00
-1.799884482419089382e+00
-8.412434532546541055e-01
1.537829764700649193e-01
9.385112092038242482e-01
1.183058224830127791e+00
5.625810929929900839e-01
-9.921012561081617998e-01
-3.045084734088365330e+00
-4.801570226693200993e+00
-5.653134133298379993e+00
-5.514475752792477259e+00
-4.652668192576990158e+00
-3.376372763153788092e+00
-1.898147487181893966e+00
-3.475797276046232454e-01
1.183279168060732189e+00
2.622887503933156506e+00
3.915911501744395284e+00
5.001786293163172914e+00
5.760822236360676030e+00
5.977753570870913968e+00
5.409851382295480349e+00
4.009711710881427749e+00
2.141052734287770765e+00
4.561954012610987541e-01
-5.228289745969108004e-01
-6.721964718185698962e-01
-1.821183838142901856e-01
6.551481418540106016e-01
1.573942800713523660e+00
2.369818175188592058e+00
2.897283801168829775e+00
3.068223880972180684e+00
2.853236681256511975e+00
2.279234826086067311e+00
1.426740744067372946e+00
4.291124111038980837e-01
-5.153355813083846382e-01
-1.123683838327448781e+00
-1.048651831061939488e+00
-3.189170143263537344e-02
1.807737825778600538e+00
3.839122915417286119e+00
5.273306358197242361e+00
5.705449641381913573e+00
5.232948916891025704e+00
4.170202736871842397e+00
2.792130282479557746e+00
1.271988171969639980e+00
-2.802265414418143030e-01
-1.781565777216022939e+00
-3.167813560907281722e+00
-4.385919058741954757e+00
-5.358378895545656384e+00
-5.928184136136465554e+00
-5.851136575988647337e+00
-4.930401514404834984e+00
-3.272629913764721454e+00
-1.397190002006426290e+00
4.339407804063512980e-02
6.779355622843417084e-01
5.348837601532091535e-01
-1.315137354605247499e-01
-1.030669983955408098e+00
-1.921028374578322984e+00
-2.622669687093445390e+00
-3.013026638803214752e+00
-3.027842794512145108e+00
-2.660716234996521656e+00
-1.961122083671810179e+00
-1.030444564952403885e+00
-2.608890295515941746e-02
8.211948831607981392e-01
1.194581691950006297e+00
7.539110953164130935e-01
-6.417196071548247893e-01
-2.657373781851595673e+00
-4.529598563185319726e+00
-5.573789385637986094e+00
-5.606371547439269243e+00
-4.854828802109918406e+00
-3.636894182536222875e+00
-2.184813686191327875e+00
-6.402605558212876025e-01
9.001731360470287546e-01
2.361580573947599682e+00
3.686234433678471145e+00
4.817364104867808194e+00
5.651286299323837525e+00
5.990218951824909155e+00
5.583155315521305617e+00
4.325456335565625032e+00
2.498834453247767318e+00
7.298720842509958118e-01
-4.039029471299149243e-01
-7.011393625540793817e-01
-3.093320271568409385e-01
4.843986592037589078e-01
1.405680535179612445e+00
2.237582062250441428e+00
2.823962735600213048e+00
3.066062948108859487e+00
2.923152207003200331e+00
2.411868962728028976e+00
1.602972916351321997e+00
6.196896585529491075e-01
-3.536294136003521049e-01
-1.050732636436400025e+00
-1.130112138787049414e+00
-2.965675762924261938e-01
1.422585767147575453e+00
3.481705103914622068e+00
5.075583005944992898e+00
5.700829747540896442e+00
5.376105409239298361e+00
4.400022781788449855e+00
3.065232897118894240e+00
1.562086758492735150e+00
9.061270134705926710e-03
-1.507350843579388533e+00
-2.919245426609375027e+00
-4.173440492107816091e+00
-5.200924228559691720e+00
-5.863088395573014644e+00
-5.927176764225011496e+00
-5.169177808101121485e+00
-3.621024316472376547e+00
-1.734580917118730081e+00
-1.716602942042187163e-01
6.230035237972686435e-01
6.100482555212842772e-01
1.913538708021159801e-02
-8.565788709771400278e-01
-1.764128655942831525e+00
-2.511792263424379446e+00
-2.966946593544907973e+00
-3.054363184229077710e+00
-2.756639027158947375e+00
-2.113248573059143265e+00
-1.215574982144580041e+00
-2.100272658550731975e-01
6.882266826622468470e-01
1.177520987817203713e+00
9.110471406783304804e-01
-3.141196541435419265e-01
-2.263579455761553394e+00
-4.225721564855796863e+00
-5.456201860812410764e+00
-5.669845241627388788e+00
-5.040462459741489099e+00
-3.889048394321380719e+00
-2.468144673930289912e+00
-9.326769582471712283e-01
6.146469943782191248e-01
2.095848318262784726e+00
3.450116999778475524e+00
4.623232411133300523e+00
5.525039974902570705e+00
5.976069787696033586e+00
5.725275041092438677e+00
4.619369807681427353e+00
2.858168725303354751e+00
1.026511830718512819e+00
-2.548575547647285444e-01
-7.057939823495102960e-01
-4.230869083499920191e-01
3.177848304263850010e-01
1.233522025812306744e+00
2.096063895650257969e+00
2.738024015048188264e+00
3.049846185006380495e+00
2.979805199957998418e+00
2.533628108831739834e+00
1.773059862227093442e+00
8.103293548798599089e-01
-1.821444374415330802e-01
-9.555537877850934780e-01
-1.177969554862021484e+00
-5.278240686105427626e-01
1.051261220369218652e+00
3.107731009008932510e+00
4.843147760755691422e+00
5.663117661602423247e+00
5.497474412415922274e+00
4.618712141759419687e+00
3.333639931836723136e+00
1.851468948765248923e+00
3.004438134495222013e-01
-1.228757187441575471e+00
-2.664633022502061355e+00
-3.952512819727686200e+00
-5.030337916167698431e+00
-5.776456134090527605e+00
-5.972887550925189082e+00
-5.378410124022305894e+00
-3.956618512096083951e+00
-2.083684331882334817e+00
-4.142660049628831831e-01
5.391630095765023167e-01
6.652318280606381862e-01
1.600143418667988315e-01
-6.831928618432084876e-01
-1.601418501696929120e+00
-2.391010636814069112e+00
-2.908618495412893967e+00
-3.068054755573085046e+00
-2.841256881069566642e+00
-2.257027419562490866e+00
-1.397737837203546052e+00
-3.982950119049510351e-01
5.403995473521098214e-01
1.133284851738737942e+00
1.032416267820087441e+00
-1.362889754685750986e-02
-1.870491425741268587e+00
-3.894747556751221751e+00
-5.301292474491189566e+00
-5.702689022641703964e+00
-5.207206181382207255e+00
-4.131243416830079340e+00
-2.746738671556487876e+00
-1.224141668208219347e+00
3.276216843700137660e-01
1.826204575157070131e+00
3.208005228656441776e+00
4.420014871749422092e+00
5.383063383309854011e+00
5.936902627699402579e+00
5.836124424480932937e+00
4.889040454119820467e+00
3.215039523113945030e+00
1.343804477304365141e+00
-7.544632249981422789e-02
-6.841107781424735634e-01
-5.205114478250405519e-01
1.571865881220922689e-01
1.059256631826666739e+00
1.946321400901805498e+00
2.639598797738413438e+00
3.018983731642038482e+00
3.021592907335930445e+00
2.643350605223474314e+00
1.934750831502422441e+00
9.990798223630358299e-01
-4.203107148957613802e-03
-8.419073794880823636e-01
-1.194972022680704571e+00
-7.253289222683749760e-01
6.972146189150398854e-01
2.721005574021729601e+00
4.575804668903778349e+00
5.588730626492089293e+00
5.592898458451928789e+00
4.822536559182095672e+00
3.594920197982644172e+00
2.138331143336638540e+00
5.927015768866492618e-01
-9.463372422800404582e-01
-2.404120648724472176e+00
-3.723860020797505221e+00
-4.847851678024442279e+00
-5.669823512824499367e+00
-5.989407844281514848e+00
-5.556247833423609173e+00
-4.274517524482543962e+00
-2.439379056329606055e+00
-6.828754601596127571e-01
4.261818021779629206e-01
6.987271501962143416e-01
2.900316350436215607e-01
-5.117301722897308336e-01
-1.433161456249260945e+00
-2.259699694523841007e+00
-2.836990380930798139e+00
-3.067792823916239087e+00
-2.913059360092597583e+00
-2.391314137667167827e+00
-1.574985020757788678e+00
-5.889806508931988427e-01
3.802647198579766630e-01
1.063830344907743308e+00
1.118893610217093659e+00
2.554144554316719606e-01
-1.484897865818288532e+00
-3.541272432801179981e+00
-5.110459539471452928e+00
-5.704018114113746485e+00
-5.354366721309355093e+00
-4.363472155232474670e+00
-3.021031742143305276e+00
-1.514869540301548634e+00
3.836689330468278508e-02
1.552356479429120473e+00
2.960255151796212125e+00
4.208709482495390120e+00
5.227754570681149460e+00
5.875686999641020591e+00
5.917044009637508317e+00
5.132438459794131269e+00
3.565236559458395238e+00
1.678870220153312109e+00
1.350078995335581289e-01
-6.336139720753992677e-01
-5.989675525094956265e-01
5.021589021364675567e-03
8.853636082978589839e-01
1.790369780208135086e+00
2.530931542758494412e+00
2.975736225286085723e+00
3.051190575223338808e+00
2.741884545661253281e+00
2.088935058915595722e+00
1.185428772494958150e+00
1.796786523885799403e-01
-7.111788344732724587e-01
-1.182494825357947921e+00
-8.879307975027508348e-01
3.654063092310623206e-01
2.327756116206830317e+00
4.276844604632607627e+00
5.477420448855916391e+00
5.660828516156642287e+00
5.010754733767051938e+00
3.847732797634725532e+00
2.421457722725514738e+00
8.844747475295958727e-01
-6.621779810669129462e-01
-2.140143790397720736e+00
-3.489749832807675034e+00
-4.656254615847463363e+00
-5.546907415129537000e+00
-5.980304390466681497e+00
-5.704323522611804975e+00
-4.572799322447535175e+00
-2.799391791582698463e+00
-9.764850538832819948e-01
2.813596236421296304e-01
7.069434538406245139e-01
4.057468237525215793e-01
-3.444042256039083205e-01
-1.261537866429705002e+00
-2.119140520107718917e+00
-2.752376950304825431e+00
-3.052698113802597923e+00
-2.970617821803143599e+00
-2.514054549080556367e+00
-1.745284903256379305e+00
-7.790676395437463597e-01
2.109129586725518868e-01
9.726407745568719232e-01
1.172480251226295511e+00
4.924173607249151541e-01
-1.110857596914711864e+00
-3.169726303029419601e+00
-4.883600308059761197e+00
-5.671762153618036706e+00
-5.479695154327824724e+00
-4.584360407973871787e+00
-3.290738116649600364e+00
-1.804986608592806574e+00
-2.532084614715395254e-01
1.273740452165485149e+00
2.706013723598304388e+00
3.988514150390113144e+00
5.058274877053522189e+00
5.791166071046887076e+00
5.966831803859129479e+00
5.345910796182314684e+00
3.902507631209030325e+00
2.025445619487156179e+00
3.725869847467624396e-01
-5.549501584802809528e-01
-6.578299327543908337e-01
-1.378867658725075052e-01
7.113892333526168343e-01
1.628344688131853513e+00
2.411567924958820885e+00
2.919175455081835402e+00
3.067062441456497979e+00
2.828758908171960407e+00
2.234848792088891312e+00
1.368888449742576618e+00
3.680848166926645182e-01
-5.649345866461443766e-01
-1.141821694635737350e+00
-1.014554310586267771e+00
6.134048453486534019e-02
1.934954594115987359e+00
3.950944649120444740e+00
5.329471975729714650e+00
5.699542069021727109e+00
5.181362227150597910e+00
4.092453526619463489e+00
2.701267750097390508e+00
1.176416625008233297e+00
-3.749557694795758733e-01
-1.871065852445558342e+00
-3.248318953301069012e+00
-4.454246752696662703e+00
-5.407638644978185027e+00
-5.945438268364540590e+00
-5.820674733474213269e+00
-4.847019224551899264e+00
-3.157362467054215749e+00
-1.290989128325477520e+00
1.065307265242393525e-01
6.892730250814618209e-01
5.055227081458962823e-01
-1.831158092653067671e-01
-1.088015158677609451e+00
-1.971182183350205452e+00
-2.656217394227154305e+00
-3.024613394400097466e+00
-3.015565841097656907e+00
-2.626008020399107856e+00
-1.908621739046350019e+00
-9.681759402279229709e-01
3.388748255457247477e-02
8.620749978667856528e-01
1.194363151649448396e+00
6.956287296679366516e-01
-7.534234586323652616e-01
-2.784574915463437161e+00
-4.621654687608793388e+00
-5.603540067898483024e+00
-5.579566959326704101e+00
-4.790768852659208044e+00
-3.553085659981807698e+00
-2.091970571113605626e+00
-5.453814082586188050e-01
9.925608434243720080e-01
2.447050132096435959e+00
3.761626067125499961e+00
4.878117538817285492e+00
5.688280049333165778e+00
5.988819193126789564e+00
5.529600812127530851e+00
4.224137417997564370e+00
2.381404323462626316e+00
6.376248934206795171e-01
-4.462781047301431214e-01
-6.945854747467261614e-01
-2.696737301107415830e-01
5.395508547354949114e-01
1.461068619596662232e+00
2.281942270462536282e+00
2.849573428466097624e+00
3.068856577806017949e+00
2.902384826663056749e+00
2.370299240101441551e+00
1.546797856748413524e+00
5.579140305937790867e-01
-4.067898952167883220e-01
-1.076689041331035490e+00
-1.107215083404519795e+00
-2.138709078679729148e-01
1.546947679150494803e+00
3.600290075438941972e+00
5.143855149336414634e+00
5.705874444012787094e+00
5.331791972401378032e+00
4.326357673337186682e+00
2.976609901918552570e+00
1.467323626417804228e+00
-8.556950305068940221e-02
-1.597231518355770818e+00
