0.000000000000000000e+00
-1.084756420706026736e-01
-2.516315699737038947e-01
-4.520111673568463773e-01
-6.508708347368189484e-01
-9.764607665235732759e-01
-1.359123038928163885e+00
-2.015470890461165343e+00
-2.781357889188331267e+00
-3.753883768597892967e+00
-4.670527138879252860e+00
-5.502595927915128193e+00
-5.733756012450392348e+00
-5.197500585715796539e+00
-3.666510378793542024e+00
-1.702177665914722082e+00
1.742474660986861748e-03
9.585825300499418722e-01
1.041310736773456647e+00
5.887570767610992295e-01
-1.445755527736299062e-01
-6.630588782061431763e-01
-7.723582757698225221e-01
-8.008526055476170025e-02
1.146854905504512745e+00
2.428715024845789383e+00
2.075470954402998114e+00
-1.252026597983423750e+00
-6.669317658765058887e+00
-1.093268619981483170e+01
-1.186327809000597711e+01
-1.009073584501427234e+01
-6.728020767368068533e+00
-2.908462582131734031e+00
7.568006011075536499e-01
3.582132677993066672e+00
5.473926007252122972e+00
6.575320540406739411e+00
7.476386385928778466e+00
8.682684674889999954e+00
9.895642899407588899e+00
9.992949162819854791e+00
7.319205594329907250e+00
2.628182234142989238e+00
-1.633171707014685614e+00
-3.573427170800730579e+00
-3.364787204396201492e+00
-1.953132277769815017e+00
-7.863162284215557962e-02
1.643322483010757118e+00
2.802710356566265215e+00
2.957730003675470787e+00
2.187050288047211577e+00
4.709378175958625623e-01
-1.589878875846383766e+00
-3.435099930569607718e+00
-4.098006444712710028e+00
-3.262244066358280570e+00
-9.881577290954274284e-01
1.553717269022034886e+00
3.215504697183436900e+00
3.341005132262988564e+00
2.129655903524358518e+00
3.192359028195941306e-01
-1.403687733142212402e+00
-2.389738404703898311e+00
-2.582438546951162817e+00
-1.913623078835219982e+00
-8.245271113647111294e-01
4.926860456174755321e-01
1.564048533333614710e+00
2.310016788885236316e+00
2.177325932799861974e+00
9.075877932109807089e-01
-1.592866800002246785e+00
-4.438001258437156871e+00
-6.452427433859922346e+00
-7.324499546550763185e+00
-7.293674708698835829e+00
-6.842808765755220790e+00
-5.834650657757595837e+00
-4.265586883008317898e+00
-1.908251372022359060e+00
9.322567977981455201e-01
3.916295053381070534e+00
6.459576416279843691e+00
8.141985115140551343e+00
8.683065464448185722e+00
7.698174121631755185e+00
5.372176674694077114e+00
2.388993717587454491e+00
1.487352810185327001e-01
-8.538199206881464942e-01
-8.297428888637259359e-01
-3.786945358424482766e-01
2.120467396586880604e-01
8.701255738989129851e-01
1.552201256657688155e+00
2.309228746378003017e+00
2.945060715491457870e+00
3.470092823489679734e+00
3.639755655003571899e+00
3.511440213342740257e+00
2.953643138877795060e+00
2.190104285202692846e+00
1.216747970981763460e+00
3.580035977025766147e-01
-4.347009372398910054e-01
-1.008044732182341363e+00
-1.525344667059804094e+00
-1.980250222200286014e+00
-2.523039859442276267e+00
-3.024697871816543593e+00
-3.288919413431985017e+00
-2.919497313872094768e+00
-1.667243651841328944e+00
1.041947795615246891e-01
1.848178386969358655e+00
2.821282709758873519e+00
2.919755173503478130e+00
2.123783792425717909e+00
8.218158185338084731e-01
-7.498071148661877849e-01
-2.142248739948161340e+00
-3.169774495130781133e+00
-3.595644448602279386e+00
-3.431229649897751255e+00
-2.702504139171521658e+00
-1.533514660817722586e+00
-1.384895551712848616e-01
1.225579070191607833e+00
2.116354149673866036e+00
2.039763045743164582e+00
4.337317962509093516e-01
-2.394350764932961617e+00
-5.383311397319281433e+00
-7.076361493793054791e+00
-7.225366336180478299e+00
-6.351196831304330104e+00
-5.036449239075820650e+00
-3.554084689011502540e+00
-1.830517366511244637e+00
8.135940263601781908e-02
2.180900994089693956e+00
4.223840229312838979e+00
6.112467623284810969e+00
7.444413745617234568e+00
7.817230549419386776e+00
6.625491502230292262e+00
3.996148357553700237e+00
1.027073448887529494e+00
-9.876937990495301412e-01
-1.495026874380011472e+00
-9.600540140355229290e-01
1.313297255851570977e-01
1.285836657849378284e+00
2.364995601881856757e+00
3.214379235663045176e+00
3.895124477227372761e+00
4.354207604292366973e+00
4.661737465553737358e+00
4.808835224523548391e+00
4.862690233181954369e+00
4.892236656425497543e+00
4.940496795674044428e+00
5.012426933410270458e+00
5.031219705220133065e+00
4.926158893865186350e+00
4.518872675913736536e+00
3.716565853628957861e+00
2.318062695567999931e+00
4.791135581190820170e-01
-1.261954015029107978e+00
-1.588961520307073716e+00
4.758794111061376841e-01
4.044650857053120774e+00
6.528592553881757077e+00
6.381040022857973781e+00
4.133244415084947221e+00
9.324875814982651612e-01
-2.189614870608727060e+00
-4.726390179575997941e+00
-6.418126379496410294e+00
-7.437606843336704188e+00
-8.080635521018404432e+00
-8.710708309837672303e+00
-9.506292335433347063e+00
-1.017462032213405898e+01
-9.899912294662799539e+00
-7.735561286387826030e+00
-3.954776189540873954e+00
-1.259479760137005300e-01
2.174201484517940486e+00
2.703558037038670925e+00
1.992033077846764755e+00
7.369328272940210978e-01
-5.565815584167729257e-01
-1.486128900053596436e+00
-1.678644115491085387e+00
-9.749719050424365818e-01
4.378068798270907669e-01
1.625742796624235931e+00
1.028342241480813657e+00
-2.442212035257131486e+00
-7.507973646953179703e+00
-1.148221576053862769e+01
-1.258625530600210674e+01
-1.096516557017788429e+01
-7.592927486332843756e+00
-3.541057832461971699e+00
3.841766226949863000e-02
2.462991809298766821e+00
3.547562258560453152e+00
3.734590043684580252e+00
3.815117262799415876e+00
4.639259881803715402e+00
6.161455344440833315e+00
7.090349769150669168e+00
5.820564429284492469e+00
2.628399037039822250e+00
-4.415878466900768351e-01
-1.852298608362002996e+00
-1.317178098243658502e+00
5.646441577558567460e-01
3.154612784906923650e+00
5.679757762487836814e+00
7.476419785556581488e+00
8.210160275338198588e+00
7.958687571416441564e+00
6.966012799233061159e+00
5.652851990379261338e+00
4.595241935662215838e+00
4.173420284517354695e+00
4.554689855099432805e+00
5.558678833867353397e+00
6.677765863289562454e+00
7.024867673493582210e+00
5.891737181636364618e+00
2.793863263323431489e+00
-1.637774835153090303e+00
-4.824731959741050957e+00
-3.270992537730575300e+00
2.749640772612341966e+00
7.674369631207749620e+00
7.520343739508170700e+00
3.295955542920731673e+00
-2.153553432844996784e+00
-6.603144779443189449e+00
-9.023268002028970614e+00
-9.506513088458227401e+00
-8.671300186223833251e+00
-7.551861576435749512e+00
-7.172796722337285935e+00
-8.046612245444542566e+00
-1.010029696802093113e+01
-1.227055736501131733e+01
-1.273670102370484969e+01
-1.006352448663822230e+01
-4.880851212308248144e+00
4.201029577835097006e-01
3.480221528688099308e+00
3.914519660081326791e+00
2.601660828884141630e+00
5.754600787024175546e-01
-1.176614555318213462e+00
-1.794653448335430168e+00
-9.040957986203036478e-01
6.896976672451966550e-01
4.599428322675565006e-01
-3.979173289566904970e+00
-1.051030516550557081e+01
-1.481172071318306749e+01
-1.490156192606325192e+01
-1.126897087232830508e+01
-4.933713990240390146e+00
2.221682757064982194e+00
7.653008889454801178e+00
1.021069643382159953e+01
1.019621704083909286e+01
9.057751930588896272e+00
8.467559999271596638e+00
9.340325508149641465e+00
1.077650466509180305e+01
9.900853189749986072e+00
5.404162344603620660e+00
-3.772207434448661689e-01
-4.335046129794890568e+00
-5.520389892194208947e+00
-4.748456510184990265e+00
-2.837588436911325562e+00
-2.324434901109070362e-01
2.143674717313632350e+00
3.284162620662524290e+00
2.796554117323596600e+00
1.000105188442020676e+00
-9.577952497895303452e-01
-1.362660784418309623e+00
5.654192476178686588e-01
4.181726461185327537e+00
7.847420121651313529e+00
9.586536670602184174e+00
8.788172227567530470e+00
5.818155075634225071e+00
1.602959692597870633e+00
-2.297062135028161922e+00
-4.591512162266886854e+00
-5.109221327009072056e+00
-3.989529719581683231e+00
-1.775857226851272008e+00
9.158714086438731264e-03
1.582864293872535133e-01
-1.584387957929074719e+00
-4.406915799718474247e+00
-6.241146833224595625e+00
-5.619837756486966818e+00
-2.868059198799394860e+00
8.616889534063778555e-01
3.571538764033998170e+00
4.045497223261421027e+00
2.388363399949242183e+00
-8.412939479088807904e-01
-4.331366493592238243e+00
-6.616615425116238569e+00
-7.213815003889653354e+00
-6.112510500257370083e+00
-3.268536106080431214e+00
5.812712685106548038e-01
4.078355827052249971e+00
5.533211076580917265e+00
3.256404126627766349e+00
-2.716477944575711678e+00
-8.718408430695452793e+00
-1.064950809627709916e+01
-8.161011248012991715e+00
-4.292297661826153465e+00
-1.670448773338345738e+00
-9.623323500984235501e-01
-1.468411351605762638e+00
-1.586719637553096307e+00
-2.350582906555849783e-01
2.812931892815336177e+00
6.979622670476262947e+00
1.101820168478110062e+01
1.346743528605117213e+01
1.267906944397579316e+01
7.802086905296218511e+00
1.064364538920268943e+00
-3.319959139188301656e+00
-3.654689642979491282e+00
-1.528243134924521796e+00
8.036211623340128174e-01
2.301116241031538667e+00
2.689415527825052443e+00
1.994601570561040482e+00
5.582581632674153971e-01
-1.100346143183066339e+00
-2.356842447087651671e+00
-2.866883669847384741e+00
-2.606087786910023407e+00
-1.671424455056311098e+00
-2.219721699101470103e-01
1.307474574136998191e+00
2.430301549682468476e+00
2.802480138154278766e+00
2.784681004659327108e+00
2.919634458794429399e+00
3.200266360454536052e+00
3.351506974395898730e+00
3.105986305133226377e+00
2.365860078754704166e+00
1.194139109962729872e+00
-3.389863788134150901e-01
-2.108905787416894828e+00
-3.657712651072589694e+00
-4.662143901852934036e+00
-5.041381882614937027e+00
-4.971363542077856579e+00
-4.802110013152394608e+00
-4.816779458563169136e+00
-5.080195176851693084e+00
-5.670230647941862934e+00
-6.431789143028979971e+00
-6.918483710859319125e+00
-6.689177716685471786e+00
-5.540405824342248486e+00
-3.756959128946891990e+00
-1.722122378453492475e+00
4.164391942235221578e-01
2.537498097197591562e+00
4.070748191902003654e+00
3.783275603392177278e+00
6.293730447278502727e-01
-3.742792650481849837e+00
-6.177076103288231756e+00
-5.870407780304145895e+00
-4.012114993846477518e+00
-1.786090415425900302e+00
4.567138820130240973e-01
2.669502321398633082e+00
4.803710772578738464e+00
6.710897166151146287e+00
8.025668406447135084e+00
8.554911386341458979e+00
8.530538397577876353e+00
8.378646826314351870e+00
8.491352661893197151e+00
9.015325764982687673e+00
9.531508279415829676e+00
9.180322953949890064e+00
6.855898637866048695e+00
2.437628575588014268e+00
-2.337744668520225666e+00
-5.477837346821064379e+00
-6.425900261653501921e+00
-5.894669924120553794e+00
-4.803926066311070997e+00
-3.670372935480298970e+00
-2.740798633933527739e+00
-2.286454645806137442e+00
-2.408290902773230879e+00
-2.939870710251781816e+00
-3.159506547929806342e+00
-2.063761410794286100e+00
5.659888954976696196e-01
3.778702943543803539e+00
6.384902891681386805e+00
7.648276934426927021e+00
7.481340943929964737e+00
6.162944994794871789e+00
4.085232693557472317e+00
1.894653311738351942e+00
2.597696573770393869e-01
-3.904640702482476411e-01
-5.319543510683534884e-03
1.292583963945920900e+00
3.204001963490040961e+00
5.185071571886052055e+00
6.525048807237733506e+00
6.819255350544212391e+00
6.048397562503136093e+00
4.622432038563944801e+00
3.218090873132881669e+00
2.317635926819344050e+00
2.045876919940797567e+00
2.297152745253383088e+00
2.572491049380913442e+00
1.944995237554671297e+00
-3.389687497425108997e-01
-3.874887395306043203e+00
-5.677474318299423395e+00
-2.437800189459382150e+00
3.853985486718973785e+00
7.766363214565633832e+00
7.232747747193225329e+00
3.696797155686453618e+00
-1.066981212427089432e+00
-5.423059992931253070e+00
-8.105085106588365562e+00
-8.777162269791764615e+00
-7.911134566960545733e+00
-6.326910147551007668e+00
-4.991022011069375708e+00
-4.679199075472253000e+00
-5.839687296099195457e+00
-8.471196259996350619e+00
-1.152500760572141481e+01
-1.272610825953003122e+01
-1.000904081428268810e+01
-3.677008043931608849e+00
3.087704962137022058e+00
6.901005246037935414e+00
7.159125651893814890e+00
5.058028251553208676e+00
2.090163408439773107e+00
-3.082263964738404249e-01
-1.166176532875082605e+00
-2.457131172757696103e-01
2.129090394901876682e+00
4.846043847403621818e+00
5.640164388169198517e+00
2.501230583985495137e+00
-4.186639801562897389e+00
-1.084816028045467107e+01
-1.381221866528349729e+01
-1.270029975813433865e+01
-9.046835242973964242e+00
-4.623174610359146008e+00
-1.066602943605719167e+00
8.257831272941970058e-01
1.021171422268976059e+00
-1.448825344549520278e-01
-1.533851842069930749e+00
-1.596099063617173686e+00
6.227765307174834009e-01
4.795919276186341840e+00
8.447497281025455607e+00
8.073479351622278699e+00
2.942595885386257493e+00
-3.613909167569289593e+00
-7.142125788768899142e+00
-6.357303309833023164e+00
-2.597526449085067579e+00
2.131582910785465579e+00
5.789204170114380155e+00
7.462744203833437950e+00
7.324171731357646209e+00
5.890416828316058506e+00
3.995156419479894083e+00
2.797809342799598031e+00
3.090972445963961146e+00
5.068936161568418974e+00
8.207781831848405929e+00
1.082266251326784179e+01
1.112791295159791360e+01
8.649107436893464396e+00
4.210191722574409212e+00
-1.892079341804418779e-01
-2.601961445780067272e+00
-2.648257033590670328e+00
-8.998053813314459415e-01
1.500537712370405341e+00
2.950828480738559634e+00
2.325524110606894013e+00
-5.744622054651568055e-01
-4.101743245656447101e+00
-3.656301173706065111e+00
3.177847783462705689e+00
1.162907998533397169e+01
1.524780965062795346e+01
1.301359517227037799e+01
6.964474580024234918e+00
-5.664869190643019303e-01
-6.702129804868653729e+00
-9.832189254924280419e+00
-1.009087234523587817e+01
-8.498223093568523012e+00
-6.969878289094689094e+00
-7.212742384773195070e+00
-9.771411105831235844e+00
-1.322534699600767993e+01
-1.350768191420681141e+01
-8.018134401330959449e+00
5.128396625197183534e-01
6.886435368452329620e+00
8.808163638980111898e+00
7.508888991951423009e+00
4.408789794874893531e+00
5.747475670364168288e-01
-2.354544228375930803e+00
-3.153058619218525038e+00
-1.829169986680392990e+00
9.564610806501789853e-01
3.553261205867446204e+00
3.669914793374575712e+00
6.023272127855081592e-01
-4.714662235161262593e+00
-9.552021661405921904e+00
-1.125103243722062452e+01
-9.667058843892627706e+00
-5.707113950334812280e+00
-8.169596937559963079e-01
2.887343598549378498e+00
4.472484508893849409e+00
4.115710833851997208e+00
1.917321077978328070e+00
-1.046901380925255642e+00
-2.758463885382258951e+00
-2.243742139625128029e+00
5.998344811118081488e-01
5.081600230676588836e+00
8.868302169520344336e+00
9.876349695284575958e+00
7.339451235880784630e+00
1.726998498869536824e+00
-3.805801240343798408e+00
-6.176305630612401565e+00
-4.937882081490945652e+00
-1.243656950350354284e+00
2.572352154237418809e+00
4.800111474874717565e+00
5.203808323116218659e+00
3.773914845122754436e+00
7.975355732600928338e-01
-2.607906535544894044e+00
-5.156431436767153542e+00
-5.879222630139593342e+00
-4.014220869401846414e+00
3.125156615565538032e-01
5.173256474105248692e+00
8.007754786985412210e+00
7.665982487429350734e+00
5.565552266201696519e+00
4.078943907282431169e+00
4.291633771256313956e+00
5.660029964760205701e+00
6.646019630713451143e+00
6.019880373129038453e+00
3.415440651062563227e+00
-7.369720172289931925e-01
-5.357833932258686538e+00
-9.042906893336862595e+00
-1.040439273806474674e+01
-8.358148502482537268e+00
-3.434020258128796410e+00
1.237857583006542805e+00
2.737618750582140770e+00
1.383643114855168221e+00
-6.083409799747679925e-01
-1.828445074340872889e+00
-1.940084335397556536e+00
-1.240952003062757214e+00
-3.806238944847890049e-01
-5.568723692986148749e-02
-7.016868296478206979e-01
-2.195191018250833181e+00
-4.036838402488029054e+00
-5.702762265191614333e+00
-6.858508066933488578e+00
-7.400524725421680827e+00
-7.289753715502161668e+00
-6.557560955898443567e+00
-5.704307003032876189e+00
-5.379558921511145009e+00
-5.739418338917743334e+00
-6.416269747950694935e+00
-6.753447850374677763e+00
-6.315517640463879978e+00
-5.133616938922030748e+00
-3.195955041166717692e+00
-5.869896086945394220e-01
2.226325389600878779e+00
4.651303278363176474e+00
5.660895559667491916e+00
3.717242765874248622e+00
-1.460667846361886735e+00
-6.774862985632255530e+00
-8.315704331254464066e+00
-6.399351787346314602e+00
-3.716020906959769388e+00
-1.617913473009810588e+00
3.830746981553466435e-02
1.900709091735960365e+00
4.176680768805040245e+00
6.396189436808499273e+00
8.100728388179401662e+00
9.216803140795699179e+00
9.933298697726428372e+00
1.042625061024560296e+01
1.062439604690862005e+01
1.029419566251669771e+01
8.964172683986282308e+00
5.941789422095824946e+00
1.379917837200063557e+00
-2.982366360895392532e+00
-5.436468470782839013e+00
-5.991487730268680423e+00
-5.712310193775346434e+00
-5.317600655998028003e+00
-4.938289682605251585e+00
-4.526339319233239955e+00
-4.082479928957274851e+00
-3.743479156058754587e+00
-3.439185672488528578e+00
-2.673481798275810561e+00
-1.149147001461194195e+00
7.256235103403878561e-01
2.353835822351267204e+00
3.495434742041570786e+00
4.228983141488425801e+00
4.521190126383109131e+00
4.299198235786042765e+00
3.777685018505930525e+00
3.311384908348577127e+00
3.135215663057332680e+00
3.158028992701132687e+00
2.793968755322559616e+00
1.327083808232461193e+00
-1.441201516583048292e+00
-5.003639933876096180e+00
-8.203250496873062403e+00
-1.002954636077489958e+01
-1.019951323225525286e+01
-9.014251111808812666e+00
-6.949409789646361801e+00
-4.369080289854223587e+00
-1.642119977218958526e+00
6.943958469880097129e-01
2.171791143140162639e+00
2.701231447511088124e+00
2.693839858849929492e+00
2.937395543099559969e+00
3.782347924638744807e+00
4.542342941422029767e+00
3.895915323994926904e+00
1.396058231723904086e+00
-1.679521252745122428e+00
-3.688506300406571459e+00
-3.848221514180618641e+00
-2.315145774656049316e+00
2.489667456798793921e-01
3.017025744645137397e+00
5.236104153920289050e+00
6.497114273481555458e+00
6.827645947924549930e+00
6.408274572661150081e+00
5.555284637829354999e+00
4.910880317815378149e+00
5.102390071307994823e+00
6.232935755796356503e+00
7.665715366900267114e+00
8.086331804470175300e+00
6.530939973646038510e+00
3.388960014040320878e+00
-1.262407346708918354e-01
-2.667995618744289921e+00
-3.498968682308347233e+00
-2.781272093538896151e+00
-1.098240857135848625e+00
7.651117746044465706e-01
1.917727840072378953e+00
1.799043891222588565e+00
3.585660355177755498e-01
-1.628526527697824244e+00
-1.832837908652521719e+00
1.992578580442749603e+00
8.486863577628527722e+00
1.334529034201219488e+01
1.398286822678044850e+01
1.099101109468817050e+01
5.753885650435749177e+00
-5.844510870784324491e-02
-4.641990642464139505e+00
-7.061147571258367783e+00
-7.319653895390230147e+00
-6.391512477218947552e+00
-5.961495454276439787e+00
-7.093090107031661873e+00
-9.252395107531690144e+00
-9.875596019748435594e+00
-6.900114821778129404e+00
-1.742222097383964163e+00
2.624126327821104887e+00
4.372989938618647265e+00
3.689936775444010664e+00
1.455556221947599038e+00
-1.536847082826082511e+00
-4.196747035515703494e+00
-5.503302132750190090e+00
-5.165387845517375176e+00
-3.266034024451385243e+00
-9.981660704716641130e-02
3.234846375842084232e+00
5.140789840641867947e+00
4.472746522861329233e+00
1.022363125288116237e+00
-3.593432454897999229e+00
-6.720109066930944230e+00
-7.060468085861622889e+00
-4.933276658658705571e+00
-1.713066632370567888e+00
9.351985777849755044e-01
2.137797426434868697e+00
1.799688454505257829e+00
4.318048193903942233e-01
-8.874978183084455408e-01
-1.202265586944313958e+00
-1.922157632911507263e-01
2.046734574419172503e+00
5.053011635228410015e+00
7.877185326787402353e+00
9.540420156062626944e+00
9.489910667421861845e+00
7.669797109589963746e+00
4.879082786753722978e+00
2.512893754183136874e+00
1.445862817260224586e+00
1.716544141127361200e+00
2.801798448012973619e+00
3.708580934423510556e+00
3.376530084316342162e+00
9.827205913252746727e-01
-3.525225807608463491e+00
-7.754114519010374629e+00
-6.539661406143996381e+00
2.230419402418270192e+00
1.144093033693332728e+01
1.364607015111917576e+01
9.738670763566576127e+00
3.379712706659175669e+00
-2.588820740352604677e+00
-6.496599200540164709e+00
-7.989111152612742295e+00
-7.614659179904121444e+00
-6.592814827273215883e+00
-6.142244982379538421e+00
-6.950651789213027065e+00
-9.343314402853875933e+00
-1.285869249638216694e+01
-1.551563810262803678e+01
-1.425489639978782996e+01
-7.437001187617721776e+00
1.838538286358284202e+00
7.937178195076107556e+00
9.072022959470434245e+00
7.025387242038859448e+00
3.902552397858802369e+00
1.267160170305419831e+00
9.015908083349345736e-02
6.976546780786131441e-01
2.731835182263448569e+00
4.917923266010985728e+00
5.126105996915303997e+00
2.017215660053247817e+00
-3.546827440473091286e+00
-8.995209735849883259e+00
-1.182190258120457571e+01
-1.145970857751405525e+01
-8.761041158677484120e+00
-4.929708757953488174e+00
-1.461328919102694801e+00
5.087518739855048100e-01
8.471927544986054270e-01
-1.961934855529275934e-01
-2.241100359648322993e+00
-4.237740413621597035e+00
-4.974327786845494259e+00
-3.795311630136252834e+00
-5.189653134525411549e-01
4.032872656146320622e+00
7.780003748739207303e+00
8.407658397688864582e+00
4.265703041583364552e+00
-3.249345493135546992e+00
-8.982616722870082171e+00
-9.528151870009432756e+00
-5.909845227136150569e+00
-1.425631851755107427e+00
1.507915989666012369e+00
2.464115533584230189e+00
1.893655802857547199e+00
6.819365317557098960e-01
-6.914453509411676302e-02
4.536420361211261909e-01
2.698558310944159100e+00
6.365180026194152241e+00
9.968112430021259129e+00
1.144634316739720603e+01
9.223450222294044210e+00
3.556203672957171769e+00
-2.590361255712606336e+00
-5.888979762666902040e+00
-5.450538383624818017e+00
-2.647536283950769675e+00
4.477155374154206946e-01
2.469050935183597861e+00
3.032295740426382835e+00
2.346828107013053444e+00
8.471537213288634627e-01
-9.700285015326159943e-01
-2.538551383400730721e+00
-3.415807217369641879e+00
-3.402305933566674323e+00
-2.558912036777832189e+00
-1.406379094479202285e+00
-5.946587164137151493e-01
-3.139123871709235125e-01
-4.337142515528936149e-01
-5.881243522138172031e-01
-3.275582631343068596e-01
4.713417049306732887e-01
1.637781124427256652e+00
2.627804174211751054e+00
2.823897323014354477e+00
2.101750560094481024e+00
6.851201406095948077e-01
-1.064039434422856756e+00
-2.612196750089266217e+00
-3.465936749179897358e+00
-3.241915697630298521e+00
-1.658674449049429844e+00
1.104630505119251538e+00
4.027658632495303870e+00
5.303177336151985166e+00
3.199228021539455735e+00
-2.141354644609952285e+00
-7.831115469321718869e+00
-1.059129705405528554e+01
-9.601130102893227658e+00
-6.298297398618128540e+00
-2.675105838344833842e+00
-1.074700090672969649e-01
9.998808567344269482e-01
1.029717774736412572e+00
7.151633103732852881e-01
8.480882206498085996e-01
2.084355654777078293e+00
4.564357371690783260e+00
7.457209490802264362e+00
8.765529184771068572e+00
6.671588824177391963e+00
1.836156272981317894e+00
-2.758164552928901170e+00
-4.694307525905407452e+00
-3.795887212211085160e+00
-1.169871124147879415e+00
1.928178383088832382e+00
4.435435624661317355e+00
5.733690348159358408e+00
5.823589399242292686e+00
5.080348428798986404e+00
4.047945966558406106e+00
3.341129943941298475e+00
3.349259517749567205e+00
4.202664127362044866e+00
5.873839627043146550e+00
7.918175522968508240e+00
9.535674126301177722e+00
1.009942657644663555e+01
9.331423730669911265e+00
7.309072555385988323e+00
4.453446341952147947e+00
1.339898444667764199e+00
-1.356190460556639721e+00
-2.799080855296347536e+00
-2.302615845583477761e+00
-3.096665961457062966e-01
1.271076632913202609e+00
1.269617866361778535e+00
3.161586841859691521e-01
-8.511122370124265535e-01
-1.923333759652325892e+00
-2.983682971354019386e+00
-4.225037625734151980e+00
-5.683890461962144869e+00
-7.163751970531192725e+00
-8.200511327290222141e+00
-8.460390620371489590e+00
-8.017823652262313416e+00
-7.100252001657722190e+00
-5.968972358678786172e+00
-4.960951409576654036e+00
-4.410947486107239079e+00
-4.625408700503352399e+00
-5.697096299637173011e+00
-7.304775436853037540e+00
-8.883159685409731665e+00
-9.862739130911709395e+00
-9.838399227864147889e+00
-8.684044327225871385e+00
-6.551285808905585206e+00
-3.988235389442309042e+00
-1.738992870286907522e+00
-9.980174248803469483e-02
1.185598937570133016e+00
2.556235889759295166e+00
4.000335928871944446e+00
4.283848851951774783e+00
1.935451284177390097e+00
-1.977041394121356932e+00
-4.527300748442956824e+00
-4.515216475170257482e+00
-2.670827466785097304e+00
1.340382941352874224e-01
3.286917305105649945e+00
6.058555839339770266e+00
7.808995096698040150e+00
8.278573228339043411e+00
7.586852109415973544e+00
6.163279898711239824e+00
4.621240183961640824e+00
3.599729597189953445e+00
3.510842652457313307e+00
4.380146043285381374e+00
5.946242445614720928e+00
7.760215493831689848e+00
9.278435958335965239e+00
9.908566781175592197e+00
8.910259611720871220e+00
5.872897432802107964e+00
1.644395495302189536e+00
-1.955978075793629811e+00
-3.630787682046187737e+00
-3.514559134573130628e+00
-2.609563281622074626e+00
-1.785480570026388270e+00
-1.575109665168845208e+00
-2.259623662057640647e+00
-3.739668793704655325e+00
-5.338600452775525085e+00
-5.530785105385673361e+00
-2.456110136711766589e+00
3.781833913964550486e+00
9.975165794708081179e+00
1.298581621243537754e+01
1.262041461012824151e+01
1.042830567869107128e+01
7.735661703059613536e+00
5.262304953117850737e+00
3.301034825726614663e+00
1.777495556074484728e+00
4.519129009900806904e-01
-9.775186463696474704e-01
-2.887710762945478127e+00
-5.488371136892392421e+00
-8.299790314942523395e+00
-9.528014585905975053e+00
-7.059451802618352367e+00
-1.708221258645557405e+00
2.724009767309097718e+00
3.909545585660958000e+00
2.519252348297652766e+00
7.052714140712754154e-02
-2.385421443663564123e+00
-4.191914618514675617e+00
-4.987723271824989091e+00
-4.768057560967198683e+00
-3.798998850119303938e+00
-2.492277499005689734e+00
-1.272874832660469746e+00
-4.359280274942374800e-01
-1.604552800382974820e-01
-5.032665681532396684e-01
-1.278638813442325883e+00
-2.092726258573166742e+00
-2.573892697333167501e+00
-2.573619770563065234e+00
-2.187378715213515790e+00
-1.631137320777286792e+00
-1.174325969217683285e+00
-1.147573366045787635e+00
-1.835073004995465551e+00
-3.291881702639645191e+00
-5.142106514236561843e+00
-6.482677079893749195e+00
-6.314071235449454811e+00
-4.286821731599138374e+00
-1.053176020349637865e+00
1.991680529401585131e+00
3.609619685614337214e+00
3.459812726160753193e+00
1.987680050933638531e+00
2.223904083627513059e-02
-1.608626200614433843e+00
-2.391405086321508389e+00
-2.117776756311387842e+00
-7.470462421579692203e-01
1.523180475435878423e+00
3.914779536796602510e+00
4.759222758688977706e+00
2.142013914049171852e+00
-3.811952643467160229e+00
-9.658122944378598973e+00
-1.201035432802017411e+01
-1.073196170667531213e+01
-7.584078826844771193e+00
-4.225029091161311534e+00
-1.631978315390861578e+00
-1.113162332896523304e-01
6.002556445386184603e-01
1.170286772613878146e+00
2.317976152215114993e+00
4.414745060509596364e+00
7.220464956067849549e+00
9.536936254548303182e+00
9.327107208424912699e+00
5.528059519445860381e+00
8.946883123639276514e-02
-3.500834137153177927e+00
-3.844126210936676724e+00
-1.943331603499086846e+00
7.432287365711499616e-01
3.182109070525908745e+00
4.800014968378408575e+00
5.394153516302729656e+00
5.012729712295772799e+00
3.937146889102407510e+00
2.671970958757614145e+00
1.721177443232488669e+00
1.349686915322718228e+00
1.585334264729675979e+00
2.300895356313687579e+00
3.205060939499018602e+00
3.854721700995253020e+00
3.809258183192917091e+00
2.817283252360088142e+00
9.098358806414423849e-01
-1.537395968620236530e+00
-3.803785680650875634e+00
-4.944669469655559979e+00
-4.007306906996042528e+00
-7.184822487256601331e-01
3.550583611838781906e+00
6.445787585181681933e+00
6.768583507148337119e+00
5.191657793542641564e+00
3.109897449587620155e+00
1.462956197805489911e+00
5.283480461356798719e-01
1.754816270729464001e-01
2.573919880581542960e-02
-4.061189860519996420e-01
-1.504469418484009724e+00
-3.343901770134813489e+00
-5.536905479779127504e+00
-7.237890380442888905e+00
-7.406775069045956172e+00
-5.401876828037713629e+00
-1.754983715457540727e+00
1.769302501551431650e+00
3.503149295821720521e+00
3.125227700462672953e+00
1.435917893531128753e+00
-5.501589792520005240e-01
-2.160453838930047166e+00
-3.136311873248353699e+00
-3.481359975955182762e+00
-3.330838726627983970e+00
-2.922187698362427533e+00
-2.553459657080462630e+00
-2.444579992123716128e+00
-2.633727184648428477e+00
-2.981267057088061723e+00
-3.226409345142124074e+00
-3.074716855255561043e+00
-2.276649139522133769e+00
-7.328862275849491459e-01
1.202766266980761278e+00
2.367484067198244446e+00
1.204318841653178707e+00
-2.552501437370346515e+00
-6.802199688893040275e+00
-8.953036571242924069e+00
-8.268678510549898775e+00
-5.578685826295757266e+00
-2.098485868193465720e+00
1.099561446275099774e+00
3.342262069160901294e+00
4.489719579401873162e+00
4.890156019831641387e+00
5.147184082288448259e+00
5.756558867180157968e+00
6.775402443403329755e+00
7.570615826794279357e+00
7.010853572674249357e+00
4.563119261120377246e+00
1.183784455564830251e+00
-1.424021148241072066e+00
-2.277974756806177670e+00
-1.516206630854524784e+00
2.476267149313911564e-01
2.391051779578958314e+00
4.353678653956740696e+00
5.681769008592852721e+00
6.108804393515653075e+00
5.591508158237743942e+00
4.276581349861619863e+00
2.486784847550321587e+00
6.586120385787463949e-01
-7.986077149108802287e-01
-1.485454789562453914e+00
-9.716154817558917411e-01
8.479825304896878579e-01
3.333075695887526724e+00
5.310045113356072655e+00
6.049953203046070094e+00
5.889805591150656383e+00
5.460826537092890121e+00
4.982803925648219945e+00
4.271534925529165250e+00
2.966535734693766191e+00
8.536728877493844347e-01
-1.950367901286977013e+00
-4.984112018095906649e+00
-7.564296600328746401e+00
-9.038188203412095945e+00
-8.867317237157886112e+00
-6.834652541868199371e+00
-3.642712703552771991e+00
-8.289368530686020975e-01
4.361309952167016224e-01
2.449330166942938480e-01
-5.616542940144484408e-01
-1.359491815550120108e+00
-1.951573925277107158e+00
-2.369224984587069205e+00
-2.728463437496726485e+00
-3.115737604527808902e+00
-3.560860490179514226e+00
-4.040946039200089324e+00
-4.423014678877000172e+00
-4.517694497809615406e+00
-4.176575954795721302e+00
-3.308833591117505968e+00
-1.930329016852973867e+00
-2.169850606875025900e-01
1.407627048609242371e+00
2.123251947296072917e+00
9.802016624761020758e-01
-2.121284492949967682e+00
-5.706647559037152817e+00
-7.761939194055487157e+00
-7.589894415719996346e+00
-5.882539204140162070e+00
-3.606201111842271878e+00
-1.431905927091893238e+00
3.588822875709493099e-01
1.785927411105400875e+00
3.035811691480106767e+00
4.354960982615568632e+00
5.839936380351408829e+00
7.259486728122742427e+00
7.996694710349781410e+00
7.224676704042317432e+00
4.701292145239688303e+00
1.436719893377291779e+00
-9.813056039464167490e-01
-1.694475811184068759e+00
-9.485605080942257628e-01
5.618150321172624695e-01
2.251114982743725790e+00
3.722148563145851519e+00
4.752821064911071147e+00
5.258783138998582629e+00
5.248580307165673808e+00
4.845824393195873547e+00
4.235195262013157880e+00
3.567462826433242196e+00
2.936916051320786369e+00
2.355021906008123889e+00
1.773490632026708314e+00
1.162368755364918016e+00
5.851597514385574739e-01
3.736392314486839950e-01
1.137924300202884265e+00
3.138094677832274915e+00
5.593587799624162749e+00
7.148175461307267220e+00
7.053581133276994208e+00
5.425030190849108536e+00
2.719756937035708866e+00
-4.916456794108260420e-01
-3.566643098095690689e+00
-5.982613133136370109e+00
-7.514502462390712623e+00
-8.259839193700040383e+00
-8.435593745341734007e+00
-8.118141158126421786e+00
-7.185631502795607695e+00
-5.492710063889511218e+00
-3.258598179388423777e+00
-1.149037977233350993e+00
2.374232532611599278e-01
6.943444099495773569e-01
3.545904145603562263e-01
-5.094833066816895073e-01
-1.647484891716087585e+00
-2.811657162030027912e+00
-3.723910847064099805e+00
-4.106165016646446730e+00
-3.719452451203361765e+00
-2.459941229771028581e+00
-4.857748379339623668e-01
1.603683042547593640e+00
2.637652626808067335e+00
1.324505380873796101e+00
-2.518523674128188006e+00
-7.056354483254483334e+00
-9.696108463316104320e+00
-9.440645050948777595e+00
-7.105508464825357251e+00
-4.061549025975030425e+00
-1.396425754989252255e+00
3.913202559305475337e-01
1.333907444072482074e+00
1.814023962287240721e+00
2.418285933218287553e+00
3.628604827071692185e+00
5.442920427804278205e+00
7.087738782660647274e+00
7.178356662482480388e+00
4.955642244116138073e+00
1.415714916925144173e+00
-1.433679500321176636e+00
-2.313094921879716992e+00
-1.311269011951839980e+00
8.064150888674808115e-01
3.220052622959486577e+00
5.252552527904678747e+00
6.526030099006740137e+00
6.995794509796811944e+00
6.824883883434909926e+00
6.324334281882665110e+00
5.885743802158623694e+00
5.823054659148555245e+00
6.268960748095489421e+00
7.123028642236066688e+00
8.009208813523869708e+00
8.350787591526838582e+00
7.548193231396177261e+00
5.135264912281132688e+00
1.058050306599189527e+00
-3.603146381574520163e+00
-5.954187031426638299e+00
-3.059678679891565167e+00
3.060904629325977400e+00
6.174520096230113886e+00
4.122643060091153444e+00
-4.862212287970634761e-01
-4.871688278162267238e+00
-7.738318366556221406e+00
-8.902824215706493405e+00
-8.730025865408844510e+00
-7.847094041189658142e+00
-6.937914039264293287e+00
-6.516987206762902218e+00
-6.834886150981680508e+00
-7.915350177393037256e+00
-9.565936659570322576e+00
-1.133897391045529801e+01
-1.257955653569515597e+01
-1.259128249895884366e+01
-1.090964341004891125e+01
-7.744453778059551041e+00
-4.129194097435394006e+00
-1.263853986182625455e+00
3.176901458930078137e-01
9.816501867264019188e-01
1.655351312907603401e+00
3.183761476584404448e+00
5.393004755059140010e+00
5.889763707244980218e+00
1.325331177517548253e+00
-6.448143030565470113e+00
-1.116850395251253936e+01
-1.094074452481865478e+01
-7.760417477868021940e+00
-3.177209285773318737e+00
1.930998654470922338e+00
6.428497798300071508e+00
9.253763621994920641e+00
1.012076731634836690e+01
9.646067456322635181e+00
8.861544539760975780e+00
8.686449075571124112e+00
9.696331976020458043e+00
1.182144545134422842e+01
1.375969774282886782e+01
1.278986406391389963e+01
6.951042155863520478e+00
-1.517438869469838636e+00
-7.769895004302847852e+00
-9.755627459984923533e+00
-8.778901832881965461e+00
-6.600625073800570064e+00
-4.317840842310236127e+00
-2.703714559766279280e+00
-2.259383317502767774e+00
-2.826432372679891447e+00
-3.498068067424686234e+00
-2.907438112757607662e+00
-2.746140518536751562e-01
3.609755817619227258e+00
7.328591291547037478e+00
9.683194807867238296e+00
1.012535497489399106e+01
8.928201373299417654e+00
6.630382243137179721e+00
3.904877428544072604e+00
1.758544761144683166e+00
9.091192106974932408e-01
1.415282562316269033e+00
3.154911841814053819e+00
5.653710596203073813e+00
7.717416847595184315e+00
8.285839201691402423e+00
6.983400673274447357e+00
4.119540216800031018e+00
7.990578820535382265e-01
-1.871635205535536306e+00
-3.444325845905969352e+00
-3.641898392232207904e+00
-2.283206274666344626e+00
-6.078554433260589807e-02
1.429509612099575833e+00
1.436672503423537028e+00
1.554456202370005702e+00
2.566065464209060121e+00
3.572399131431520214e+00
3.673752661494683380e+00
2.449725984423324121e+00
-1.031681878544439546e-01
-3.615358070670138257e+00
-7.008232508693737373e+00
-9.016692843022399373e+00
-9.322037371989328136e+00
-8.395908343990972966e+00
-6.904922192466715458e+00
-5.700357103089094934e+00
-5.500381025086952036e+00
-6.494084040319025419e+00
-8.054994643903977902e+00
-8.156395417948704818e+00
-4.974335578657274048e+00
4.160009097263599465e-01
5.226169074359345856e+00
7.554750330118092272e+00
7.453821706059635233e+00
5.797171683036675738e+00
3.177540978276019779e+00
3.801789969883981879e-01
-1.409096680906985588e+00
-1.490532473987559614e+00
8.054265632104919137e-02
2.790121930523401073e+00
5.403110465534067153e+00
6.352554647406006616e+00
4.772938920040568966e+00
7.987249200649033654e-01
-3.761746553181173791e+00
-6.381920697176874491e+00
-6.210368370310099806e+00
-3.902710584896487145e+00
-6.765076227280816257e-01
2.069230552426159608e+00
3.500203169395407432e+00
3.325573385554231098e+00
1.374046673513356964e+00
-2.023695375420724751e+00
-5.581713801196503510e+00
-7.556095345467538138e+00
-6.330626344012521223e+00
-1.206375619591848691e+00
5.716015697241068061e+00
1.037368486690669478e+01
1.064079663832581346e+01
7.693473010598041562e+00
4.291176815599690109e+00
2.297128709088317677e+00
2.005853906090707905e+00
2.756518257870058441e+00
3.473735365872607339e+00
3.251617303532531089e+00
1.645666108050309884e+00
-1.471531262856140998e+00
-5.584770714987994822e+00
-9.089078074886733916e+00
-9.765280609527129840e+00
-6.173571838805913536e+00
1.308807234437386890e-01
4.922470121058293735e+00
5.750745375113061719e+00
3.485495443061584098e+00
3.039539947151462251e-01
-2.105421641157431356e+00
-3.111809766791689746e+00
-2.857862903916644104e+00
-1.987791394866465389e+00
-1.312434667544697842e+00
-1.331934948814498254e+00
-2.172823778066498512e+00
-3.821456920950749403e+00
-6.077185724037293291e+00
-8.396094793908376985e+00
-9.950526142518857142e+00
-9.890102330388426566e+00
-7.816932657780822247e+00
-4.301247233315559804e+00
-7.416425146264697954e-01
1.533322303139722953e+00
2.031685636825252939e+00
1.196127010999237461e+00
-1.225271548998168453e-02
-6.904660759143842474e-01
-3.636618504873302404e-01
9.945736530018952637e-01
3.002273909768370164e+00
4.681207014717442050e+00
4.229887787907992802e+00
-1.294640374136957761e-01
-7.309429739742768994e+00
-1.278532517715078143e+01
-1.374652296255658612e+01
-1.140865249750238775e+01
-7.994201769620473463e+00
-4.750854775109332628e+00
-2.027708661574474824e+00
1.666958902315154867e-01
1.914235627167082177e+00
3.544463348773074785e+00
5.605351020573200671e+00
8.366649204857164790e+00
1.113632787367471799e+01
1.193364955572408093e+01
8.837848528606347287e+00
2.860029864457696469e+00
-2.238609737446643155e+00
-4.043991880544060002e+00
-3.055853591566807914e+00
-8.175798357911541192e-01
1.447369173765735262e+00
2.997945565226141085e+00
3.525778673412064634e+00
3.070224533767998309e+00
1.824811196766205512e+00
5.778592790235138194e-02
-1.772301238532455248e+00
-3.053031913776632411e+00
-3.273036047095261747e+00
-2.316502985075575616e+00
-6.686244138295091011e-01
8.388250182400587285e-01
1.584370499589949022e+00
1.378256186237435177e+00
4.111963309435638925e-01
-8.320379443629599692e-01
-1.805539658337466102e+00
-2.154137183910070696e+00
-1.846816639676926552e+00
-1.102578037925482146e+00
-1.670112594037133635e-01
8.160130562003523602e-01
1.692824839646897006e+00
2.066646248715604095e+00
1.270547307933520109e+00
-1.091928030219867951e+00
-4.332000485012630797e+00
-6.967600209740320238e+00
-8.132935162855659428e+00
-7.956476118717658252e+00
-6.859986238390620272e+00
-5.117567115082769291e+00
-2.829692463552422321e+00
-8.444741747242277830e-02
2.871264265158926854e+00
5.622618253864677840e+00
7.777403310970549377e+00
9.159681941546871542e+00
9.686573172826387079e+00
9.073641568038686600e+00
6.940072946248180052e+00
3.586715923889637558e+00
3.865074822075457717e-01
-1.434435573879812909e+00
-1.869042265410761905e+00
-1.517644107493001826e+00
-8.295414579454698512e-01
-2.263662417986193887e-02
7.671686202087766304e-01
1.375646039327301784e+00
1.639932912820430966e+00
1.475757748503903732e+00
8.505031010078257792e-01
-2.285120967001541270e-01
-1.620187026165713862e+00
-2.977896031072294392e+00
-3.804589735456604505e+00
-3.716213001129905269e+00
-2.724324279752507127e+00
-1.244866010780799837e+00
1.152553582670017562e-01
8.414206358215980952e-01
7.312728053631010194e-01
-6.553102147756309503e-02
-1.128570904366831495e+00
-1.966921160486945208e+00
-2.251319628100201253e+00
-1.833862244876737435e+00
-6.762051007498335320e-01
1.093054931286486342e+00
2.902669772593005515e+00
3.350530092538269500e+00
6.981917095544779572e-01
-4.736300713512186178e+00
-9.507606471355774858e+00
-1.081836118110332912e+01
-9.105634154647727740e+00
-6.062972507673976885e+00
-2.840852594801615449e+00
7.515865938767836082e-03
2.257138293965266218e+00
3.959980050632964765e+00
5.397012504820196455e+00
6.913874081878516265e+00
8.681592196774882808e+00
1.043089353275687436e+01
1.115082859060344234e+01
9.335086714777935057e+00
4.674975202658343321e+00
-5.705916013324247027e-01
-3.642005142795931683e+00
-3.977252266463666253e+00
-2.689113032153132021e+00
-9.192440085737774158e-01
6.718765968628468421e-01
1.721422310245837028e+00
2.013261688935091165e+00
1.452810423957427322e+00
1.352229062816648342e-01
-1.583114990614036266e+00
-3.126859731948173238e+00
-3.878233649289561047e+00
-3.402881425691655526e+00
-1.696498127092301633e+00
6.185673336827023361e-01
2.497101263576797514e+00
3.152597289823208637e+00
2.533023746098430173e+00
1.162163677997748223e+00
-2.959051862363537566e-01
-1.369246520547760193e+00
-1.839144954232579288e+00
-1.639885919742952503e+00
-8.233826419363120541e-01
4.211731734953876316e-01
1.795315225264277670e+00
2.871916191222339432e+00
3.004098248343262778e+00
1.441174423028465768e+00
-1.956562790320678147e+00
-5.875072190338949341e+00
-8.333800309160212194e+00
-8.671848991817489249e+00
-7.677405099956096102e+00
-6.232742681410633701e+00
-4.662076157325382830e+00
-2.917353260854137265e+00
-9.354777863689192063e-01
1.219807387118687192e+00
3.428956949803618759e+00
5.564552118267141800e+00
7.390454029977863826e+00
8.374200149885300704e+00
7.749735544423775657e+00
5.203563035493569799e+00
1.702333713229943202e+00
-1.019338272304623150e+00
-2.009938110545882672e+00
-1.544304886006369282e+00
-3.685122664398809422e-01
9.267269582931551009e-01
2.038844136289168496e+00
2.873466872665846772e+00
3.431848879252439755e+00
3.728761549144028020e+00
3.775101843646938793e+00
3.624068689470905102e+00
3.391228415649541361e+00
3.209241263590486337e+00
3.161035880108494123e+00
3.259270506246087162e+00
3.478241838510162331e+00
3.777846203918119095e+00
4.084042514577887140e+00
4.272567568788772085e+00
4.210557531890287919e+00
3.812840573795406307e+00
3.060825018999369096e+00
1.969525449995276345e+00
5.835680476479490064e-01
-9.067648653217892374e-01
-1.965233274588191525e+00
-1.702590038182664411e+00
4.702796183034452238e-01
3.764831547810312706e+00
6.280889225255203101e+00
6.829474278041724133e+00
5.641218748606626754e+00
3.524923137964110609e+00
1.143282592591893465e+00
-1.117787754369512498e+00
-3.079960459748250834e+00
-4.718958983239819993e+00
-6.105019608375238604e+00
-7.321583066422046038e+00
-8.372743773280584278e+00
-9.011602313697441247e+00
-8.622578583064061775e+00
-6.592294895588575621e+00
-3.212615369654793884e+00
7.691584145637270220e-02
1.951513250421010870e+00
2.222936795902302087e+00
1.443975102716727132e+00
2.060253467497474011e-01
-1.085909764308717884e+00
-2.149392651832718215e+00
-2.746795558598365439e+00
-2.709073613725294649e+00
-1.991014352171228463e+00
-6.711312085085537893e-01
1.011703471720153402e+00
2.558760592575764381e+00
3.176866864192547268e+00
2.043873636765296098e+00
-9.395252900443843425e-01
-4.546339800423371713e+00
-7.007259278245629552e+00
-7.481315788262766553e+00
-6.350654365128471035e+00
-4.487193355938416950e+00
-2.623743764992602312e+00
-1.172080789427734970e+00
-2.295310046375006463e-01
3.709591394010487986e-01
9.476308441362333301e-01
1.797698114346424125e+00
3.039126512573917527e+00
4.473554705837524459e+00
5.515267232883691584e+00
5.325874236824090779e+00
3.423991161274279271e+00
4.198743944770518266e-01
-2.204851345662345530e+00
-3.301511558115201250e+00
-2.770164521034883975e+00
-1.193026375777770154e+00
7.563448926071737466e-01
2.560998282068809306e+00
3.904969188580374784e+00
4.683043889459364451e+00
4.980183634490729538e+00
5.033183355214686294e+00
5.142937029138234806e+00
5.536526573625943470e+00
6.281268192052181121e+00
7.275290809494437738e+00
8.250293243460584236e+00
8.824349893301786096e+00
8.642847296266577217e+00
7.524143552363043774e+00
5.517956691823303395e+00
2.835612180224186041e+00
-2.474381912956851171e-01
-3.231387905390982862e+00
-4.921385829033556369e+00
-3.644766749747585077e+00
3.655465213207191311e-01
3.600681943285898523e+00
3.593211410428964747e+00
1.408772708327768353e+00
-1.167814633996409723e+00
-3.334786586600832159e+00
-4.976556369205733077e+00
-6.145530805213740067e+00
-6.861034601926712106e+00
-7.122930999443913613e+00
-6.954539389255748993e+00
-6.436904092238942887e+00
-5.720292469133170243e+00
-4.978865184745724370e+00
-4.372073607874362722e+00
-4.021009249284369425e+00
-3.987052262537813530e+00
-4.282865273237876913e+00
-4.876474798523759979e+00
-5.678774247678358478e+00
-6.552274477561045529e+00
-7.310220701549369871e+00
-7.719924105658459546e+00
-7.556076211839991785e+00
-6.704404613501667498e+00
-5.283259992780912739e+00
-3.663097017925152077e+00
-2.244299176308838017e+00
-1.183823409580955666e+00
-3.031244262723600258e-01
7.936136417882826422e-01
2.424897248122315219e+00
4.328939362466893037e+00
4.972981332774524255e+00
1.990915313985699653e+00
-4.243543173805306878e+00
-9.148591141413666250e+00
-9.838585379287659194e+00
-7.509012611202283694e+00
-4.013042713268222705e+00
-2.707480747372766339e-01
3.206140067168428143e+00
5.918854784461703211e+00
7.537041302391361164e+00
8.138589567045816153e+00
8.205187787832089796e+00
8.371490325081015982e+00
9.137283306513655390e+00
1.056930824116489198e+01
1.185431206050897401e+01
1.106070539982874656e+01
6.502397793542738391e+00
-4.864328268454453097e-01
-6.088217370321238775e+00
-8.235839640799763828e+00
-7.730253824586365674e+00
-6.080953095722970936e+00
-4.268940756353541310e+00
-2.847083548625473970e+00
-2.170404027867661068e+00
-2.350943667736300480e+00
-3.124665806900852605e+00
-3.847872206479281854e+00
-3.705258270501466722e+00
-2.273862343193076008e+00
1.019020759567917239e-01
2.598921592972447403e+00
4.345670883582022803e+00
4.876036396410682983e+00
4.323102115889734698e+00
3.124774957354146565e+00
1.813414204937771501e+00
1.004609907547012515e+00
1.107317075805045237e+00
1.924788318195453485e+00
2.345719881601992629e+00
5.021177507413893126e-01
-4.053836611711113314e+00
-9.090810200602966518e+00
-1.206319094449343687e+01
-1.214516858380737574e+01
-9.862052879497435143e+00
-5.949774362753181833e+00
-1.410186422198567602e+00
2.400820511877047814e+00
4.590036738890829859e+00
5.093166403575462908e+00
4.496655296794656920e+00
3.978345335542262440e+00
4.636680839006787735e+00
6.450513616453888766e+00
7.578931878731093974e+00
5.664933150625903302e+00
1.203996388049964006e+00
-2.941763529236611774e+00
-4.713083996994043900e+00
-4.062110181477986082e+00
-1.790062890737566192e+00
1.288280328298313737e+00
4.189332492927468898e+00
5.947021761062761591e+00
6.173692521525858012e+00
5.024618655933242195e+00
2.867162253861070820e+00
4.344731368562544382e-01
-1.339028082469917225e+00
-1.968967176800327845e+00
-1.363717900944113826e+00
3.172542107875886419e-01
2.364415592890348083e+00
3.883099154681739940e+00
4.437205420072920958e+00
3.961110071156110024e+00
2.627372342959438889e+00
9.802560670930235975e-01
-1.761825750048045258e-01
-1.741646082514023419e-01
1.219192743835148862e+00
3.753336722191450647e+00
6.575155716354094793e+00
8.353346236300259520e+00
8.134617846852158607e+00
5.782260759879313206e+00
2.116345426232036253e+00
-1.079506607820645003e+00
-2.409056111731865624e+00
-1.770841141824021747e+00
1.427555323185751013e-01
2.156603926048449082e+00
3.127654079179588376e+00
2.430764272565856920e+00
-2.351614500258205898e-01
-4.231068767504898354e+00
-6.618004832529555514e+00
-3.303189500395578460e+00
5.713517135553528803e+00
1.358634302076707634e+01
1.499523692783864526e+01
1.117936526179465950e+01
5.143377399471853018e+00
-5.403049229869311132e-01
-4.288901119063031508e+00
-5.789734680996299510e+00
-5.558361247119742110e+00
-4.960776736221614414e+00
-5.445534404841798626e+00
-7.687553187664136978e+00
-1.138901767721675107e+01
-1.428555004152511465e+01
-1.279082135611098359e+01
-5.874335418317633284e+00
2.552133272534034880e+00
7.240661687516422695e+00
7.286226226023964081e+00
4.663472239300548772e+00
1.142698423220254833e+00
-1.816420564272458460e+00
-3.241358399531395484e+00
-2.897415224233031328e+00
-8.888497528775194390e-01
2.174341685653899514e+00
4.760168734964323356e+00
5.275536291271417433e+00
3.023603401680689640e+00
-1.383122225426706597e+00
-5.708446516631062728e+00
-7.752288505479191905e+00
-6.997241398241469845e+00
-4.154878079192069862e+00
-6.728130378353153196e-01
1.939450891740256644e+00
3.021810865961188419e+00
2.595517418605319371e+00
9.658886291966459758e-01
-1.151495042863638130e+00
-2.818371858758462967e+00
-3.516094310975810711e+00
-3.162134865133058081e+00
-1.898315139942890140e+00
-3.669942497337553844e-01
4.902039851277020799e-01
1.586154850742600986e-01
-1.316812491688490905e+00
-3.126418041843108675e+00
-3.638842599366746366e+00
-1.921165972527843602e+00
1.485992220796897190e+00
4.920000075523012661e+00
6.629220796917292269e+00
6.123868088780709762e+00
3.818083576688711123e+00
4.439894231306799055e-01
-2.843435256707810943e+00
-5.026369931974075556e+00
-5.778777917720168134e+00
-5.188869118435695427e+00
-3.668811397977317590e+00
-2.101892236705998673e+00
-1.408345578298541012e+00
-1.999617291808736264e+00
-3.828786847400437399e+00
-6.421357273708439450e+00
-8.761298810365852674e+00
-9.877188880381886804e+00
-9.359944964379131704e+00
-7.183779405669837637e+00
-3.879643507944633640e+00
-5.293899574906261174e-01
1.976212042968566340e+00
3.014539549834252430e+00
2.054723137073417583e+00
-3.394297535026478130e-01
-2.128538305493747895e+00
-1.826588224691855444e+00
-6.612779727808367758e-01
-1.437034003184241571e-01
-1.326571209499753934e-01
1.290060211320679662e-01
1.202625531319429175e+00
3.184835941202855736e+00
5.694935920631910342e+00
7.978936791078216295e+00
9.300137984227943022e+00
9.428112305013581107e+00
8.600801034773834175e+00
7.187722378453565319e+00
5.766151511621781189e+00
5.071596153494736470e+00
5.547256157329465864e+00
7.150038396606379187e+00
9.171499017827065003e+00
1.012423190142763652e+01
8.782811341193072607e+00
5.247919344405377551e+00
8.417421934928549510e-01
-2.572191382784692504e+00
-3.965391157015148771e+00
-3.565755342552217044e+00
-2.088061988367209132e+00
-4.388224330604942325e-01
4.276123790078737996e-01
5.324354400765191758e-02
-1.031580662883078148e+00
-7.525302879022797153e-01
3.023719584242694047e+00
8.805051648893337912e+00
1.295416018254785051e+01
1.346955205625908469e+01
1.061872295064936011e+01
5.226989701786703968e+00
-1.270590631231919510e+00
-6.634294204307620291e+00
-9.524305600261778082e+00
-9.998323814235838825e+00
-8.986288402672819586e+00
-8.041090343354936110e+00
-8.381089992295489566e+00
-9.843799521647140338e+00
-1.016342544694306227e+01
-6.732145352419859563e+00
-7.512505766670366514e-01
4.327965009217154879e+00
6.601180883420973089e+00
6.457034097058307331e+00
4.862854328582673524e+00
2.338598146377048437e+00
-4.037318867492518670e-01
-2.192752412267448214e+00
-2.345084442130874081e+00
-1.046785387644514342e+00
1.019225278986560568e+00
2.528825300660543007e+00
2.353678257875240654e+00
3.827084054159580750e-01
-2.775255870074360587e+00
-5.547116696502150113e+00
-6.452674500744179475e+00
-5.366636264101829923e+00
-2.807277456412849759e+00
4.204938065414277060e-01
3.018827244704476165e+00
4.120699893817464599e+00
3.483633134070771131e+00
9.039866894338338676e-01
-3.146772980906520800e+00
-6.899760776092594305e+00
-8.250878290098595969e+00
-5.566366751852894978e+00
9.217067757346495416e-01
7.605900170737392330e+00
1.066620232561428949e+01
9.312996876560577064e+00
5.455249829626040992e+00
1.867610932290608705e+00
5.288372119434681107e-02
1.577636731758721433e-01
1.493996323691819228e+00
2.823797470434436185e+00
3.114635654915216545e+00
1.843807023766371955e+00
-1.141951816202464887e+00
-5.272203599855368239e+00
-8.908964204086561978e+00
-9.868221793515786544e+00
-6.664266559020886049e+00
-3.777634270740412581e-01
5.098492510848974923e+00
6.776454275708300834e+00
4.886402717784245731e+00
1.525096477124497474e+00
-1.307883282169219452e+00
-2.645568284562506811e+00
-2.467034255324247027e+00
-1.372649576116644177e+00
-2.500030959759777516e-01
1.387697452134102061e-01
-5.115795249901043951e-01
-2.182023037051189274e+00
-4.681465477742053238e+00
-7.402128277771851117e+00
-9.421606229313237435e+00
-9.956346031659048634e+00
-8.510742922863405724e+00
-5.365156384796014422e+00
-1.819076634740655507e+00
7.357057144272541871e-01
1.569873041682186443e+00
8.974063771790564692e-01
-3.109920722903497525e-01
-1.118557663970404681e+00
-9.606592565192489941e-01
3.164354684272718821e-01
2.402480286845734003e+00
4.568169553351330237e+00
5.368329533618845240e+00
2.702367899147846142e+00
-3.910553217266709680e+00
-1.085347719962335589e+01
-1.369107491905870866e+01
-1.220683189818823777e+01
-8.947641382004036359e+00
-5.767327056896832893e+00
-3.239127365993069940e+00
-1.272678001330569852e+00
4.496334059494808133e-01
2.234725809604034996e+00
4.469601556592834868e+00
7.408456956733670218e+00
1.061601228520077100e+01
1.263052502359906804e+01
1.124974555925354025e+01
5.852336418685283981e+00
-4.730883666835035695e-01
-3.957703395020933268e+00
-3.911366963568264410e+00
-1.919034759036015281e+00
3.873315381173371708e-01
2.107768690235793496e+00
2.854511080084000785e+00
2.608507586117273291e+00
1.598875211428502752e+00
8.930535334017022930e-02
-1.528917826362446775e+00
-2.728257059659337180e+00
-3.083986533659845097e+00
-2.410715172659045002e+00
-1.006521604580775220e+00
3.951227315694013087e-01
1.197668536075502832e+00
1.164338014198472493e+00
4.074808113333207027e-01
-6.571427321884621975e-01
-1.591091503888008907e+00
-2.036963251733737046e+00
-1.820861101898156864e+00
-1.038489292500715422e+00
1.382990139278209019e-01
1.517649093313850450e+00
2.694431062962010959e+00
2.875714912150420854e+00
9.746154259590993352e-01
-3.095345416317694109e+00
-7.219080861661289816e+00
-9.132495578143496218e+00
-8.702328398423722078e+00
-7.059147100760826632e+00
-5.019003185570255710e+00
-2.792666747114406878e+00
-4.498054159746535663e-01
1.926979846947734609e+00
4.260692724767718431e+00
6.434433200350783366e+00
8.358356135159779043e+00
9.837419752376311166e+00
1.033668428027747588e+01
9.050762542104182629e+00
5.596363938503580826e+00
1.200469992422904975e+00
-1.948123066890668831e+00
-2.936988536820726470e+00
-2.384964105928167211e+00
-1.261760870922549405e+00
-1.551700175227516409e-01
7.267545683206247942e-01
1.264478521026933366e+00
1.348066970376131657e+00
9.351363647296903059e-01
6.309045305913529855e-02
-1.089091961428139133e+00
-2.255145191961048567e+00
-3.162704148718036734e+00
-3.511716447474810820e+00
-3.111353020608147890e+00
-2.082523010295466825e+00
-8.563855536153349712e-01
1.717170556895442415e-02
2.387753590993997865e-01
-1.132140691852776687e-01
-7.922845905145663448e-01
-1.479214808480413534e+00
-1.840711178603495535e+00
-1.600883394037037721e+00
-5.664389801827566240e-01
1.186337909769570986e+00
2.995892583257247832e+00
3.367538869498527099e+00
5.480142484711748585e-01
-5.019017318440647024e+00
-9.757103402618692911e+00
-1.090851012694832534e+01
-8.936809109368047288e+00
-5.586428263649081849e+00
-2.091892745650654195e+00
9.623856271760558023e-01
3.318251645936469263e+00
4.975801171394037326e+00
6.165506647139568308e+00
7.286575443287212295e+00
8.736901585565249206e+00
1.041340391082465544e+01
1.124116885570529867e+01
9.494465411640808483e+00
4.709216954218226725e+00
-7.666214565502457168e-01
-4.097809424677439694e+00
-4.683340046823968095e+00
-3.516333318058046942e+00
-1.701478877353394648e+00
3.547450844827821498e-02
1.224593832801242232e+00
1.555900362221042998e+00
9.652656388849328861e-01
-3.829565688227515308e-01
-2.127961061792663866e+00
-3.614883240965836020e+00
-4.089630154706377141e+00
-3.110160679704528697e+00
-8.822011024132881962e-01
1.595107077911772864e+00
3.156552694949154692e+00
3.299596346828814308e+00
2.216969648656118341e+00
5.044486706738856574e-01
-1.139153742270084813e+00
-2.180299647462867529e+00
-2.291167892365407965e+00
-1.372333314235850477e+00
4.156682739347062339e-01
2.634511265430992122e+00
4.421956586674898659e+00
4.384732433396254514e+00
1.214964021446723663e+00
-4.453284348485198940e+00
-9.317474238746742188e+00
-1.071626262448943834e+01
-9.136986321829416724e+00
-6.476666811573065452e+00
-4.061981935313226266e+00
-2.285556288788622048e+00
-9.951680296121065972e-01
1.412567436488423311e-01
1.517205396135046902e+00
3.443874145151138766e+00
5.952534284763665973e+00
8.572247768677463853e+00
1.006482147414181050e+01
8.831357329101562570e+00
4.572861999271088607e+00
-4.648182205749701867e-01
-3.369115847037544409e+00
-3.399467310613654814e+00
-1.680463509232717145e+00
4.829461093185476450e-01
2.260311757508969954e+00
3.304598038381658220e+00
3.592689895325867688e+00
3.254067452491457235e+00
2.516314264256122257e+00
1.657072030815422758e+00
9.217117555763623127e-01
4.876760317897372854e-01
3.909478412230032451e-01
5.049427790155690543e-01
6.095187691708080502e-01
4.614702264471140514e-01
-1.139844603920339428e-01
-1.153643267085302071e+00
-2.566525843484806391e+00
-4.103286775295530653e+00
-5.381179976786026664e+00
-6.044158665449007373e+00
-5.893465491433838466e+00
-5.003093398546634596e+00
-3.753775383975523461e+00
-2.633468338541026910e+00
-1.997683855453896706e+00
-1.917794708823975958e+00
-2.131430886815173231e+00
-2.178513099553295085e+00
-1.556937837137594371e+00
1.094415912930885998e-01
2.675531174789839373e+00
4.761048414088064895e+00
3.541341296724903387e+00
-2.299603936694525785e+00
-8.765011121819616946e+00
-1.097246619035589887e+01
-8.843220592912103939e+00
-4.700901556693312777e+00
-2.938469581132543418e-01
3.412308599870886638e+00
5.912524385123600901e+00
7.130452623503625631e+00
7.436049845843876405e+00
7.486321099203956386e+00
7.967370683831287437e+00
9.309337077522210180e+00
1.131443370973850371e+01
1.267267339103301360e+01
1.108465115820179747e+01
5.447573220585597120e+00
-1.714303060405876877e+00
-6.469227592437704288e+00
-7.591562308463509545e+00
-6.350410862884678487e+00
-4.241178088577909122e+00
-2.219463148445986800e+00
-9.125174778504945294e-01
-6.845200840025081890e-01
-1.515533213193265949e+00
-2.958439367886426030e+00
-4.089154112994010326e+00
-3.774516031614349121e+00
-1.576024517508709977e+00
1.831579663154069504e+00
5.016606634587900793e+00
6.646230786941350388e+00
6.385001020665668214e+00
4.705564583885047725e+00
2.321730062557495700e+00
8.386549733516097949e-02
-1.246956565801640604e+00
-1.286824493983439233e+00
8.101440346754461286e-02
2.677737229614598924e+00
5.610245891979588784e+00
7.225253516714136737e+00
5.850667530979906772e+00
1.084092824069188277e+00
-4.934786404816307481e+00
-8.881444679756810956e+00
-9.339569184814733305e+00
-7.119873471711182233e+00
-3.908017089856326010e+00
-1.215288447765632940e+00
2.077238757165057736e-01
3.108248004071900716e-01
-5.202569390239185632e-01
-1.609367080810299111e+00
-2.214874724374614967e+00
-1.822340709129097291e+00
-2.147966901753866342e-01
2.494150081927086315e+00
5.600577403825703016e+00
7.810860655265831731e+00
7.729722888346565846e+00
4.573988099552766862e+00
-6.166252115202858208e-01
-5.005500512799565094e+00
-6.488420057183754253e+00
-5.203535926547425028e+00
-2.709560183769252006e+00
-5.366365203991597665e-01
6.238726134604328788e-01
7.744277326098497616e-01
3.015624097216357824e-01
-2.235759462886318938e-01
-3.163203403384133860e-01
2.986787968203944987e-01
1.710805216714744281e+00
3.755423235369186763e+00
5.977092598535117318e+00
7.744854133721749356e+00
8.409928520635491012e+00
7.492093822478175902e+00
4.997801570595234111e+00
1.741509450450303698e+00
-9.363213614300843757e-01
-2.099559809977345815e+00
-1.803312399370079255e+00
-8.078379498833443417e-01
9.973483126302994106e-02
4.984843765766136525e-01
2.888586110241324056e-01
-4.669541505277856053e-01
-1.601597678702037619e+00
-2.814429202234342675e+00
-3.498315105536586422e+00
-2.662338617837472388e+00
4.260293158657924018e-01
4.989734560106612093e+00
8.775733041060268746e+00
1.023706781454309933e+01
9.715474423263060544e+00
8.257896219761549972e+00
6.537297410349840021e+00
4.757557738199788666e+00
2.876649162936894211e+00
8.361662626300762069e-01
-1.347973575474062047e+00
-3.601876898157747142e+00
-5.767414404736900480e+00
-7.498560361317652578e+00
-8.074981066438356336e+00
-6.642002907641654907e+00
-3.358393811157347919e+00
3.215150620697632133e-02
1.770255802206057272e+00
1.638377537197226452e+00
4.424822912313944312e-01
-1.064683050493675065e+00
-2.463581301242532273e+00
-3.547766313052806542e+00
-4.234189808538100230e+00
-4.519048574937464480e+00
-4.485253105498816062e+00
-4.278990743058913360e+00
-4.045200838666675125e+00
-3.921363393985768830e+00
-4.027250146066856828e+00
-4.419664328154213173e+00
-5.075793762241748830e+00
-5.877256073008997994e+00
-6.637496785359484619e+00
-7.188473211445509214e+00
-7.407421773463310544e+00
-7.211955166092499425e+00
-6.583003653346743533e+00
-5.546748459781074558e+00
-4.143808386729929794e+00
-2.389823266992806783e+00
-2.811999758046849762e-01
1.929229112323937567e+00
3.305041136423637393e+00
2.491088752096320302e+00
-4.334546389874526229e-01
-2.984072542978752907e+00
-3.179089376371667885e+00
-1.363979111259904897e+00
1.289974941268087205e+00
3.946334837326567868e+00
6.131677061661694239e+00
7.560138585604702754e+00
8.131358491518081877e+00
7.985364967151667770e+00
7.421316199158336069e+00
6.791689535005902556e+00
6.451789730104497522e+00
6.676007783457302835e+00
7.574289169756918128e+00
8.993112968850581979e+00
1.037127262486852075e+01
1.079371182361802362e+01
9.449079317940158873e+00
6.308311699041752263e+00
2.449824976467705362e+00
-6.303755179112735529e-01
-2.143464490855389482e+00
-2.304338549635444711e+00
-1.865495306964359168e+00
-1.606084990925902511e+00
-1.975946402529907830e+00
-2.666565583812801510e+00
-2.124796825302338377e+00
1.542919086950949925e+00
7.372309659053339459e+00
1.167141148844575760e+01
1.255697544474977434e+01
1.062278133216860887e+01
6.747256885511614399e+00
1.585792262269008823e+00
-3.696401757274247135e+00
-7.697479557711152331e+00
-9.755120459235037345e+00
-1.022168235638541312e+01
-1.006919703334874505e+01
-1.026899381130409949e+01
-1.112647053973469369e+01
-1.158467477795775835e+01
-9.323726917751155696e+00
-3.575380913375935776e+00
2.770964156268326928e+00
6.578500398115431302e+00
7.477756609359404116e+00
6.703119555065783608e+00
5.196974973421845334e+00
3.377920570427898728e+00
1.664288500002247817e+00
5.698392066923141375e-01
3.103513820289262592e-01
5.942056185350634845e-01
7.963287968832288843e-01
3.168889071973843841e-01
-9.500169189008371706e-01
-2.726815033060334681e+00
-4.528071469163871043e+00
-5.700328388986641848e+00
-5.854223140111521673e+00
-5.092125544865481857e+00
-3.729996097708325298e+00
-2.264286546382289433e+00
-1.362169657418336399e+00
-1.324073493441315197e+00
-1.850941899094723730e+00
-2.038056196075413773e+00
-4.667003269337061666e-01
3.086037579799591590e+00
7.142130018884018661e+00
9.885972781645392615e+00
1.038798528737232374e+01
8.892194600215216127e+00
5.950843489433879974e+00
2.246329622657970759e+00
-1.076426632549406293e+00
-3.069806289305143210e+00
-3.502839746530861387e+00
-2.576120717291032314e+00
-1.116819244179923176e+00
-4.438273283952758330e-01
-1.356246748676491976e+00
-3.565969799264511408e+00
-5.087868720801222544e+00
-3.591068378800575722e+00
5.572495977472472495e-01
4.791006557811983591e+00
6.695913981742318555e+00
5.772583691544794782e+00
2.778893810118277852e+00
-1.253343085585771455e+00
-4.923784864719668697e+00
-7.123102883166401611e+00
-7.670535236421782699e+00
-6.810211127598775782e+00
-5.120134980981362105e+00
-3.729322064025093475e+00
-3.553906414462634000e+00
-4.738379020617514037e+00
-6.575596147616542098e+00
-7.335712006816071273e+00
-5.847735800790410110e+00
-2.610844582996111551e+00
9.863270915075198486e-01
3.328235332385395040e+00
3.713349466759149120e+00
2.457374844347834042e+00
7.434917395168315346e-02
-2.567818113099074928e+00
-4.230521343040037685e+00
-4.119383353635234890e+00
-1.985418331874416742e+00
1.681031305827558997e+00
4.341311001280673487e+00
2.425785207040377589e+00
-4.555072236239848138e+00
-1.205322205387524193e+01
-1.488977911110314167e+01
-1.253246771125529513e+01
-6.875389515364614290e+00
-4.518135218252677388e-01
4.260434445269465797e+00
6.316142231163552445e+00
5.919092826195933021e+00
4.263299859354138910e+00
3.405214949604228103e+00
4.745840138406479447e+00
8.199601805414207689e+00
1.129673551669629639e+01
1.047063078404645964e+01
5.353657631830769148e+00
-9.192786707015349057e-01
-4.618356448133975611e+00
-4.734769432195639283e+00
-2.304243790695849725e+00
1.508976463287605707e+00
5.193612985474281629e+00
7.326713903132134220e+00
7.514114168385808590e+00
5.871960823724386103e+00
2.612556145228240645e+00
-1.303872755832778951e+00
-4.335687648526681315e+00
-5.287707990609035846e+00
-3.246352163155094672e+00
1.523499152492030495e+00
6.397636751375663344e+00
8.600557516384105483e+00
7.398360409605892585e+00
4.367232757234348561e+00
1.948146128081012174e+00
1.266862627138790609e+00
2.233979841588253468e+00
3.831813368331079328e+00
4.532332561301730678e+00
3.432140601349002118e+00
4.219965967690257336e-01
-3.867257414683292538e+00
-7.854505983363656796e+00
-9.787289976336742470e+00
-8.418347084991344431e+00
-3.739853663028753772e+00
1.629485110049629260e+00
4.349991188948307830e+00
3.507847532714331251e+00
6.585896714362546867e-01
-1.988710378082057861e+00
-3.378504099297246377e+00
-3.460161269979241450e+00
-2.574039407428498460e+00
-1.451613548947849219e+00
-8.992165261803228837e-01
-1.369469556231181384e+00
-2.917067653040032571e+00
-5.174683298539094700e+00
-7.463239585488175898e+00
-9.166269382516466280e+00
-9.922734152319842238e+00
-9.559789302883535456e+00
-8.147087067692954321e+00
-6.218388305323220067e+00
-4.587363341487802337e+00
-3.706238076066104892e+00
-3.447588141017472907e+00
-3.247106002340836461e+00
-2.174759394529651058e+00
5.675065233566153333e-01
4.491606930630038796e+00
6.355697739932971047e+00
2.930810722811066693e+00
-2.815649230369756673e+00
-5.383524796959118675e+00
-3.803834618780981724e+00
8.354710618195548139e-03
4.358141009218036821e+00
7.912537599639381192e+00
9.795809051790582700e+00
9.784119395899487870e+00
8.174115218251795767e+00
5.745816226903441404e+00
3.557375824513216767e+00
2.370778553552959966e+00
2.392342978054179170e+00
3.510918842278501817e+00
5.360852340692422224e+00
7.206924317592664941e+00
8.364903054197919019e+00
8.579784000129011545e+00
7.843459089961958064e+00
6.474272350666751663e+00
5.176364971894321876e+00
4.501877370601868655e+00
4.614858456819328936e+00
5.390418797726347577e+00
6.232300428243613410e+00
6.290456501826284352e+00
4.904264693165513833e+00
1.680001280220183357e+00
-3.127447188691736546e+00
-7.957741441699615059e+00
-9.363244828820466381e+00
-3.731405151358633709e+00
5.874317325958359426e+00
1.060840372762351080e+01
8.162486202080406983e+00
2.772012987843027965e+00
-1.866289390878011156e+00
-4.590005930787656396e+00
-5.560870790029091459e+00
-5.398844867028254058e+00
-4.915081423745276012e+00
-4.729732399044557667e+00
-5.189394272634821448e+00
-6.371086694407602558e+00
-8.050531994799802860e+00
-9.861000334909689968e+00
-1.134132499362734059e+01
-1.186430218269261694e+01
-1.062532020554895063e+01
-7.050700299062364174e+00
-1.890857099332333036e+00
2.652297280189178430e+00
4.849392571199684809e+00
4.837059108429437870e+00
3.914831705279536944e+00
3.212482373134866620e+00
3.208504705295249337e+00
3.951891367498032270e+00
5.167746924488876736e+00
6.193441258406934047e+00
6.002134581280591519e+00
3.488264474617665201e+00
-1.342052177226016996e+00
-6.460370104609238773e+00
-9.523780894571608258e+00
-9.984526700573152169e+00
-8.841361838794908223e+00
-7.262326617552687047e+00
-5.869632402216724998e+00
-4.891544391482171683e+00
-4.376763617606362899e+00
-4.227546606819998942e+00
-4.284899457008664037e+00
-4.303092710298808576e+00
-3.974618475194211520e+00
-3.096998626643980845e+00
-1.540876500165441865e+00
7.175134325699012994e-01
3.329180856094639651e+00
5.269007775279503036e+00
4.795291810722348558e+00
1.073041288983604735e+00
-3.592531065117467559e+00
-5.837621045965643241e+00
-4.955813433174101945e+00
-2.419502384068449974e+00
3.235387801823668696e-01
2.570162487217831249e+00
4.066735964429035732e+00
4.856923280802245557e+00
5.201073469487394796e+00
5.411047906351392989e+00
5.806687217246906840e+00
6.626093793232023188e+00
7.903258846589634068e+00
9.340360907292664550e+00
1.003770649322903985e+01
8.698921865451632485e+00
4.859323904600036492e+00
-5.629875316974775751e-02
-3.700420497909141293e+00
-4.967456765209885106e+00
-4.369782214854851077e+00
-2.872097768723068878e+00
-1.265438573332415384e+00
-1.064875937460828537e-01
2.726112340005213963e-01
-2.754509477501450587e-01
-1.635673308835135620e+00
-3.283227301303084378e+00
-4.206619941618386704e+00
-3.144885403401600943e+00
3.681701312334890730e-01
5.018547861713006597e+00
8.518533033767511142e+00
9.541652906031563575e+00
8.374508304663160985e+00
6.020371519800978177e+00
3.415954776682964766e+00
1.267142115014353143e+00
-4.708780126784815889e-02
-5.013961567289187959e-01
-3.265622532573210224e-01
-1.694471526148529431e-02
-1.964739295024565680e-01
-1.266983534861066074e+00
-3.183047638427153991e+00
-5.163371839566946342e+00
-5.658970175480234843e+00
-3.497774863606408768e+00
6.994906414877969381e-01
4.613842339786495828e+00
6.234682544333189469e+00
5.353797744806636061e+00
2.869238736753418895e+00
-1.049029131959426792e-01
-2.608420737698167624e+00
-4.144694205701961565e+00
-4.656018557865132301e+00
-4.386155135061018839e+00
-3.851480698957317372e+00
-3.664488361738813538e+00
-4.246614881902449845e+00
-5.599317315859131838e+00
-7.127990208582684950e+00
-7.764581669684677223e+00
-6.683783448827508522e+00
-4.039068482693897622e+00
-9.408866608205470605e-01
1.277602333789521039e+00
1.926258642897690443e+00
1.150495745881343623e+00
-4.640202137444321417e-01
-2.181819097342970970e+00
-3.214569624037182827e+00
-2.927382889957508283e+00
-1.070952793414798432e+00
1.773132959664685648e+00
3.260327343976972436e+00
2.635243527116825635e-01
-6.715648390299406856e+00
-1.262599314377095538e+01
-1.373325171560042257e+01
-1.054750772922274571e+01
-5.050418125595965257e+00
7.371422808804172222e-01
5.081462919758754637e+00
7.245874822912878876e+00
7.517591175120587721e+00
6.962832205450440348e+00
6.967777940737788889e+00
8.370232491943331965e+00
1.074143296118983315e+01
1.183605015327461629e+01
9.101302133161514263e+00
3.152127400566846926e+00
-2.493755349308693248e+00
-5.142806209148123919e+00
-4.842947567225198924e+00
-2.799499197890213065e+00
-2.320324256097480806e-03
2.595334989862875918e+00
4.048178099474222691e+00
3.873824200959206543e+00
2.095603781034485635e+00
-8.568879127317466926e-01
-3.664743066399160032e+00
-4.428318355340640444e+00
-2.085283043583444407e+00
2.806634275649761090e+00
7.686408707382137884e+00
9.859171845774152843e+00
8.797291279859582147e+00
5.463550070453288221e+00
1.509944098489523823e+00
-1.407601095500769617e+00
-2.644200365299935296e+00
-2.283760156370733707e+00
-8.186873252981153870e-01
6.063992513295027864e-01
8.362442627324613298e-01
-6.023420044012713914e-01
-3.523994820989762911e+00
-6.676217378177677908e+00
-8.092795917060394473e+00
-6.668755365016046710e+00
-2.736267928176210784e+00
1.710194801145735521e+00
4.233306342355444229e+00
4.009947558079058005e+00
1.606356822101122850e+00
-1.697142120890766215e+00
-4.421380991864083398e+00
-5.812552530229249115e+00
-5.772286989563030879e+00
-4.429807723799256358e+00
-2.265506345332241267e+00
-7.264721338645234450e-02
1.463696698966836962e+00
1.924498742287909403e+00
1.044854992907624291e+00
-1.026356363694055363e+00
-3.403984436732491847e+00
-4.893951304726783746e+00
-4.975918774180078330e+00
-4.593070162298372061e+00
-4.899913571694691328e+00
-5.857383963921186876e+00
-6.465389025118566835e+00
-5.689708810793340454e+00
-3.138097183760609532e+00
8.499264238279288231e-01
5.248665132182936510e+00
8.821936337340368084e+00
1.074562067684027689e+01
1.060050930415128789e+01
8.373340157496135916e+00
4.986262992948989670e+00
2.120809578089090319e+00
8.778909546400824881e-01
8.475015425579508488e-01
1.037088531739484676e+00
9.399480352686570006e-01
5.441277053637899597e-01
1.010877616273689189e-01
-8.761581633322070017e-02
1.794101495325876872e-01
9.112454041420646744e-01
1.862331384825635316e+00
2.575184083077448616e+00
2.613777716742982982e+00
1.771760220759367899e+00
9.412439774576703000e-02
-2.037139364917024853e+00
-3.691846841559276893e+00
-3.694385947887827815e+00
-1.495404977661082935e+00
2.106172806178453705e+00
5.225275530915395983e+00
6.409413365395194795e+00
5.527647994477162818e+00
3.280082458395581213e+00
6.509353910365467399e-01
-1.476500506477814723e+00
-2.641701583783392149e+00
-2.834497073089411234e+00
-2.423629919438905933e+00
-2.018788478208980663e+00
-2.156164467514070981e+00
-3.077638362285976203e+00
-4.714103343558909032e+00
-6.643851579594991286e+00
-8.089609370804220490e+00
-8.283823268761949521e+00
-6.968201754135185944e+00
-4.631438355216427993e+00
-2.308136869173699424e+00
-8.872679652433511643e-01
-5.928136273437266679e-01
-1.113483806788702069e+00
-1.840705141252843235e+00
-1.958079622820609877e+00
-7.211012274374253295e-01
1.861710981116063701e+00
3.818093492749091489e+00
1.545870220091036362e+00
-4.922324948294594549e+00
-1.023693550910401662e+01
-1.089032354402009162e+01
-7.732480776587376425e+00
-2.555108398024696914e+00
3.021471465991642624e+00
7.356523823747884272e+00
9.521848766686789034e+00
9.650614575691095709e+00
8.648126194423847224e+00
7.707498565260315182e+00
7.795793803448014536e+00
9.343898613425178468e+00
1.178734464992466258e+01
1.290326565287839955e+01
9.860571271589769538e+00
2.796514802949068290e+00
-4.321119069405828128e+00
-7.968865259717367699e+00
-8.088040466139542417e+00
-6.212610146250066911e+00
-3.522484437714647587e+00
-9.424473332471976494e-01
5.616565736973129219e-01
4.330660511914534161e-01
-1.105735418317922436e+00
-3.084194426489940355e+00
-3.698389147313320358e+00
-1.607972376226117328e+00
2.683742178554826996e+00
7.383082930845872305e+00
1.028626385002857191e+01
1.039106751270179529e+01
8.170392699926001256e+00
4.500333405794717301e+00
6.891294319951077885e-01
-1.859564795171969820e+00
-2.749251383935462645e+00
-2.155297315709015837e+00
-2.865411914839217089e-01
1.928976479637034780e+00
3.127212969930728725e+00
2.540512398388262927e+00
-6.647512230913091291e-02
-4.126387408524367473e+00
-7.799286612181049350e+00
-9.006975098760596765e+00
-6.383467425335035195e+00
-3.255788991745345862e-01
5.757263037667549987e+00
8.361351985555897315e+00
6.899638384015157833e+00
3.124282238407639412e+00
-4.710011390743857884e-01
-2.528488426491889651e+00
-2.904552082016528480e+00
-1.895218920703596321e+00
-1.847092708850295306e-01
1.235878381449742935e+00
1.503223005778018706e+00
2.545093313284117476e-01
-2.321908147173818993e+00
-5.511304173183294353e+00
-8.241152470961900178e+00
-9.720326365230318899e+00
-9.565897599610739377e+00
-7.510260246979335363e+00
-4.151034800212937803e+00
-1.121821948968327209e+00
3.368607509220000185e-01
6.180298838095723418e-02
-1.089253225398932434e+00
-1.984896507259900078e+00
-2.074758697036647170e+00
-9.983391729045577589e-01
1.418765145241912107e+00
4.573361289139630692e+00
6.834567714457429055e+00
5.406999245516566965e+00
-1.516373765172398302e+00
-1.016932377947779464e+01
-1.435231669969382295e+01
-1.289213275242393486e+01
-8.718479130202364757e+00
-4.615185195404535534e+00
-1.679397807898215689e+00
5.060410177044091795e-02
1.207123663331463259e+00
2.699417354883479003e+00
4.917645836186363084e+00
7.881285100241048447e+00
1.133713849539441476e+01
1.416618338612754435e+01
1.411945753909948209e+01
9.064636856266735876e+00
8.506189180364771563e-01
-4.966015244795676686e+00
-6.058291499440636052e+00
-4.231554887224175054e+00
-1.739305717758560021e+00
1.865183748087048399e-01
1.135214350856613708e+00
9.414306907775478184e-01
-3.283185497383700469e-01
-2.094660882731962825e+00
-3.481107480583942149e+00
-3.727287712306414313e+00
-2.566302667350949474e+00
-3.723633003575845812e-01
2.066954743616863155e+00
3.750999029942724494e+00
3.960776233305867144e+00
2.804516121192386358e+00
9.897690613590904851e-01
-6.206505105942428102e-01
-1.426118626911848875e+00
-1.278477673651878366e+00
-1.284967872403992017e-01
2.003263316049256559e+00
4.491116846737194912e+00
